step,probe_index,log_prob,perplexity,target_rank
0,0,-10.11866283416748,29.162616729736328,93.0
0,1,-9.48617935180664,10.7139310836792,6.0
0,2,-18.743471145629883,11751.494140625,2053.0
0,3,-16.444623947143555,15.498923301696777,74.0
0,4,-12.152938842773438,435.48895263671875,52.0
0,5,-13.703180313110352,96.32487487792969,28.0
0,6,-7.172886848449707,36.105438232421875,21.0
0,7,-16.1080265045166,56.09275436401367,479.0
0,8,-20.107837677001953,55.78847885131836,573.0
0,9,-12.463187217712402,508.5653076171875,265.0
0,10,-14.28685474395752,117.01297760009766,104.0
0,11,-7.427624225616455,11.892104148864746,5.0
0,12,-17.360366821289062,325.96466064453125,464.0
0,13,-14.61296272277832,1489.9254150390625,152.0
0,14,-21.270648956298828,203.90664672851562,100.0
0,15,-19.13561248779297,45.93018341064453,82.0
0,16,-22.334623336791992,266.0424499511719,448.0
0,17,-17.114574432373047,300.32293701171875,249.0
0,18,-18.878103256225586,12569.7900390625,757.0
2,0,-10.124908447265625,29.223392486572266,93.0
2,1,-9.506189346313477,10.767661094665527,6.0
2,2,-18.779537200927734,11965.330078125,2173.0
2,3,-16.44381332397461,15.496832847595215,73.0
2,4,-12.135648727416992,431.7403564453125,53.0
2,5,-13.69180679321289,95.96041107177734,27.0
2,6,-7.159066677093506,35.85680389404297,21.0
2,7,-16.13624382019043,56.48984909057617,479.0
2,8,-20.006134033203125,54.6651725769043,564.0
2,9,-12.4520263671875,505.73516845703125,263.0
2,10,-14.259279251098633,115.94236755371094,100.0
2,11,-7.381466388702393,11.71053409576416,5.0
2,12,-17.281557083129883,317.5130920410156,454.0
2,13,-14.581634521484375,1466.7689208984375,155.0
2,14,-21.24472427368164,202.58935546875,100.0
2,15,-19.12416648864746,45.825164794921875,82.0
2,16,-22.33278465270996,265.920166015625,448.0
2,17,-17.089191436767578,297.7926025390625,231.0
2,18,-18.835853576660156,12307.041015625,729.0
4,0,-10.02425479888916,28.25917625427246,88.0
4,1,-9.536080360412598,10.848426818847656,6.0
4,2,-18.58826446533203,10874.025390625,2174.0
4,3,-16.375513076782227,15.321423530578613,73.0
4,4,-12.028362274169922,409.1906433105469,51.0
4,5,-13.800163269042969,99.48971557617188,27.0
4,6,-7.152256488800049,35.73491287231445,21.0
4,7,-16.156147003173828,56.771629333496094,499.0
4,8,-19.776084899902344,52.20701599121094,532.0
4,9,-12.267669677734375,461.201416015625,246.0
4,10,-14.27618408203125,116.59752655029297,97.0
4,11,-7.3086090087890625,11.429560661315918,5.0
4,12,-17.203205108642578,309.3278503417969,466.0
4,13,-14.372945785522461,1321.4342041015625,147.0
4,14,-20.916568756103516,186.6326446533203,102.0
4,15,-18.546350479125977,40.82399368286133,80.0
4,16,-22.149965286254883,254.03990173339844,436.0
4,17,-17.032367706298828,292.205078125,229.0
4,18,-18.721534729003906,11623.3046875,701.0
6,0,-9.855419158935547,26.712718963623047,75.0
6,1,-9.824512481689453,11.659579277038574,6.0
6,2,-18.28767204284668,9356.5888671875,2187.0
6,3,-16.232074737548828,14.959489822387695,71.0
6,4,-11.690052032470703,345.51153564453125,45.0
6,5,-13.92829704284668,103.83110809326172,25.0
6,6,-7.140707969665527,35.52916717529297,22.0
6,7,-16.26641845703125,58.35847854614258,535.0
6,8,-19.453947067260742,48.949520111083984,484.0
6,9,-12.042755126953125,412.14593505859375,228.0
6,10,-14.300253868103027,117.53678894042969,91.0
6,11,-7.201236724853516,11.027722358703613,5.0
6,12,-17.061485290527344,295.0550537109375,509.0
6,13,-13.829435348510742,1006.9866943359375,122.0
6,14,-20.258434295654297,158.31845092773438,100.0
6,15,-17.57815933227539,33.637176513671875,70.0
6,16,-21.75777816772461,230.31422424316406,398.0
6,17,-16.92864990234375,282.27545166015625,221.0
6,18,-18.38717269897461,9833.85546875,555.0
8,0,-9.677740097045898,25.176557540893555,70.0
8,1,-10.193073272705078,12.784945487976074,5.0
8,2,-17.875394821166992,7613.64599609375,2098.0
8,3,-16.14813995361328,14.751675605773926,69.0
8,4,-11.250062942504883,277.281005859375,37.0
8,5,-14.281536102294922,116.80570983886719,35.0
8,6,-7.139257431030273,35.50341033935547,23.0
8,7,-16.542495727539062,62.528594970703125,615.0
8,8,-19.262371063232422,47.10947799682617,459.0
8,9,-11.894317626953125,382.6645812988281,226.0
8,10,-14.395896911621094,121.34432220458984,80.0
8,11,-7.005632400512695,10.331637382507324,5.0
8,12,-16.978376388549805,286.99322509765625,518.0
8,13,-13.49260425567627,850.9064331054688,114.0
8,14,-19.173442840576172,120.70635223388672,91.0
8,15,-16.483592987060547,27.02381706237793,62.0
8,16,-20.983030319213867,189.759521484375,336.0
8,17,-16.613208770751953,254.1021728515625,209.0
8,18,-17.670961380004883,6873.857421875,353.0
10,0,-9.840140342712402,26.57701301574707,79.0
10,1,-10.314899444580078,13.180320739746094,6.0
10,2,-17.79907989501953,7328.60107421875,1883.0
10,3,-16.271438598632812,15.057954788208008,65.0
10,4,-11.11811637878418,259.5782470703125,43.0
10,5,-14.288043022155762,117.0593490600586,37.0
10,6,-7.261080741882324,37.73320388793945,24.0
10,7,-16.76766586303711,66.1494369506836,651.0
10,8,-19.413978576660156,48.55978775024414,505.0
10,9,-11.593421936035156,329.2149658203125,214.0
10,10,-14.115344047546387,110.51097869873047,66.0
10,11,-6.872450351715088,9.883007049560547,5.0
10,12,-16.702655792236328,261.79248046875,492.0
10,13,-13.49774169921875,853.094970703125,113.0
10,14,-17.699296951293945,83.49813079833984,80.0
10,15,-15.673515319824219,22.981813430786133,54.0
10,16,-20.16803741455078,154.78070068359375,271.0
10,17,-16.55856704711914,249.5157928466797,231.0
10,18,-17.53345489501953,6417.13720703125,325.0
12,0,-10.204777717590332,30.011856079101562,93.0
12,1,-11.250062942504883,16.651756286621094,6.0
12,2,-17.51878547668457,6370.2421875,1977.0
12,3,-16.322717666625977,15.187200546264648,54.0
12,4,-10.628210067749023,203.18260192871094,34.0
12,5,-14.394641876220703,121.29358673095703,29.0
12,6,-7.270963668823242,37.92012023925781,26.0
12,7,-16.384628295898438,60.10885238647461,557.0
12,8,-18.867843627929688,43.53514862060547,362.0
12,9,-11.2720947265625,280.3523864746094,172.0
12,10,-14.06743049621582,108.760009765625,68.0
12,11,-7.297295093536377,11.386536598205566,5.0
12,12,-16.50017738342285,244.70640563964844,461.0
12,13,-13.133740425109863,711.140625,102.0
12,14,-16.258358001708984,58.24099349975586,82.0
12,15,-14.234874725341797,17.235563278198242,48.0
12,16,-19.36726951599121,126.69940948486328,257.0
12,17,-16.640262603759766,256.4040222167969,239.0
12,18,-16.9761962890625,4856.62109375,325.0
14,0,-10.088695526123047,28.872760772705078,89.0
14,1,-11.571939468383789,18.04709815979004,6.0
14,2,-17.431324005126953,6097.669921875,2040.0
14,3,-16.413209915161133,15.417988777160645,56.0
14,4,-10.679689407348633,208.48033142089844,43.0
14,5,-14.623736381530762,130.9190216064453,28.0
14,6,-7.357869625091553,39.60418701171875,26.0
14,7,-15.790441513061523,51.81140899658203,536.0
14,8,-18.502904891967773,40.4708137512207,341.0
14,9,-11.323719024658203,287.68310546875,158.0
14,10,-14.303234100341797,117.65357971191406,80.0
14,11,-7.855912208557129,13.717020034790039,4.0
14,12,-16.643508911132812,256.68157958984375,456.0
14,13,-12.851505279541016,617.54541015625,88.0
14,14,-15.597637176513672,49.37327575683594,61.0
14,15,-13.228668212890625,14.093779563903809,43.0
14,16,-18.533342361450195,102.85658264160156,246.0
14,17,-16.82793617248535,272.9564208984375,215.0
14,18,-17.146522521972656,5288.3486328125,369.0
16,0,-9.361329078674316,22.656415939331055,83.0
16,1,-10.733317375183105,14.633733749389648,7.0
16,2,-17.955699920654297,7925.57373046875,2111.0
16,3,-16.220924377441406,14.931714057922363,62.0
16,4,-10.838129043579102,225.6679229736328,42.0
16,5,-14.55909538269043,128.12823486328125,32.0
16,6,-7.629060745239258,45.35544967651367,30.0
16,7,-15.728050231933594,51.0095329284668,683.0
16,8,-18.270597457885742,38.633487701416016,348.0
16,9,-11.022956848144531,247.51678466796875,135.0
16,10,-14.233109474182129,114.93537139892578,69.0
16,11,-7.820532321929932,13.55620288848877,5.0
16,12,-16.705551147460938,262.0452575683594,454.0
16,13,-13.044139862060547,679.9844360351562,97.0
16,14,-15.199938774108887,44.700496673583984,43.0
16,15,-12.640790939331055,12.53040599822998,41.0
16,16,-17.898914337158203,87.7707748413086,205.0
16,17,-17.15808868408203,304.7106628417969,215.0
16,18,-16.844276428222656,4546.61474609375,351.0
18,0,-8.946695327758789,19.7318058013916,79.0
18,1,-10.029459953308105,12.272549629211426,7.0
18,2,-18.065418243408203,8372.5107421875,1902.0
18,3,-16.03090476989746,14.466238975524902,67.0
18,4,-10.60435962677002,200.77398681640625,30.0
18,5,-14.358396530151367,119.83698272705078,35.0
18,6,-7.879489898681641,51.405487060546875,33.0
18,7,-15.900372505187988,53.25507354736328,808.0
18,8,-18.189119338989258,38.009033203125,398.0
18,9,-10.662105560302734,206.65542602539062,117.0
18,10,-13.852173805236816,101.2295913696289,55.0
18,11,-7.6241559982299805,12.697249412536621,4.0
18,12,-16.617563247680664,254.47125244140625,474.0
18,13,-13.32960319519043,784.307861328125,99.0
18,14,-14.786426544189453,40.31028366088867,35.0
18,15,-12.214225769042969,11.505730628967285,37.0
18,16,-17.459138870239258,78.6324691772461,163.0
18,17,-17.121097564697266,300.97662353515625,226.0
18,18,-16.474576950073242,3779.279052734375,316.0
20,0,-8.727180480957031,18.339555740356445,70.0
20,1,-9.871654510498047,11.797806739807129,7.0
20,2,-17.554590225219727,6485.31103515625,1550.0
20,3,-15.910905838012695,14.179788589477539,67.0
20,4,-10.401764869689941,181.43228149414062,25.0
20,5,-14.076791763305664,109.09990692138672,36.0
20,6,-7.80374813079834,49.4951171875,35.0
20,7,-15.995255470275879,54.533424377441406,749.0
20,8,-17.779300689697266,35.017921447753906,326.0
20,9,-10.447803497314453,185.65716552734375,111.0
20,10,-13.441932678222656,88.29153442382812,49.0
20,11,-7.405148506164551,11.803343772888184,4.0
20,12,-16.49941635131836,244.64434814453125,486.0
20,13,-13.584729194641113,891.0180053710938,102.0
20,14,-14.583559036254883,38.31684875488281,39.0
20,15,-11.637706756591797,10.252702713012695,34.0
20,16,-17.269332885742188,74.9883804321289,147.0
20,17,-16.73542022705078,264.66729736328125,220.0
20,18,-16.03058433532715,3026.8935546875,307.0
22,0,-8.497990608215332,16.99065589904785,59.0
22,1,-9.769918441772461,11.501524925231934,6.0
22,2,-17.097394943237305,5160.02880859375,1278.0
22,3,-15.792559623718262,13.902840614318848,68.0
22,4,-10.207952499389648,164.67539978027344,25.0
22,5,-13.810276985168457,99.82568359375,33.0
22,6,-7.741031646728516,47.96712112426758,35.0
22,7,-15.971717834472656,54.21347427368164,700.0
22,8,-17.661060333251953,34.19953155517578,310.0
22,9,-10.268688201904297,169.75294494628906,111.0
22,10,-13.080022811889648,78.25774383544922,45.0
22,11,-7.524399280548096,12.281980514526367,5.0
22,12,-16.382431030273438,235.2879638671875,489.0
22,13,-13.782922744750977,983.838134765625,97.0
22,14,-14.513011932373047,37.64698791503906,43.0
22,15,-11.214113235473633,9.419882774353027,30.0
22,16,-17.43577766418457,78.17457580566406,153.0
22,17,-16.621780395507812,254.82923889160156,213.0
22,18,-15.97907829284668,2949.937255859375,303.0
24,0,-8.198980331420898,15.378853797912598,57.0
24,1,-9.471281051635742,10.674100875854492,6.0
24,2,-16.89727783203125,4668.7138671875,1212.0
24,3,-15.99785041809082,14.386761665344238,69.0
24,4,-10.685182571411133,209.05372619628906,31.0
24,5,-13.902566909790039,102.94441223144531,27.0
24,6,-7.715687274932861,47.36310958862305,36.0
24,7,-15.504598617553711,48.238121032714844,734.0
24,8,-17.50811195373535,33.16922378540039,350.0
24,9,-10.212732315063477,165.06942749023438,112.0
24,10,-13.17268180847168,80.71253967285156,46.0
24,11,-8.120408058166504,14.981297492980957,5.0
24,12,-16.461881637573242,241.60247802734375,480.0
24,13,-13.873442649841309,1029.3896484375,96.0
24,14,-14.53239631652832,37.829872131347656,46.0
24,15,-10.775708198547363,8.629112243652344,28.0
24,16,-17.82999610900879,86.27147674560547,163.0
24,17,-16.82024383544922,272.2574462890625,206.0
24,18,-16.375526428222656,3596.66845703125,291.0
26,0,-8.272644996643066,15.761154174804688,59.0
26,1,-9.176636695861816,9.916094779968262,6.0
26,2,-16.724281311035156,4281.85107421875,1143.0
26,3,-16.194791793823242,14.8668212890625,63.0
26,4,-10.959651947021484,239.80496215820312,36.0
26,5,-14.069618225097656,108.8393325805664,27.0
26,6,-7.783434867858887,48.99496078491211,37.0
26,7,-15.183905601501465,44.52168273925781,743.0
26,8,-17.646278381347656,34.098575592041016,437.0
26,9,-10.037003517150879,151.1846160888672,107.0
26,10,-13.092575073242188,78.5858383178711,48.0
26,11,-8.473445892333984,16.85221290588379,6.0
26,12,-16.501449584960938,244.81016540527344,481.0
26,13,-14.056985855102539,1128.328857421875,99.0
26,14,-14.58576488494873,38.33798599243164,44.0
26,15,-10.346475601196289,7.919239521026611,22.0
26,16,-18.117582321166992,92.7025146484375,175.0
26,17,-16.79103660583496,269.6195983886719,200.0
26,18,-16.675642013549805,4178.9736328125,291.0
28,0,-8.638291358947754,17.80413246154785,63.0
28,1,-8.892131805419922,9.235299110412598,6.0
28,2,-16.283123016357422,3434.2763671875,793.0
28,3,-16.00381088256836,14.401061058044434,65.0
28,4,-10.431419372558594,184.14247131347656,26.0
28,5,-13.774465560913086,98.64112854003906,28.0
28,6,-8.064620971679688,56.391048431396484,39.0
28,7,-15.313924789428711,45.99263381958008,726.0
28,8,-17.08327865600586,30.46735382080078,405.0
28,9,-9.717883110046387,128.88771057128906,108.0
28,10,-12.686159133911133,68.62931060791016,46.0
28,11,-8.161866188049316,15.18976879119873,6.0
28,12,-16.523513793945312,246.61732482910156,480.0
28,13,-13.927457809448242,1057.5697021484375,100.0
28,14,-14.706321716308594,39.511051177978516,42.0
28,15,-9.565129280090332,6.77355432510376,20.0
28,16,-17.973352432250977,89.41943359375,158.0
28,17,-16.662824630737305,258.339599609375,207.0
28,18,-16.19545555114746,3286.990966796875,302.0
30,0,-8.998636245727539,20.07640838623047,70.0
30,1,-8.571833610534668,8.524620056152344,6.0
30,2,-15.995048522949219,2973.5869140625,634.0
30,3,-15.902149200439453,14.159109115600586,67.0
30,4,-10.093793869018555,155.53907775878906,20.0
30,5,-13.57754135131836,92.37413024902344,28.0
30,6,-8.291296005249023,63.15853500366211,41.0
30,7,-15.389506340026855,46.86994552612305,730.0
30,8,-16.81251335144043,28.861328125,416.0
30,9,-9.489916801452637,115.0030288696289,106.0
30,10,-12.214761734008789,58.64997100830078,42.0
30,11,-7.690757751464844,12.982288360595703,5.0
30,12,-16.524288177490234,246.68106079101562,490.0
30,13,-13.963375091552734,1076.73388671875,104.0
30,14,-14.777605056762695,40.22148132324219,43.0
30,15,-9.075570106506348,6.141777038574219,16.0
30,16,-17.887178421020508,87.51363372802734,153.0
30,17,-16.642366409301758,256.58380126953125,221.0
30,18,-15.72033977508545,2591.960693359375,318.0
32,0,-8.741477012634277,18.427162170410156,69.0
32,1,-8.510866165161133,8.395673751831055,6.0
32,2,-15.595239639282227,2434.7998046875,554.0
32,3,-15.885544776916504,14.119979858398438,68.0
32,4,-10.24471378326416,167.730224609375,25.0
32,5,-13.489620208740234,89.70621490478516,30.0
32,6,-8.232197761535645,61.319557189941406,40.0
32,7,-15.106348991394043,43.66676330566406,736.0
32,8,-16.737350463867188,28.430713653564453,445.0
32,9,-9.207618713378906,99.86400604248047,106.0
32,10,-12.072904586791992,55.94122314453125,41.0
32,11,-7.143099784851074,10.816072463989258,5.0
32,12,-16.4605712890625,241.49697875976562,458.0
32,13,-14.10420036315918,1155.282470703125,109.0
32,14,-14.284507751464844,35.556640625,42.0
32,15,-8.954731941223145,5.995123386383057,13.0
32,16,-17.814664840698242,85.94145202636719,148.0
32,17,-16.765350341796875,267.3209228515625,226.0
32,18,-15.953953742980957,2913.111328125,316.0
34,0,-8.35997200012207,16.226688385009766,60.0
34,1,-8.61888313293457,8.625481605529785,6.0
34,2,-15.46876335144043,2285.594970703125,564.0
34,3,-15.562474250793457,13.379794120788574,62.0
34,4,-10.440560340881348,184.9860076904297,29.0
34,5,-13.363941192626953,86.0257797241211,28.0
34,6,-8.174126625061035,59.5647087097168,39.0
34,7,-15.141091346740723,44.04768371582031,781.0
34,8,-16.58687973022461,27.587862014770508,459.0
34,9,-9.078995704650879,93.64376831054688,107.0
34,10,-11.941210746765137,53.538639068603516,39.0
34,11,-6.929815292358398,10.07380485534668,5.0
34,12,-16.42975616455078,239.0291290283203,444.0
34,13,-14.055017471313477,1127.2188720703125,103.0
34,14,-14.152936935424805,34.40611267089844,42.0
34,15,-8.866278648376465,5.889998912811279,12.0
34,16,-17.859277725219727,86.90532684326172,141.0
34,17,-16.872817993164062,277.07073974609375,226.0
34,18,-16.05105972290039,3058.041259765625,313.0
36,0,-8.225868225097656,15.517306327819824,60.0
36,1,-8.423542976379395,8.214375495910645,6.0
36,2,-15.778885841369629,2668.956787109375,723.0
36,3,-15.28569221496582,12.776599884033203,64.0
36,4,-10.146760940551758,159.71331787109375,24.0
36,5,-13.324308395385742,84.89678955078125,29.0
36,6,-8.081878662109375,56.87974548339844,38.0
36,7,-15.453411102294922,47.624759674072266,757.0
36,8,-16.246793746948242,25.7738037109375,374.0
36,9,-9.071788787841797,93.30693054199219,102.0
36,10,-11.9050931930542,52.897945404052734,35.0
36,11,-7.264218330383301,11.261682510375977,7.0
36,12,-16.538022994995117,247.81298828125,440.0
36,13,-13.811471939086914,997.982666015625,83.0
36,14,-14.277388572692871,35.493412017822266,44.0
36,15,-8.303327560424805,5.26281213760376,11.0
36,16,-18.10544204711914,92.42157745361328,157.0
36,17,-16.911128997802734,280.63165283203125,227.0
36,18,-15.736715316772461,2613.270263671875,327.0
38,0,-8.234827995300293,15.563721656799316,61.0
38,1,-8.44150161743164,8.251338005065918,6.0
38,2,-15.825136184692383,2731.39599609375,789.0
38,3,-15.199790954589844,12.594982147216797,62.0
38,4,-9.937634468078613,143.8566436767578,23.0
38,5,-13.315620422363281,84.65126037597656,29.0
38,6,-8.048236846923828,55.93098068237305,37.0
38,7,-15.532318115234375,48.57356643676758,721.0
38,8,-16.066423416137695,24.860612869262695,333.0
38,9,-9.032120704650879,91.4745101928711,101.0
38,10,-11.887706756591797,52.592262268066406,34.0
38,11,-7.652026176452637,12.815757751464844,7.0
38,12,-16.64019012451172,256.39776611328125,440.0
38,13,-13.744487762451172,965.1117553710938,79.0
38,14,-14.311994552612305,35.801815032958984,43.0
38,15,-8.064128875732422,5.016968250274658,9.0
38,16,-18.27197265625,96.35055541992188,161.0
38,17,-16.903339385986328,279.9039611816406,229.0
38,18,-15.579740524291992,2416.004150390625,318.0
40,0,-8.497629165649414,16.988611221313477,65.0
40,1,-8.540361404418945,8.45781135559082,6.0
40,2,-15.067107200622559,1869.738037109375,636.0
40,3,-15.5059175491333,13.254268646240234,55.0
40,4,-10.495885848999023,190.17466735839844,29.0
40,5,-13.276379585266113,83.55122375488281,30.0
40,6,-8.134472846984863,58.39535903930664,40.0
40,7,-15.161430358886719,44.2722282409668,665.0
40,8,-16.313884735107422,26.121973037719727,356.0
40,9,-8.775877952575684,80.4743881225586,102.0
40,10,-12.011266708374023,54.80358123779297,32.0
40,11,-7.728294849395752,13.145746231079102,7.0
40,12,-16.402008056640625,236.8284912109375,430.0
40,13,-14.077788352966309,1140.1260986328125,112.0
40,14,-13.594450950622559,29.922561645507812,36.0
40,15,-8.551654815673828,5.530791282653809,10.0
40,16,-18.134830474853516,93.10311126708984,145.0
40,17,-16.816476821899414,271.91571044921875,225.0
40,18,-15.62484359741211,2471.107666015625,282.0
42,0,-8.563474655151367,17.365604400634766,66.0
42,1,-8.488628387451172,8.349127769470215,5.0
42,2,-14.856937408447266,1683.22802734375,556.0
42,3,-15.617225646972656,13.502447128295898,55.0
42,4,-10.666593551635742,207.11968994140625,29.0
42,5,-13.350879669189453,85.65203857421875,32.0
42,6,-8.23785400390625,61.49322509765625,45.0
42,7,-15.10258674621582,43.62571334838867,680.0
42,8,-16.16779899597168,25.369810104370117,419.0
42,9,-8.62855052947998,74.7594223022461,100.0
42,10,-11.910177230834961,52.987667083740234,32.0
42,11,-7.724153518676758,13.12761116027832,6.0
42,12,-16.493398666381836,244.154052734375,418.0
42,13,-14.199129104614258,1211.439453125,123.0
42,14,-13.32291030883789,27.95867919921875,38.0
42,15,-8.5377197265625,5.515398979187012,10.0
42,16,-17.882780075073242,87.4174575805664,133.0
42,17,-16.99046516418457,288.152099609375,219.0
42,18,-15.791788101196289,2686.230224609375,257.0
44,0,-8.719635963439941,18.293493270874023,73.0
44,1,-7.827064514160156,7.076406002044678,5.0
44,2,-15.448119163513184,2262.124267578125,599.0
44,3,-15.582206726074219,13.423869132995605,68.0
44,4,-10.155426025390625,160.4067840576172,22.0
44,5,-13.534004211425781,91.04327392578125,34.0
44,6,-8.545273780822754,71.71047973632812,46.0
44,7,-15.589887619018555,49.2777099609375,794.0
44,8,-15.148014068603516,20.689014434814453,351.0
44,9,-8.277442932128906,62.72257995605469,89.0
44,10,-11.634231567382812,48.331199645996094,34.0
44,11,-7.6514363288879395,12.813236236572266,7.0
44,12,-17.1387996673584,302.7577819824219,453.0
44,13,-14.41905689239502,1352.2545166015625,118.0
44,14,-13.41807746887207,28.6318416595459,39.0
44,15,-7.705085277557373,4.669336795806885,6.0
44,16,-17.80648422241211,85.76586151123047,132.0
44,17,-17.216808319091797,310.73358154296875,209.0
44,18,-15.475595474243164,2293.416015625,243.0
46,0,-8.611730575561523,17.64719581604004,70.0
46,1,-7.747060775756836,6.936277389526367,4.0
46,2,-15.826605796813965,2733.40380859375,714.0
46,3,-15.200889587402344,12.597289085388184,65.0
46,4,-9.767404556274414,132.11891174316406,20.0
46,5,-13.456413269042969,88.71875,36.0
46,6,-8.390914916992188,66.38409423828125,43.0
46,7,-15.588577270507812,49.261573791503906,754.0
46,8,-15.223442077636719,21.00348663330078,353.0
46,9,-8.258733749389648,62.13856506347656,87.0
46,10,-11.479118347167969,45.89576721191406,34.0
46,11,-7.631733417510986,12.729360580444336,8.0
46,12,-17.121074676513672,300.9743347167969,440.0
46,13,-13.917686462402344,1052.4154052734375,99.0
46,14,-13.577251434326172,29.794174194335938,38.0
46,15,-7.309185028076172,4.313877105712891,5.0
46,16,-18.286523818969727,96.70169830322266,153.0
46,17,-17.313880920410156,320.9526672363281,216.0
46,18,-15.257257461547852,2056.228515625,242.0
48,0,-8.540477752685547,17.232994079589844,69.0
48,1,-7.935016632080078,7.269984722137451,5.0
48,2,-16.183853149414062,3267.9775390625,900.0
48,3,-15.545552253723145,13.342113494873047,67.0
48,4,-9.696720123291016,127.53107452392578,20.0
48,5,-13.37269401550293,86.27716064453125,32.0
48,6,-8.349562644958496,65.0256118774414,42.0
48,7,-15.500316619873047,48.1865119934082,708.0
48,8,-15.419543266296387,21.84361457824707,372.0
48,9,-8.16830062866211,59.391448974609375,84.0
48,10,-11.533754348754883,46.7392692565918,32.0
48,11,-7.902688503265381,13.932572364807129,7.0
48,12,-17.001052856445312,289.1707763671875,426.0
48,13,-13.768396377563477,976.7182006835938,89.0
48,14,-13.588099479675293,29.875085830688477,35.0
48,15,-7.28972053527832,4.297116279602051,5.0
48,16,-18.507516860961914,102.19464111328125,162.0
48,17,-17.524974822998047,344.349853515625,227.0
48,18,-15.50888442993164,2331.908447265625,261.0
50,0,-8.56979751586914,17.40224266052246,75.0
50,1,-7.912389278411865,7.228975772857666,6.0
50,2,-16.352455139160156,3555.416748046875,1021.0
50,3,-15.836600303649902,14.005266189575195,65.0
50,4,-9.7312650680542,129.7529754638672,20.0
50,5,-13.296026229858398,84.10018157958984,29.0
50,6,-8.292607307434082,63.19995880126953,41.0
50,7,-15.471292495727539,47.838134765625,685.0
50,8,-15.537572860717773,22.365388870239258,417.0
50,9,-8.134092330932617,58.384254455566406,81.0
50,10,-11.49561882019043,46.14889144897461,32.0
50,11,-8.177040100097656,15.266793251037598,7.0
50,12,-17.20054054260254,309.05316162109375,428.0
50,13,-13.808313369750977,996.4078369140625,93.0
50,14,-13.602811813354492,29.985170364379883,35.0
50,15,-7.240694999694824,4.25518798828125,5.0
50,16,-18.522212982177734,102.57080078125,165.0
50,17,-17.565673828125,349.05328369140625,235.0
50,18,-15.68388557434082,2545.14453125,264.0
52,0,-8.525392532348633,17.146560668945312,73.0
52,1,-7.763393402099609,6.964657306671143,5.0
52,2,-16.36212921142578,3572.65625,868.0
52,3,-15.801111221313477,13.922670364379883,65.0
52,4,-9.558326721191406,119.00474548339844,19.0
52,5,-13.290308952331543,83.94004821777344,29.0
52,6,-8.312088012695312,63.81855392456055,42.0
52,7,-15.500650405883789,48.19053649902344,718.0
52,8,-15.232335090637207,21.040876388549805,387.0
52,9,-8.017991065979004,55.09150314331055,76.0
52,10,-11.383054733276367,44.44940185546875,30.0
52,11,-8.238419532775879,15.582364082336426,7.0
52,12,-17.170398712158203,305.96368408203125,422.0
52,13,-13.902765274047852,1044.593017578125,87.0
52,14,-13.74834156036377,31.09619140625,38.0
52,15,-7.088558197021484,4.127664089202881,5.0
52,16,-18.268205642700195,96.2598648071289,151.0
52,17,-17.606508255004883,353.83685302734375,238.0
52,18,-15.827810287475586,2735.05029296875,262.0
54,0,-8.505918502807617,17.035615921020508,70.0
54,1,-7.717516899108887,6.885234832763672,5.0
54,2,-16.321557998657227,3500.91259765625,764.0
54,3,-15.672740936279297,13.627959251403809,65.0
54,4,-9.437843322753906,112.04737091064453,19.0
54,5,-13.233991622924805,82.37901306152344,31.0
54,6,-8.318739891052246,64.03116607666016,41.0
54,7,-15.390898704528809,46.886260986328125,700.0
54,8,-15.070821762084961,20.372060775756836,422.0
54,9,-7.96286153793335,53.59366226196289,68.0
54,10,-11.315511703491211,43.459835052490234,29.0
54,11,-8.107073783874512,14.9148588180542,7.0
54,12,-17.236526489257812,312.78271484375,429.0
54,13,-13.965994834899902,1078.1451416015625,85.0
54,14,-13.758481979370117,31.175125122070312,40.0
54,15,-6.852572441101074,3.937376022338867,5.0
54,16,-18.040721893310547,90.938232421875,139.0
54,17,-17.46319007873535,337.33062744140625,229.0
54,18,-15.756942749023438,2639.834228515625,262.0
56,0,-8.373562812805176,16.300365447998047,67.0
56,1,-7.743838310241699,6.930691719055176,5.0
56,2,-16.158418655395508,3226.68115234375,683.0
56,3,-15.547134399414062,13.34563159942627,66.0
56,4,-9.511009216308594,116.2222900390625,19.0
56,5,-13.221967697143555,82.04947662353516,29.0
56,6,-8.330487251281738,64.40837097167969,41.0
56,7,-15.485651969909668,48.01017379760742,757.0
56,8,-14.958518981933594,19.91958999633789,416.0
56,9,-7.951225757598877,53.28276062011719,69.0
56,10,-11.324834823608398,43.59511184692383,29.0
56,11,-7.845403671264648,13.669054985046387,7.0
56,12,-17.103984832763672,299.2646484375,415.0
56,13,-14.075201034545898,1138.6522216796875,88.0
56,14,-13.702678680419922,30.743227005004883,40.0
56,15,-6.592243194580078,3.7376184463500977,5.0
56,16,-17.902591705322266,87.85150146484375,130.0
56,17,-17.393951416015625,329.6342468261719,230.0
56,18,-15.71353530883789,2583.1572265625,251.0
58,0,-8.341207504272461,16.12550926208496,67.0
58,1,-7.823465824127197,7.070042133331299,5.0
58,2,-16.0827579498291,3106.89453125,649.0
58,3,-15.475481986999512,13.187204360961914,69.0
58,4,-9.533407211303711,117.53117370605469,19.0
58,5,-13.104066848754883,78.8874740600586,29.0
58,6,-8.389485359191895,66.33666229248047,41.0
58,7,-15.555450439453125,48.85528564453125,746.0
58,8,-14.814651489257812,19.35460090637207,413.0
58,9,-7.835803031921387,50.29479217529297,64.0
58,10,-11.326415061950684,43.61807632446289,30.0
58,11,-7.640254974365234,12.765570640563965,7.0
58,12,-17.104358673095703,299.3018798828125,412.0
58,13,-14.074151992797852,1138.0550537109375,87.0
58,14,-13.689947128295898,30.64552879333496,41.0
58,15,-6.376771926879883,3.579969882965088,4.0
58,16,-17.583728790283203,81.1202163696289,120.0
58,17,-17.380828857421875,328.195556640625,235.0
58,18,-15.634908676147461,2483.574951171875,257.0
60,0,-8.374777793884277,16.306968688964844,67.0
60,1,-7.808847904205322,7.044252395629883,5.0
60,2,-16.018421173095703,3008.54150390625,615.0
60,3,-15.43519401550293,13.098955154418945,67.0
60,4,-9.47081184387207,113.90969848632812,19.0
60,5,-13.118151664733887,79.25872039794922,29.0
60,6,-8.445306777954102,68.21424865722656,42.0
60,7,-15.576786041259766,49.116573333740234,768.0
60,8,-14.81280517578125,19.34745979309082,411.0
60,9,-7.852115631103516,50.706687927246094,71.0
60,10,-11.332273483276367,43.70334243774414,30.0
60,11,-7.555618762969971,12.410460472106934,7.0
60,12,-17.163209915161133,305.2312927246094,426.0
60,13,-14.082152366638184,1142.6165771484375,89.0
60,14,-13.698151588439941,30.708450317382812,41.0
60,15,-6.269523620605469,3.503998279571533,4.0
60,16,-17.569507598876953,80.83232116699219,122.0
60,17,-17.35260009765625,325.1219177246094,230.0
60,18,-15.473299026489258,2290.7841796875,242.0
62,0,-8.414569854736328,16.524703979492188,68.0
62,1,-7.831887722015381,7.084943771362305,5.0
62,2,-16.13357162475586,3186.842529296875,626.0
62,3,-15.544673919677734,13.340160369873047,69.0
62,4,-9.472222328186035,113.99005126953125,19.0
62,5,-13.065062522888184,77.86846160888672,29.0
62,6,-8.404693603515625,66.843017578125,41.0
62,7,-15.626136779785156,49.72631072998047,770.0
62,8,-14.923269271850586,19.77965545654297,415.0
62,9,-7.876424789428711,51.32676696777344,73.0
62,10,-11.343673706054688,43.86972427368164,31.0
62,11,-7.583381652832031,12.52584171295166,7.0
62,12,-17.271329879760742,316.43255615234375,433.0
62,13,-14.126169204711914,1168.04248046875,90.0
62,14,-13.711647987365723,30.812240600585938,39.0
62,15,-6.323908805847168,3.5423192977905273,4.0
62,16,-17.692625045776367,83.35897064208984,124.0
62,17,-17.396316528320312,329.8943176269531,240.0
62,18,-15.490026473999023,2310.024169921875,229.0
64,0,-8.484502792358398,16.914440155029297,68.0
64,1,-7.719311237335205,6.88832426071167,5.0
64,2,-16.112384796142578,3153.260986328125,627.0
64,3,-15.630697250366211,13.532796859741211,66.0
64,4,-9.546045303344727,118.27621459960938,19.0
64,5,-13.064620971679688,77.85698699951172,27.0
64,6,-8.41852855682373,67.30699920654297,44.0
64,7,-15.643117904663086,49.93785858154297,743.0
64,8,-14.95182991027832,19.892961502075195,398.0
64,9,-7.847479820251465,50.589290618896484,74.0
64,10,-11.297989845275879,43.206748962402344,29.0
64,11,-7.740072727203369,13.197458267211914,7.0
64,12,-17.2637882232666,315.6380615234375,426.0
64,13,-14.226556777954102,1228.1673583984375,95.0
64,14,-13.747486114501953,31.089542388916016,39.0
64,15,-6.228544235229492,3.4753973484039307,4.0
64,16,-17.647266387939453,82.41905212402344,122.0
64,17,-17.45611000061035,336.5353698730469,242.0
64,18,-15.53639030456543,2364.200439453125,230.0
66,0,-8.48493766784668,16.916893005371094,68.0
66,1,-7.672045707702637,6.807408332824707,5.0
66,2,-16.029327392578125,3024.991943359375,612.0
66,3,-15.740518569946289,13.782777786254883,68.0
66,4,-9.504384994506836,115.83798217773438,19.0
66,5,-12.938140869140625,74.64276885986328,26.0
66,6,-8.406720161437988,66.91078186035156,42.0
66,7,-15.683184623718262,50.44058609008789,749.0
66,8,-14.92397689819336,19.782453536987305,404.0
66,9,-7.725704193115234,47.60091781616211,73.0
66,10,-11.191768646240234,41.70368957519531,29.0
66,11,-7.8960089683532715,13.901588439941406,7.0
66,12,-17.16360855102539,305.27191162109375,420.0
66,13,-14.220724105834961,1224.5908203125,93.0
66,14,-13.779130935668945,31.33647346496582,38.0
66,15,-6.200174331665039,3.4557337760925293,4.0
66,16,-17.675682067871094,83.00663757324219,124.0
66,17,-17.387022018432617,328.87371826171875,233.0
66,18,-15.668679237365723,2525.866943359375,236.0
68,0,-8.515012741088867,17.087337493896484,70.0
68,1,-7.635932445526123,6.746224880218506,5.0
68,2,-16.122072219848633,3168.571533203125,624.0
68,3,-15.680206298828125,13.644927024841309,60.0
68,4,-9.444490432739258,112.42037963867188,19.0
68,5,-12.959525108337402,75.1767349243164,29.0
68,6,-8.401453971862793,66.73483276367188,43.0
68,7,-15.705207824707031,50.71907043457031,754.0
68,8,-14.942778587341309,19.856983184814453,405.0
68,9,-7.723804473876953,47.555728912353516,73.0
68,10,-11.187859535217285,41.64937973022461,29.0
68,11,-7.917758464813232,14.002738952636719,7.0
68,12,-17.175045013427734,306.4378967285156,428.0
68,13,-14.22085189819336,1224.6690673828125,90.0
68,14,-13.88302230834961,32.161033630371094,39.0
68,15,-6.120314121246338,3.40097713470459,4.0
68,16,-17.722196578979492,83.97752380371094,119.0
68,17,-17.3787784576416,327.97137451171875,235.0
68,18,-15.712114334106445,2581.322509765625,238.0
70,0,-8.546709060668945,17.268827438354492,71.0
70,1,-7.6456217765808105,6.76258659362793,5.0
70,2,-16.181867599487305,3264.73486328125,630.0
70,3,-15.701157569885254,13.692656517028809,64.0
70,4,-9.425497055053711,111.3578109741211,19.0
70,5,-12.924943923950195,74.31514739990234,28.0
70,6,-8.381133079528809,66.0602035522461,42.0
70,7,-15.777975082397461,51.650184631347656,769.0
70,8,-14.964431762695312,19.943161010742188,399.0
70,9,-7.786614894866943,49.07292556762695,74.0
70,10,-11.121513366699219,40.7384033203125,29.0
70,11,-7.979530334472656,14.294052124023438,7.0
70,12,-17.147003173828125,303.58685302734375,426.0
70,13,-14.237112045288086,1234.666259765625,91.0
70,14,-13.858901977539062,31.96768569946289,38.0
70,15,-6.163154602050781,3.4302425384521484,4.0
70,16,-17.812334060668945,85.89138793945312,124.0
70,17,-17.438465118408203,334.5618896484375,236.0
70,18,-15.768197059631348,2654.730712890625,241.0
72,0,-8.53493595123291,17.201189041137695,69.0
72,1,-7.60191535949707,6.689096927642822,5.0
72,2,-16.083242416381836,3107.6474609375,618.0
72,3,-15.65247631072998,13.582010269165039,62.0
72,4,-9.374979019165039,108.58024597167969,19.0
72,5,-12.941974639892578,74.73821258544922,26.0
72,6,-8.38302230834961,66.12263488769531,42.0
72,7,-15.748964309692383,51.276939392089844,739.0
72,8,-14.800262451171875,19.29898452758789,377.0
72,9,-7.713688373565674,47.3157958984375,70.0
72,10,-11.15783405303955,41.234619140625,29.0
72,11,-7.88995885848999,13.873579978942871,7.0
72,12,-17.23455810546875,312.5775146484375,432.0
72,13,-14.241357803344727,1237.2900390625,93.0
72,14,-13.783906936645508,31.373910903930664,38.0
72,15,-6.095877647399902,3.3843963146209717,4.0
72,16,-17.8558406829834,86.83069610595703,120.0
72,17,-17.449417114257812,335.7854919433594,238.0
72,18,-15.786319732666016,2678.8955078125,238.0
74,0,-8.55088996887207,17.29291343688965,71.0
74,1,-7.583222389221191,6.657909870147705,5.0
74,2,-16.09673309326172,3128.680419921875,625.0
74,3,-15.58551025390625,13.431262016296387,61.0
74,4,-9.388689041137695,109.3271255493164,19.0
74,5,-12.984292984008789,75.79996490478516,29.0
74,6,-8.367752075195312,65.61970520019531,42.0
74,7,-15.72204875946045,50.93305969238281,733.0
74,8,-14.858406066894531,19.524715423583984,396.0
74,9,-7.818124771118164,49.85218811035156,78.0
74,10,-11.120277404785156,40.721622467041016,28.0
74,11,-7.887507915496826,13.862249374389648,7.0
74,12,-17.30846405029297,320.3736267089844,428.0
74,13,-14.17237663269043,1195.3427734375,90.0
74,14,-13.814751625061035,31.616775512695312,38.0
74,15,-6.037843704223633,3.345341444015503,4.0
74,16,-17.81633949279785,85.9774398803711,119.0
74,17,-17.428937911987305,333.5010681152344,238.0
74,18,-15.76539421081543,2651.012939453125,235.0
76,0,-8.558123588562012,17.334659576416016,71.0
76,1,-7.610535621643066,6.703527927398682,5.0
76,2,-16.059101104736328,3070.361328125,621.0
76,3,-15.585182189941406,13.43052864074707,60.0
76,4,-9.380694389343262,108.89098358154297,19.0
76,5,-12.902847290039062,73.769775390625,27.0
76,6,-8.401412010192871,66.73342895507812,41.0
76,7,-15.69894027709961,50.6396598815918,724.0
76,8,-14.781810760498047,19.22789764404297,374.0
76,9,-7.768189430236816,48.62290573120117,73.0
76,10,-11.132234573364258,40.88425064086914,28.0
76,11,-7.859321594238281,13.732617378234863,7.0
76,12,-17.150339126586914,303.92462158203125,417.0
76,13,-14.180042266845703,1199.93310546875,87.0
76,14,-13.878229141235352,32.122520446777344,39.0
76,15,-6.055665016174316,3.357286214828491,4.0
76,16,-17.746877670288086,84.49728393554688,119.0
76,17,-17.470003128051758,338.09747314453125,239.0
76,18,-15.809619903564453,2710.28759765625,241.0
78,0,-8.531084060668945,17.179119110107422,69.0
78,1,-7.69803524017334,6.85178279876709,5.0
78,2,-15.920467376708984,2864.7421875,584.0
78,3,-15.472441673278809,13.180525779724121,60.0
78,4,-9.429800033569336,111.59765625,19.0
78,5,-12.952693939208984,75.00572204589844,28.0
78,6,-8.374269485473633,65.83389282226562,40.0
78,7,-15.688770294189453,50.51107406616211,733.0
78,8,-14.775289535522461,19.20283317565918,394.0
78,9,-7.757169246673584,48.3557243347168,72.0
78,10,-11.074454307556152,40.10434341430664,28.0
78,11,-7.83915376663208,13.640606880187988,7.0
78,12,-17.09174919128418,298.046630859375,420.0
78,13,-14.18834114074707,1204.922607421875,92.0
78,14,-13.913813591003418,32.4095573425293,38.0
78,15,-6.067400932312012,3.36517596244812,4.0
78,16,-17.709850311279297,83.71871948242188,118.0
78,17,-17.356754302978516,325.5724182128906,236.0
78,18,-15.766630172729492,2652.651611328125,232.0
80,0,-8.494155883789062,16.96895408630371,69.0
80,1,-7.6356000900268555,6.745665073394775,5.0
80,2,-15.889751434326172,2821.08203125,585.0
80,3,-15.572896003723145,13.403053283691406,61.0
80,4,-9.325867652893066,105.94645690917969,19.0
80,5,-12.950926780700684,74.9615707397461,28.0
80,6,-8.415117263793945,67.19229888916016,41.0
80,7,-15.734838485717773,51.09617614746094,739.0
80,8,-14.708386421203613,18.947601318359375,381.0
80,9,-7.786413192749023,49.06797790527344,72.0
80,10,-11.0570068359375,39.87178421020508,28.0
80,11,-7.78538703918457,13.3983154296875,7.0
80,12,-17.16156005859375,305.0635070800781,428.0
80,13,-14.090276718139648,1147.267578125,91.0
80,14,-13.921741485595703,32.473854064941406,38.0
80,15,-5.971317768096924,3.3011257648468018,4.0
80,16,-17.790828704833984,85.43084716796875,121.0
80,17,-17.391399383544922,329.35394287109375,239.0
80,18,-15.768134117126465,2654.647216796875,240.0
82,0,-8.498987197875977,16.996299743652344,68.0
82,1,-7.6391496658325195,6.75165319442749,5.0
82,2,-15.920690536499023,2865.061767578125,587.0
82,3,-15.526918411254883,13.300742149353027,61.0
82,4,-9.273184776306152,103.19210815429688,19.0
82,5,-13.020994186401367,76.73297882080078,28.0
82,6,-8.403246879577637,66.79468536376953,41.0
82,7,-15.706884384155273,50.740333557128906,731.0
82,8,-14.711264610290527,18.95850944519043,380.0
82,9,-7.726910591125488,47.629642486572266,70.0
82,10,-11.031801223754883,39.53819274902344,28.0
82,11,-7.828962802886963,13.594348907470703,7.0
82,12,-17.0532169342041,294.2429504394531,418.0
82,13,-14.187483787536621,1204.4061279296875,90.0
82,14,-13.969852447509766,32.86680221557617,38.0
82,15,-6.051680088043213,3.354611396789551,4.0
82,16,-17.762123107910156,84.8199462890625,120.0
82,17,-17.417152404785156,332.1934509277344,237.0
82,18,-15.680267333984375,2540.54443359375,224.0
84,0,-8.486922264099121,16.928085327148438,68.0
84,1,-7.606892108917236,6.697424411773682,5.0
84,2,-15.954765319824219,2914.293701171875,593.0
84,3,-15.449403762817383,13.130012512207031,62.0
84,4,-9.308058738708496,105.00724792480469,19.0
84,5,-13.00259017944336,76.26366424560547,28.0
84,6,-8.409255027770996,66.99563598632812,41.0
84,7,-15.652236938476562,50.05183410644531,721.0
84,8,-14.702800750732422,18.926443099975586,373.0
84,9,-7.79110860824585,49.18330764770508,74.0
84,10,-11.10743522644043,40.547672271728516,28.0
84,11,-7.790386199951172,13.420660018920898,7.0
84,12,-17.18413543701172,307.3677673339844,419.0
84,13,-14.165204048156738,1191.0635986328125,92.0
84,14,-13.922292709350586,32.47833251953125,38.0
84,15,-5.99212646484375,3.3148927688598633,4.0
84,16,-17.893051147460938,87.64221954345703,124.0
84,17,-17.466154098510742,337.6640930175781,239.0
84,18,-15.679330825805664,2539.35498046875,225.0
86,0,-8.496580123901367,16.982669830322266,68.0
86,1,-7.566214561462402,6.629660606384277,5.0
86,2,-15.865915298461914,2787.65966796875,559.0
86,3,-15.498332977294922,13.237524032592773,60.0
86,4,-9.270453453063965,103.05127716064453,19.0
86,5,-13.051448822021484,77.5158920288086,28.0
86,6,-8.42342758178711,67.4720687866211,41.0
86,7,-15.706588745117188,50.7365837097168,729.0
86,8,-14.687320709228516,18.86794090270996,378.0
86,9,-7.7458930015563965,48.08385467529297,70.0
86,10,-11.09694766998291,40.40616989135742,28.0
86,11,-7.795745372772217,13.444657325744629,7.0
86,12,-17.2177734375,310.8336486816406,419.0
86,13,-14.088774681091309,1146.40625,85.0
86,14,-13.905838012695312,32.345001220703125,38.0
86,15,-6.001229286193848,3.3209333419799805,4.0
86,16,-17.81163215637207,85.87631225585938,118.0
86,17,-17.504047393798828,341.95611572265625,242.0
86,18,-15.718364715576172,2589.40234375,231.0
88,0,-8.503913879394531,17.024234771728516,69.0
88,1,-7.630189418792725,6.736546516418457,5.0
88,2,-15.97762680053711,2947.79736328125,592.0
88,3,-15.500164031982422,13.241564750671387,58.0
88,4,-9.347053527832031,107.07470703125,19.0
88,5,-13.005703926086426,76.3428726196289,28.0
88,6,-8.44836711883545,68.3187026977539,42.0
88,7,-15.685232162475586,50.46641540527344,725.0
88,8,-14.78443717956543,19.238000869750977,393.0
88,9,-7.716829299926758,47.39016342163086,72.0
88,10,-11.036767959594727,39.60370635986328,28.0
88,11,-7.786935329437256,13.405233383178711,7.0
88,12,-17.25849151611328,315.08123779296875,425.0
88,13,-14.115805625915527,1162.005615234375,84.0
88,14,-13.85384750366211,31.92731475830078,38.0
88,15,-5.975439548492432,3.3038480281829834,4.0
88,16,-17.812854766845703,85.9025650024414,118.0
88,17,-17.403079986572266,330.638916015625,238.0
88,18,-15.754632949829102,2636.787109375,231.0
90,0,-8.467235565185547,16.81736183166504,68.0
90,1,-7.670820236206055,6.805322647094727,5.0
90,2,-15.900293350219727,2835.990966796875,566.0
90,3,-15.43675708770752,13.102365493774414,59.0
90,4,-9.456033706665039,113.07109832763672,19.0
90,5,-13.012702941894531,76.52119445800781,28.0
90,6,-8.475523948669434,69.25269317626953,42.0
90,7,-15.690442085266113,50.532188415527344,732.0
90,8,-14.693534851074219,18.891401290893555,400.0
90,9,-7.770600318908691,48.681549072265625,72.0
90,10,-11.041095733642578,39.66088104248047,28.0
90,11,-7.755528450012207,13.265626907348633,7.0
90,12,-17.24170684814453,313.3233947753906,428.0
90,13,-14.19223403930664,1207.2701416015625,90.0
90,14,-13.96298599243164,32.81043243408203,38.0
90,15,-5.998051643371582,3.3188235759735107,4.0
90,16,-17.77780532836914,85.15314483642578,122.0
90,17,-17.448253631591797,335.6551818847656,239.0
90,18,-15.80215072631836,2700.1845703125,226.0
92,0,-8.550371170043945,17.289920806884766,71.0
92,1,-7.58251953125,6.656740188598633,5.0
92,2,-15.912699699401855,2853.6376953125,559.0
92,3,-15.448294639587402,13.127586364746094,58.0
92,4,-9.358612060546875,107.6953125,19.0
92,5,-12.997980117797852,76.1465835571289,28.0
92,6,-8.418678283691406,67.31204223632812,41.0
92,7,-15.690725326538086,50.5357666015625,719.0
92,8,-14.729581832885742,19.028093338012695,383.0
92,9,-7.746581554412842,48.10041427612305,71.0
92,10,-11.124984741210938,40.78556442260742,28.0
92,11,-7.792942523956299,13.432101249694824,7.0
92,12,-17.343948364257812,324.1856384277344,425.0
92,13,-14.151861190795898,1183.14404296875,86.0
92,14,-13.96176528930664,32.80042266845703,39.0
92,15,-6.034699440002441,3.343238353729248,4.0
92,16,-17.838102340698242,86.44648742675781,120.0
92,17,-17.48724365234375,340.0460510253906,241.0
92,18,-15.767890930175781,2654.324462890625,224.0
94,0,-8.550801277160645,17.292402267456055,71.0
94,1,-7.62577486038208,6.7291154861450195,5.0
94,2,-15.79564094543457,2691.409912109375,533.0
94,3,-15.54113483428955,13.332294464111328,61.0
94,4,-9.316459655761719,105.44925689697266,19.0
94,5,-12.986711502075195,75.86106872558594,28.0
94,6,-8.407855033874512,66.9487533569336,41.0
94,7,-15.69808578491211,50.628841400146484,720.0
94,8,-14.649757385253906,18.726720809936523,380.0
94,9,-7.757635116577148,48.36698913574219,72.0
94,10,-11.106098175048828,40.52960968017578,28.0
94,11,-7.803873538970947,13.481133460998535,7.0
94,12,-17.1943359375,308.4147033691406,424.0
94,13,-14.0980863571167,1151.7562255859375,86.0
94,14,-13.95737361907959,32.764427185058594,38.0
94,15,-6.064519882202148,3.363237142562866,4.0
94,16,-17.851032257080078,86.72637176513672,122.0
94,17,-17.40654754638672,331.02130126953125,236.0
94,18,-15.747892379760742,2627.915283203125,237.0
96,0,-8.563136100769043,17.363645553588867,73.0
96,1,-7.644957065582275,6.761463165283203,5.0
96,2,-15.907075881958008,2845.624755859375,562.0
96,3,-15.519707679748535,13.28476619720459,60.0
96,4,-9.304332733154297,104.81180572509766,19.0
96,5,-12.96943473815918,75.42546844482422,27.0
96,6,-8.469627380371094,69.04881286621094,42.0
96,7,-15.660176277160645,50.15127944946289,721.0
96,8,-14.67626667022705,18.82627296447754,378.0
96,9,-7.738584518432617,47.90846633911133,71.0
96,10,-11.05741024017334,39.87714385986328,28.0
96,11,-7.7902140617370605,13.419892311096191,7.0
96,12,-17.231740951538086,312.2842102050781,421.0
96,13,-14.139511108398438,1175.860595703125,87.0
96,14,-13.92702865600586,32.516807556152344,38.0
96,15,-6.114659309387207,3.3971328735351562,4.0
96,16,-17.841426849365234,86.51837158203125,122.0
96,17,-17.412933349609375,331.7266540527344,238.0
96,18,-15.68111515045166,2541.62158203125,214.0
98,0,-8.518159866333008,17.105270385742188,70.0
98,1,-7.597328186035156,6.681429862976074,5.0
98,2,-15.932090759277344,2881.439697265625,568.0
98,3,-15.46975326538086,13.1746187210083,58.0
98,4,-9.319279670715332,105.5980453491211,19.0
98,5,-13.045080184936523,77.35150909423828,28.0
98,6,-8.386542320251465,66.2391128540039,40.0
98,7,-15.683464050292969,50.444114685058594,719.0
98,8,-14.719103813171387,18.988256454467773,381.0
98,9,-7.727206230163574,47.636680603027344,70.0
98,10,-11.130054473876953,40.854549407958984,28.0
98,11,-7.814546585083008,13.529180526733398,7.0
98,12,-17.26495361328125,315.7606201171875,427.0
98,13,-14.064031600952148,1132.310791015625,85.0
98,14,-14.007184982299805,33.17498779296875,38.0
98,15,-6.033784866333008,3.3426265716552734,4.0
98,16,-17.746414184570312,84.48749542236328,119.0
98,17,-17.40495491027832,330.84552001953125,240.0
98,18,-15.626379013061523,2473.00537109375,216.0
100,0,-8.5159912109375,17.092910766601562,68.0
100,1,-7.6505961418151855,6.771001815795898,5.0
100,2,-15.86167049407959,2781.749267578125,571.0
100,3,-15.475611686706543,13.187491416931152,57.0
100,4,-9.37757682800293,108.72138214111328,19.0
100,5,-12.983662605285645,75.78402709960938,28.0
100,6,-8.50399398803711,70.24555206298828,42.0
100,7,-15.644535064697266,49.9555549621582,707.0
100,8,-14.764591217041016,19.161792755126953,402.0
100,9,-7.777270793914795,48.84418869018555,70.0
100,10,-11.102927207946777,40.486785888671875,28.0
100,11,-7.78338623046875,13.389384269714355,7.0
100,12,-17.29044532775879,318.45513916015625,428.0
100,13,-14.20964241027832,1217.8243408203125,91.0
100,14,-14.01746940612793,33.26039505004883,38.0
100,15,-6.024761199951172,3.336599588394165,4.0
100,16,-17.838451385498047,86.45403289794922,123.0
100,17,-17.410888671875,331.50054931640625,236.0
100,18,-15.742377281188965,2620.678955078125,223.0
