step,probe_index,log_prob,perplexity,target_rank
0,0,-32.037498474121094,54.85466766357422,3381.0
0,1,-35.72606658935547,19.632221221923828,30.0
0,2,-6.022422790527344,2.363978862762451,10.0
0,3,-24.171751022338867,3156.59765625,3561.0
0,4,-13.51865005493164,5.4185662269592285,17.0
0,5,-7.498286247253418,6.518025875091553,10.0
0,6,-11.64017105102539,10.257757186889648,15.0
0,7,-12.579017639160156,8.137662887573242,21.0
0,8,-26.290348052978516,18.562618255615234,55.0
0,9,-24.858232498168945,144.26419067382812,1246.0
0,10,-11.663595199584961,18.46540069580078,40.0
0,11,-8.270071029663086,5.22792387008667,6.0
0,12,-25.026823043823242,8.04916763305664,162.0
0,13,-91.64079284667969,64.42428588867188,2647.0
0,14,-0.4865380823612213,1.0627046823501587,1.0
0,15,-4.398313045501709,1.7328875064849854,2.0
0,16,-3.1023213863372803,4.716941833496094,2.0
0,17,-31.7982120513916,93.93486022949219,2453.0
0,18,-11.178009986877441,16.354490280151367,78.0
0,19,-8.13044261932373,2.762967586517334,7.0
0,20,-18.491283416748047,14.035809516906738,111.0
0,21,-34.003273010253906,6.613220691680908,134.0
0,22,-25.9112606048584,75.07919311523438,6651.0
0,23,-45.86491775512695,21.27773666381836,936.0
0,24,-27.9875431060791,16.42417335510254,2291.0
0,25,-34.070404052734375,292.4812316894531,386.0
0,26,-23.38958168029785,49.31674575805664,68.0
0,27,-13.527177810668945,9.530810356140137,12.0
0,28,-4.753394603729248,3.2816574573516846,2.0
0,29,-47.42927551269531,8.635453224182129,142.0
0,30,-25.976560592651367,40.89211654663086,3058.0
0,31,-8.808120727539062,18.84109115600586,7.0
0,32,-9.252047538757324,102.10725402832031,207.0
0,33,-7.4151716232299805,6.3839874267578125,18.0
0,34,-21.838199615478516,15.329437255859375,285.0
0,35,-6.521969795227051,8.793298721313477,11.0
0,36,-15.174186706542969,157.28541564941406,549.0
0,37,-5.621427536010742,6.513059139251709,6.0
0,38,-0.33254218101501465,1.0866891145706177,1.0
0,39,-54.67804718017578,67.08789825439453,9682.0
0,40,-30.73495101928711,12.951944351196289,711.0
0,41,-25.554471969604492,165.81857299804688,590.0
0,42,-28.45171356201172,17.20450782775879,107.0
0,43,-8.456806182861328,2.8780150413513184,18.0
0,44,-13.015523910522461,5.088283061981201,52.0
0,45,-9.13292121887207,96.20301055908203,24.0
0,46,-26.954448699951172,11.593034744262695,19.0
0,47,-65.53900146484375,235.4700164794922,7359.0
0,48,-16.98054313659668,29.84772491455078,1008.0
0,49,-12.895398139953613,6.310404300689697,7.0
0,50,-17.965866088867188,7.361085414886475,32.0
0,51,-9.89758586883545,27.090829849243164,32.0
0,52,-3.337381362915039,2.3033056259155273,2.0
0,53,-38.112518310546875,231.5151824951172,8026.0
0,54,-42.44207763671875,12.141056060791016,670.0
0,55,-15.606769561767578,22.677059173583984,268.0
0,56,-8.697729110717773,8.797189712524414,61.0
0,57,-10.73896598815918,5.988420486450195,12.0
0,58,-25.271438598632812,12.51770305633545,152.0
0,59,-29.57974624633789,11.763235092163086,365.0
0,60,-34.97242736816406,18.43717384338379,96.0
0,61,-10.676358222961426,5.926258563995361,7.0
0,62,-60.980995178222656,108.94530487060547,151.0
0,63,-108.42514038085938,48.054046630859375,403.0
0,64,-57.47967529296875,83.22215270996094,500.0
0,65,-5.97085428237915,19.794954299926758,8.0
0,66,-5.721066951751709,6.733010768890381,18.0
2,0,-31.91254425048828,54.00453186035156,3190.0
2,1,-35.63202667236328,19.478973388671875,30.0
2,2,-5.995028018951416,2.3547451496124268,9.0
2,3,-24.164209365844727,3148.67236328125,3586.0
2,4,-13.533638954162598,5.428728103637695,16.0
2,5,-7.488918781280518,6.502779483795166,10.0
2,6,-11.654170989990234,10.286518096923828,15.0
2,7,-12.574041366577148,8.130915641784668,22.0
2,8,-26.277801513671875,18.536758422851562,54.0
2,9,-24.859230041503906,144.2930145263672,1257.0
2,10,-11.616212844848633,18.24795913696289,40.0
2,11,-8.342904090881348,5.304633617401123,7.0
2,12,-25.123722076416016,8.114425659179688,168.0
2,13,-90.70286560058594,61.73540496826172,2606.0
2,14,-0.5004560947418213,1.0645551681518555,1.0
2,15,-4.452279567718506,1.7446168661117554,2.0
2,16,-3.096803903579712,4.703947067260742,2.0
2,17,-31.770036697387695,93.55753326416016,2298.0
2,18,-11.154794692993164,16.259845733642578,74.0
2,19,-8.096112251281738,2.751136302947998,7.0
2,20,-18.379425048828125,13.813302040100098,108.0
2,21,-33.57609939575195,6.458123683929443,115.0
2,22,-25.902725219726562,74.97247314453125,6561.0
2,23,-45.91897964477539,21.354557037353516,961.0
2,24,-28.007137298583984,16.456388473510742,2279.0
2,25,-34.113128662109375,294.57147216796875,388.0
2,26,-23.392616271972656,49.34169006347656,69.0
2,27,-13.554342269897461,9.574056625366211,12.0
2,28,-4.735226154327393,3.2667856216430664,2.0
2,29,-47.48973846435547,8.659218788146973,141.0
2,30,-25.943655014038086,40.70033645629883,2982.0
2,31,-8.834182739257812,19.00548553466797,7.0
2,32,-9.250929832458496,102.05020904541016,213.0
2,33,-7.353185653686523,6.285820960998535,18.0
2,34,-21.82590675354004,15.305900573730469,279.0
2,35,-6.5233540534973145,8.797357559204102,11.0
2,36,-15.166413307189941,156.87840270996094,548.0
2,37,-5.610958576202393,6.49036979675293,6.0
2,38,-0.3347570300102234,1.0872910022735596,1.0
2,39,-54.675559997558594,67.07506561279297,9928.0
2,40,-29.8858642578125,12.06717300415039,731.0
2,41,-25.556121826171875,165.873291015625,596.0
2,42,-27.558486938476562,15.73438835144043,107.0
2,43,-8.512645721435547,2.8981735706329346,18.0
2,44,-13.114524841308594,5.151642799377441,56.0
2,45,-9.186758995056152,98.82785034179688,25.0
2,46,-26.98504066467285,11.625321388244629,18.0
2,47,-65.24575805664062,229.78558349609375,7295.0
2,48,-16.944873809814453,29.63555145263672,1011.0
2,49,-12.928264617919922,6.340102672576904,7.0
2,50,-17.914026260375977,7.318807601928711,32.0
2,51,-9.82565689086914,26.449016571044922,32.0
2,52,-3.351055860519409,2.3111932277679443,2.0
2,53,-37.93360137939453,225.67274475097656,7886.0
2,54,-42.473907470703125,12.163809776306152,683.0
2,55,-15.57820987701416,22.547903060913086,267.0
2,56,-8.70829963684082,8.820467948913574,61.0
2,57,-10.725387573242188,5.974883556365967,12.0
2,58,-24.666501998901367,11.78291130065918,113.0
2,59,-29.677719116210938,11.859667778015137,379.0
2,60,-34.871944427490234,18.28343391418457,95.0
2,61,-10.769636154174805,6.019110202789307,7.0
2,62,-60.92626190185547,108.48756408691406,151.0
2,63,-108.2362060546875,47.73089599609375,397.0
2,64,-57.28606414794922,81.99190521240234,495.0
2,65,-5.965763568878174,19.7446346282959,8.0
2,66,-5.776706695556641,6.8590497970581055,18.0
4,0,-30.974573135375977,48.02980041503906,2281.0
4,1,-35.02538299560547,18.518718719482422,29.0
4,2,-6.012651443481445,2.3606810569763184,8.0
4,3,-23.994619369506836,2975.61669921875,3568.0
4,4,-13.635660171508789,5.498402118682861,18.0
4,5,-7.5081892013549805,6.534183025360107,10.0
4,6,-11.65574836730957,10.289764404296875,14.0
4,7,-12.547929763793945,8.09560775756836,22.0
4,8,-26.14893341064453,18.273225784301758,55.0
4,9,-24.74825668334961,141.125732421875,1246.0
4,10,-11.593367576599121,18.14403533935547,37.0
4,11,-8.310375213623047,5.270235538482666,6.0
4,12,-24.727914810180664,7.851147174835205,157.0
4,13,-79.43281555175781,36.98759841918945,2349.0
4,14,-0.5307828187942505,1.0685983896255493,1.0
4,15,-4.291962146759033,1.710003137588501,2.0
4,16,-3.0634632110595703,4.626180648803711,2.0
4,17,-30.7741641998291,81.15081787109375,1624.0
4,18,-11.196355819702148,16.429672241210938,76.0
4,19,-8.070075035095215,2.742197036743164,7.0
4,20,-17.095603942871094,11.49864387512207,75.0
4,21,-26.61944580078125,4.387932300567627,7.0
4,22,-25.718128204345703,72.70095825195312,6598.0
4,23,-45.84871292114258,21.254756927490234,944.0
4,24,-27.87369155883789,16.238243103027344,2295.0
4,25,-33.97685241699219,287.9563293457031,380.0
4,26,-23.4359130859375,49.699039459228516,67.0
4,27,-13.507254600524902,9.499214172363281,12.0
4,28,-4.742289066314697,3.2725589275360107,2.0
4,29,-47.13660430908203,8.521334648132324,148.0
4,30,-24.75876808166504,34.36253356933594,2070.0
4,31,-8.828131675720215,18.967191696166992,7.0
4,32,-9.283927917480469,103.7479019165039,211.0
4,33,-7.3941240310668945,6.350484371185303,18.0
4,34,-21.768489837646484,15.196440696716309,286.0
4,35,-6.5278639793396,8.810591697692871,10.0
4,36,-15.166020393371582,156.85791015625,554.0
4,37,-5.549081802368164,6.35787296295166,6.0
4,38,-0.3506126403808594,1.0916094779968262,1.0
4,39,-52.77476501464844,57.95097732543945,9161.0
4,40,-22.40546417236328,6.4696502685546875,704.0
4,41,-25.501983642578125,164.08697509765625,609.0
4,42,-20.73569679260254,7.9531636238098145,108.0
4,43,-8.440240859985352,2.8720617294311523,18.0
4,44,-13.039828300476074,5.10376501083374,51.0
4,45,-9.16893196105957,97.95086669921875,26.0
4,46,-27.00088882446289,11.642082214355469,18.0
4,47,-62.09805679321289,176.7679901123047,6371.0
4,48,-17.00102996826172,29.97027587890625,1047.0
4,49,-12.926839828491211,6.338812351226807,8.0
4,50,-17.876846313476562,7.288634777069092,31.0
4,51,-9.820331573486328,26.402109146118164,31.0
4,52,-3.4209225177764893,2.351916551589966,2.0
4,53,-37.41304397583008,209.49929809570312,6762.0
4,54,-42.42708206176758,12.130351066589355,687.0
4,55,-15.582139015197754,22.565628051757812,269.0
4,56,-8.651549339294434,8.696209907531738,61.0
4,57,-10.727883338928223,5.97736930847168,12.0
4,58,-18.426250457763672,6.313088417053223,7.0
4,59,-29.682111740112305,11.864008903503418,373.0
4,60,-34.87566375732422,18.289100646972656,94.0
4,61,-10.883399963378906,6.13432502746582,8.0
4,62,-59.661720275878906,98.43171691894531,149.0
4,63,-104.85888671875,42.30732727050781,389.0
4,64,-54.873531341552734,68.10432434082031,439.0
4,65,-5.9519782066345215,19.6090087890625,8.0
4,66,-5.767308235168457,6.837595462799072,17.0
6,0,-27.955459594726562,32.93159103393555,572.0
6,1,-33.45337677001953,16.24493980407715,29.0
6,2,-6.1712188720703125,2.414766788482666,9.0
6,3,-23.827415466308594,2814.308837890625,3476.0
6,4,-13.816255569458008,5.623937129974365,21.0
6,5,-7.573810577392578,6.642262935638428,11.0
6,6,-11.644824981689453,10.267309188842773,15.0
6,7,-12.486827850341797,8.013582229614258,22.0
6,8,-26.033802032470703,18.040958404541016,57.0
6,9,-24.28435707092285,128.62120056152344,1234.0
6,10,-11.461990356445312,17.557788848876953,36.0
6,11,-8.431334495544434,5.399287223815918,7.0
6,12,-24.16992950439453,7.494435787200928,152.0
6,13,-57.78333282470703,13.825507164001465,903.0
6,14,-0.6140888929367065,1.0797841548919678,1.0
6,15,-3.951493740081787,1.6387548446655273,2.0
6,16,-3.0047550201416016,4.492356777191162,2.0
6,17,-27.069549560546875,47.802528381347656,368.0
6,18,-11.036195755004883,15.78482437133789,67.0
6,19,-8.143133163452148,2.7673540115356445,7.0
6,20,-13.852705001831055,7.235198974609375,53.0
6,21,-16.143962860107422,2.451957941055298,5.0
6,22,-25.391324996948242,68.8470458984375,6352.0
6,23,-45.76493835449219,21.136383056640625,968.0
6,24,-27.921058654785156,16.315343856811523,2371.0
6,25,-33.76029968261719,277.7486572265625,352.0
6,26,-23.596744537353516,51.04924392700195,68.0
6,27,-13.605951309204102,9.65676212310791,12.0
6,28,-4.78097677230835,3.3043646812438965,2.0
6,29,-45.57237243652344,7.936492443084717,140.0
6,30,-20.217266082763672,17.960609436035156,302.0
6,31,-8.810967445373535,18.858978271484375,7.0
6,32,-9.272012710571289,103.13164520263672,213.0
6,33,-7.347301959991455,6.276581287384033,17.0
6,34,-21.631999969482422,14.939370155334473,289.0
6,35,-6.552852153778076,8.884284973144531,12.0
6,36,-15.113727569580078,154.14735412597656,544.0
6,37,-5.429855823516846,6.110153675079346,6.0
6,38,-0.3988228738307953,1.104845643043518,1.0
6,39,-46.696083068847656,36.30685043334961,7603.0
6,40,-19.374086380004883,5.025411128997803,718.0
6,41,-24.786508560180664,142.2095489501953,650.0
6,42,-18.1533203125,6.143115997314453,102.0
6,43,-8.299866676330566,2.822105884552002,19.0
6,44,-13.143571853637695,5.170382022857666,59.0
6,45,-9.176694869995117,98.33179473876953,26.0
6,46,-27.103092193603516,11.750755310058594,18.0
6,47,-46.57557678222656,48.48711013793945,3637.0
6,48,-17.037277221679688,30.188331604003906,1063.0
6,49,-12.90834903717041,6.322089672088623,8.0
6,50,-17.654705047607422,7.110936641693115,30.0
6,51,-9.803558349609375,26.25490379333496,31.0
6,52,-3.499483585357666,2.3985655307769775,2.0
6,53,-35.62886428833008,162.36349487304688,3401.0
6,54,-42.048553466796875,11.863236427307129,647.0
6,55,-15.717631340026855,23.185482025146484,273.0
6,56,-8.668004035949707,8.732057571411133,59.0
6,57,-10.677692413330078,5.927576065063477,12.0
6,58,-12.855006217956543,3.616478204727173,5.0
6,59,-29.557260513305664,11.741211891174316,361.0
6,60,-34.73592758178711,18.077367782592773,85.0
6,61,-11.381231307983398,6.665012836456299,10.0
6,62,-55.52079772949219,71.58106994628906,150.0
6,63,-89.36260986328125,24.325420379638672,363.0
6,64,-43.472618103027344,28.333574295043945,383.0
6,65,-6.001947402954102,20.105104446411133,8.0
6,66,-5.722341537475586,6.7358717918396,16.0
8,0,-22.392099380493164,16.42841339111328,32.0
8,1,-31.21167755126953,13.476846694946289,23.0
8,2,-6.346819877624512,2.476109504699707,9.0
8,3,-23.532543182373047,2550.84765625,3419.0
8,4,-13.936267852783203,5.7089409828186035,25.0
8,5,-7.101487636566162,5.902475833892822,10.0
8,6,-11.346251487731934,9.672147750854492,14.0
8,7,-12.549345970153809,8.097518920898438,23.0
8,8,-25.72242546081543,17.427461624145508,60.0
8,9,-23.39156723022461,107.58843994140625,1045.0
8,10,-11.128403663635254,16.152921676635742,37.0
8,11,-8.25189208984375,5.208950996398926,9.0
8,12,-23.124393463134766,6.869098663330078,126.0
8,13,-43.123966217041016,7.100607395172119,219.0
8,14,-0.6570572257041931,1.0855993032455444,1.0
8,15,-3.5019092559814453,1.5492000579833984,2.0
8,16,-2.9672842025756836,4.408974647521973,2.0
8,17,-21.89913558959961,22.8385066986084,32.0
8,18,-10.712423324584961,14.557493209838867,60.0
8,19,-8.005749702453613,2.720236301422119,7.0
8,20,-12.150888442993164,5.673698425292969,47.0
8,21,-16.826740264892578,2.5467522144317627,8.0
8,22,-24.067848205566406,55.219058990478516,6323.0
8,23,-45.333370208740234,20.536930084228516,959.0
8,24,-27.92882537841797,16.32801628112793,2308.0
8,25,-33.34938430786133,259.36358642578125,337.0
8,26,-23.883832931518555,53.55122756958008,71.0
8,27,-13.645515441894531,9.720651626586914,10.0
8,28,-4.73663854598999,3.267939329147339,2.0
8,29,-43.39508056640625,7.188652038574219,126.0
8,30,-17.057409286499023,11.436075210571289,39.0
8,31,-8.728178024291992,18.345651626586914,7.0
8,32,-9.110614776611328,95.13599395751953,201.0
8,33,-7.228754043579102,6.093292236328125,15.0
8,34,-21.501230239868164,14.697153091430664,271.0
8,35,-6.448364734649658,8.580180168151855,10.0
8,36,-15.0021333694458,148.5187225341797,525.0
8,37,-5.334526062011719,5.919046401977539,7.0
8,38,-0.4082714319229126,1.1074585914611816,1.0
8,39,-44.99971008300781,31.865251541137695,4749.0
8,40,-18.911590576171875,4.835409641265869,768.0
8,41,-23.88779067993164,118.81388854980469,665.0
8,42,-17.616104125976562,5.821805477142334,93.0
8,43,-8.21455192565918,2.7921698093414307,19.0
8,44,-13.219893455505371,5.219944000244141,66.0
8,45,-9.124317169189453,95.79003143310547,25.0
8,46,-26.807781219482422,11.439486503601074,17.0
8,47,-33.71881866455078,16.6082820892334,972.0
8,48,-16.931228637695312,29.554786682128906,1076.0
8,49,-12.870733261108398,6.288208484649658,10.0
8,50,-17.330886840820312,6.8596343994140625,30.0
8,51,-9.508037567138672,23.791915893554688,30.0
8,52,-3.5606155395507812,2.43550443649292,2.0
8,53,-30.5396728515625,78.4773941040039,293.0
8,54,-41.584381103515625,11.543703079223633,660.0
8,55,-15.845527648925781,23.78619956970215,285.0
8,56,-8.628538131713867,8.646327018737793,59.0
8,57,-10.899984359741211,6.151304244995117,12.0
8,58,-11.015283584594727,3.008761167526245,5.0
8,59,-29.048139572143555,11.253490447998047,323.0
8,60,-34.063812255859375,17.09269142150879,75.0
8,61,-11.840572357177734,7.195304870605469,12.0
8,62,-45.056724548339844,32.00531005859375,152.0
8,63,-78.88801574707031,16.733774185180664,265.0
8,64,-37.93462371826172,18.505128860473633,283.0
8,65,-6.014523029327393,20.231918334960938,9.0
8,66,-5.6248884201049805,6.5205769538879395,11.0
10,0,-20.05630111694336,12.268532752990723,18.0
10,1,-28.324670791625977,10.595074653625488,17.0
10,2,-6.007604598999023,2.3589797019958496,9.0
10,3,-23.49988555908203,2523.23046875,3386.0
10,4,-14.009117126464844,5.761165142059326,26.0
10,5,-6.7283549308776855,5.376774787902832,9.0
10,6,-10.7806396484375,8.637627601623535,14.0
10,7,-12.669583320617676,8.26142692565918,24.0
10,8,-25.426225662231445,16.863243103027344,63.0
10,9,-23.059581756591797,100.67691040039062,988.0
10,10,-11.028093338012695,15.75288200378418,36.0
10,11,-7.934989929199219,4.889050006866455,10.0
10,12,-21.39313507080078,5.946252822875977,102.0
10,13,-39.02098846435547,5.892505645751953,67.0
10,14,-0.5658862590789795,1.0732976198196411,1.0
10,15,-2.9858617782592773,1.4524223804473877,2.0
10,16,-2.949317693710327,4.369544982910156,2.0
10,17,-19.861459732055664,17.070491790771484,15.0
10,18,-10.310935974121094,13.167266845703125,59.0
10,19,-7.779813289642334,2.6444859504699707,7.0
10,20,-9.426824569702148,3.8446755409240723,10.0
10,21,-15.518945693969727,2.368279218673706,9.0
10,22,-22.35843276977539,41.52955627441406,6325.0
10,23,-44.466331481933594,19.38349723815918,846.0
10,24,-27.557268142700195,15.732471466064453,2250.0
10,25,-33.136085510253906,250.30514526367188,305.0
10,26,-24.05159568786621,55.06967544555664,73.0
10,27,-13.319541931152344,9.206629753112793,8.0
10,28,-4.578538417816162,3.1412932872772217,2.0
10,29,-40.382259368896484,6.268625736236572,80.0
10,30,-16.175251007080078,10.081985473632812,23.0
10,31,-8.545450210571289,17.261581420898438,7.0
10,32,-8.929280281066895,86.88975524902344,193.0
10,33,-6.901494026184082,5.614617824554443,15.0
10,34,-21.39438247680664,14.50216293334961,270.0
10,35,-6.293155193328857,8.147560119628906,10.0
10,36,-14.79192066192627,138.4681396484375,461.0
10,37,-5.307037830352783,5.8650593757629395,7.0
10,38,-0.39005255699157715,1.1024259328842163,1.0
10,39,-42.663291931152344,26.623430252075195,1897.0
10,40,-18.70982551574707,4.754787921905518,805.0
10,41,-23.692886352539062,114.27152252197266,585.0
10,42,-17.10407257080078,5.531213760375977,87.0
10,43,-8.073201179504395,2.7432687282562256,18.0
10,44,-13.153202056884766,5.176609516143799,65.0
10,45,-9.08487319946289,93.91936492919922,23.0
10,46,-26.38268280029297,11.005837440490723,17.0
10,47,-28.854045867919922,11.072935104370117,114.0
10,48,-16.77029800415039,28.618682861328125,1010.0
10,49,-13.108366966247559,6.505343437194824,14.0
10,50,-17.01279067993164,6.6214213371276855,26.0
10,51,-9.421552658081055,23.115825653076172,30.0
10,52,-3.5112147331237793,2.4056103229522705,2.0
10,53,-24.9851016998291,35.49174499511719,50.0
10,54,-40.516502380371094,10.840874671936035,492.0
10,55,-15.7025728225708,23.115760803222656,269.0
10,56,-8.568822860717773,8.518205642700195,59.0
10,57,-11.187631607055664,6.453388214111328,13.0
10,58,-10.542106628417969,2.869709014892578,4.0
10,59,-28.639102935791016,10.876362800598145,299.0
10,60,-33.51595687866211,16.329877853393555,67.0
10,61,-11.254057884216309,6.525230407714844,9.0
10,62,-41.92522430419922,25.154008865356445,148.0
10,63,-78.12688446044922,16.285022735595703,206.0
10,64,-37.119346618652344,17.380247116088867,253.0
10,65,-5.998158931732178,20.06705665588379,8.0
10,66,-5.438171863555908,6.127115249633789,11.0
12,0,-17.69626808166504,9.134272575378418,9.0
12,1,-25.070775985717773,8.078702926635742,12.0
12,2,-5.5974297523498535,2.224724054336548,7.0
12,3,-23.61273956298828,2619.95654296875,3405.0
12,4,-13.803723335266113,5.615133762359619,26.0
12,5,-6.527587413787842,5.113565444946289,9.0
12,6,-10.506391525268555,8.176615715026855,14.0
12,7,-12.744304656982422,8.364953994750977,24.0
12,8,-24.765525817871094,15.669641494750977,62.0
12,9,-23.2904052734375,105.43356323242188,1002.0
12,10,-10.805859565734863,14.901545524597168,29.0
12,11,-7.418193340301514,4.40895938873291,10.0
12,12,-18.693641662597656,4.748380184173584,70.0
12,13,-34.65689468383789,4.832255840301514,28.0
12,14,-0.4461132287979126,1.057348370552063,1.0
12,15,-2.105806350708008,1.3011205196380615,2.0
12,16,-2.8703243732452393,4.200326442718506,1.0
12,17,-18.873027801513672,14.822505950927734,11.0
12,18,-9.642552375793457,11.141068458557129,54.0
12,19,-7.396695613861084,2.520826816558838,7.0
12,20,-7.323306083679199,2.8467743396759033,5.0
12,21,-12.90411376953125,2.0480644702911377,8.0
12,22,-20.77191162109375,31.880207061767578,6158.0
12,23,-43.331382751464844,17.970993041992188,740.0
12,24,-27.28172492980957,15.304892539978027,1974.0
12,25,-33.15464782714844,251.08071899414062,327.0
12,26,-24.013906478881836,54.724849700927734,74.0
12,27,-12.608757019042969,8.178096771240234,7.0
12,28,-4.281777858734131,2.916675567626953,2.0
12,29,-37.0589599609375,5.389745712280273,59.0
12,30,-14.994036674499512,8.516498565673828,15.0
12,31,-8.452905654907227,16.737224578857422,7.0
12,32,-8.735713958740234,78.87442016601562,168.0
12,33,-6.266462802886963,4.790408611297607,12.0
12,34,-21.506681442260742,14.707170486450195,288.0
12,35,-5.919655799865723,7.193793296813965,10.0
12,36,-14.894797325134277,143.2988739013672,455.0
12,37,-5.374102592468262,5.997649192810059,7.0
12,38,-0.29403266310691833,1.076277256011963,1.0
12,39,-37.9444580078125,18.519134521484375,490.0
12,40,-17.571578979492188,4.324507236480713,672.0
12,41,-23.754627227783203,115.69131469726562,536.0
12,42,-16.08746337890625,4.996542930603027,73.0
12,43,-8.189653396606445,2.7834930419921875,19.0
12,44,-12.878085136413574,5.001614093780518,57.0
12,45,-9.072754859924316,93.35201263427734,24.0
12,46,-25.976837158203125,10.607173919677734,18.0
12,47,-24.207538604736328,7.517960548400879,79.0
12,48,-16.589988708496094,27.605022430419922,918.0
12,49,-13.406655311584473,6.788544178009033,14.0
12,50,-16.749448776245117,6.430484771728516,25.0
12,51,-9.405721664428711,22.99416732788086,29.0
12,52,-3.2986538410186768,2.2811129093170166,2.0
12,53,-22.99036979675293,26.691320419311523,50.0
12,54,-38.676292419433594,9.728656768798828,300.0
12,55,-15.583102226257324,22.569976806640625,250.0
12,56,-8.367040634155273,8.09915828704834,52.0
12,57,-11.180591583251953,6.4458208084106445,14.0
12,58,-9.748300552368164,2.650716781616211,4.0
12,59,-28.126354217529297,10.421414375305176,300.0
12,60,-33.35643005371094,16.114225387573242,71.0
12,61,-10.539322853088379,5.792441368103027,8.0
12,62,-40.998233795166016,23.422809600830078,148.0
12,63,-74.43280029296875,14.272210121154785,177.0
12,64,-35.12077713012695,14.903531074523926,261.0
12,65,-5.723886013031006,17.495487213134766,8.0
12,66,-5.16703987121582,5.597649097442627,8.0
14,0,-14.870442390441895,6.416067123413086,7.0
14,1,-22.112964630126953,6.313859462738037,12.0
14,2,-5.281721115112305,2.126615285873413,7.0
14,3,-23.423139572143555,2459.499267578125,3185.0
14,4,-13.632537841796875,5.496256351470947,27.0
14,5,-6.198034286499023,4.709155559539795,9.0
14,6,-10.20341682434082,7.695865631103516,14.0
14,7,-12.687061309814453,8.285527229309082,25.0
14,8,-24.205345153808594,14.7240571975708,64.0
14,9,-23.34402847290039,106.57038116455078,896.0
14,10,-10.552741050720215,13.987796783447266,24.0
14,11,-7.107892036437988,4.143655300140381,8.0
14,12,-16.5340576171875,3.966317653656006,48.0
14,13,-30.870731353759766,4.068258285522461,20.0
14,14,-0.42686110734939575,1.0548068284988403,1.0
14,15,-1.3249590396881104,1.1801244020462036,2.0
14,16,-2.8927903175354004,4.247774600982666,2.0
14,17,-16.5628604888916,10.655999183654785,9.0
14,18,-8.984288215637207,9.450541496276855,45.0
14,19,-7.061049461364746,2.4172515869140625,7.0
14,20,-6.115617275238037,2.3956620693206787,2.0
14,21,-12.080755233764648,1.9564919471740723,8.0
14,22,-19.7770938873291,27.00933074951172,6251.0
14,23,-42.20127868652344,16.666797637939453,655.0
14,24,-27.188636779785156,15.16308307647705,1779.0
14,25,-33.00533676147461,244.90965270996094,322.0
14,26,-23.426902770996094,49.62445831298828,75.0
14,27,-12.008637428283691,7.39970064163208,7.0
14,28,-4.050309658050537,2.7526867389678955,2.0
14,29,-36.042503356933594,5.146390438079834,57.0
14,30,-12.837982177734375,6.258856296539307,10.0
14,31,-8.361265182495117,16.23368263244629,7.0
14,32,-8.551168441772461,71.9221420288086,151.0
14,33,-5.6671953201293945,4.123898029327393,9.0
14,34,-21.447315216064453,14.598437309265137,285.0
14,35,-5.71731424331665,6.724592685699463,8.0
14,36,-14.88433837890625,142.8001708984375,449.0
14,37,-5.357441425323486,5.9644317626953125,7.0
14,38,-0.2597552537918091,1.0670937299728394,1.0
14,39,-35.32313919067383,15.13733959197998,357.0
14,40,-16.259801864624023,3.876696825027466,503.0
14,41,-23.681602478027344,114.01392364501953,488.0
14,42,-15.325884819030762,4.630146503448486,56.0
14,43,-8.497737884521484,2.892777681350708,21.0
14,44,-12.645090103149414,4.858046054840088,53.0
14,45,-9.204978942871094,99.73228454589844,25.0
14,46,-25.838346481323242,10.474467277526855,18.0
14,47,-22.11776351928711,6.316384315490723,57.0
14,48,-16.426523208618164,26.717119216918945,846.0
14,49,-13.452953338623047,6.833591938018799,13.0
14,50,-16.570335388183594,6.303773880004883,24.0
14,51,-9.33795166015625,22.480552673339844,29.0
14,52,-2.994812488555908,2.1142563819885254,2.0
14,53,-20.52883529663086,18.778091430664062,54.0
14,54,-36.754905700683594,8.688961029052734,146.0
14,55,-15.23725414276123,21.061586380004883,219.0
14,56,-8.073988914489746,7.527005195617676,49.0
14,57,-10.891007423400879,6.142107963562012,12.0
14,58,-9.192272186279297,2.507352113723755,4.0
14,59,-27.706661224365234,10.063232421875,285.0
14,60,-33.14158248901367,15.828287124633789,69.0
14,61,-10.22618579864502,5.497889518737793,8.0
14,62,-40.12652587890625,21.90370750427246,147.0
14,63,-72.36227416992188,13.254897117614746,154.0
14,64,-34.170677185058594,13.85316276550293,278.0
14,65,-5.5443596839904785,15.99345874786377,8.0
14,66,-4.895739555358887,5.113648891448975,7.0
16,0,-12.33704662322998,4.674540042877197,4.0
16,1,-19.21939468383789,4.9610443115234375,9.0
16,2,-5.164015769958496,2.0911550521850586,7.0
16,3,-23.436994552612305,2470.885009765625,3180.0
16,4,-13.511091232299805,5.413448810577393,27.0
16,5,-5.838818550109863,4.304687976837158,9.0
16,6,-9.903319358825684,7.24755334854126,12.0
16,7,-12.73847770690918,8.356833457946777,26.0
16,8,-23.8370361328125,14.133666038513184,69.0
16,9,-23.197467803955078,103.49191284179688,777.0
16,10,-10.56590747833252,14.033915519714355,26.0
16,11,-7.036935806274414,4.085267543792725,9.0
16,12,-14.270997047424316,3.284615993499756,27.0
16,13,-27.762788772583008,3.532284736633301,11.0
16,14,-0.3972585201263428,1.0509108304977417,1.0
16,15,-1.070530891418457,1.1431828737258911,2.0
16,16,-2.938016176223755,4.344923496246338,4.0
16,17,-13.964470863342285,7.351647853851318,7.0
16,18,-8.491724014282227,8.355592727661133,42.0
16,19,-6.796133518218994,2.3385162353515625,7.0
16,20,-5.403566360473633,2.1639559268951416,2.0
16,21,-11.759612083435059,1.9218952655792236,8.0
16,22,-19.334522247314453,25.088773727416992,6281.0
16,23,-41.31153106689453,15.706930160522461,584.0
16,24,-27.01401710510254,14.900603294372559,1519.0
16,25,-32.80754470825195,236.96775817871094,307.0
16,26,-23.01934814453125,46.3656120300293,88.0
16,27,-11.439420700073242,6.729965686798096,7.0
16,28,-3.7847001552581787,2.575838327407837,2.0
16,29,-34.78288269042969,4.860008239746094,53.0
16,30,-10.589080810546875,4.539086818695068,8.0
16,31,-8.280681610107422,15.80343246459961,7.0
16,32,-8.30191421508789,63.49474334716797,130.0
16,33,-4.945465564727783,3.443079948425293,7.0
16,34,-21.16614532470703,14.094267845153809,276.0
16,35,-5.409992218017578,6.069830894470215,7.0
16,36,-14.831156730651855,140.29100036621094,416.0
16,37,-5.263208866119385,5.779995918273926,7.0
16,38,-0.23539462685585022,1.0606147050857544,1.0
16,39,-34.098899841308594,13.776885986328125,343.0
16,40,-15.076130867004395,3.512556791305542,396.0
16,41,-23.580076217651367,111.72219848632812,451.0
16,42,-14.33378791809082,4.19284200668335,45.0
16,43,-8.654499053955078,2.950021266937256,22.0
16,44,-12.495858192443848,4.768263816833496,51.0
16,45,-9.562053680419922,119.22671508789062,27.0
16,46,-25.678348541259766,10.323216438293457,18.0
16,47,-20.539043426513672,5.537743091583252,39.0
16,48,-16.25391387939453,25.810535430908203,779.0
16,49,-13.128767967224121,6.524330139160156,10.0
16,50,-16.22447967529297,6.066124439239502,20.0
16,51,-9.356639862060547,22.621028900146484,29.0
16,52,-2.7570598125457764,1.9922505617141724,2.0
16,53,-18.083003997802734,13.240578651428223,52.0
16,54,-35.41227722167969,8.029121398925781,93.0
16,55,-15.099932670593262,20.491018295288086,220.0
16,56,-7.838816165924072,7.097226142883301,40.0
16,57,-10.702705383300781,5.9523396492004395,12.0
16,58,-8.668742179870605,2.3794617652893066,4.0
16,59,-27.018890380859375,9.502684593200684,271.0
16,60,-32.74120330810547,15.308889389038086,60.0
16,61,-10.114564895629883,5.396555423736572,8.0
16,62,-39.32379913330078,20.59210205078125,147.0
16,63,-70.96805572509766,12.611048698425293,124.0
16,64,-33.63985061645508,13.298893928527832,280.0
16,65,-5.3762688636779785,14.704218864440918,7.0
16,66,-4.64835786819458,4.708891868591309,6.0
18,0,-10.43408489227295,3.6849632263183594,3.0
18,1,-16.68800926208496,4.01753044128418,5.0
18,2,-4.968357563018799,2.0335140228271484,6.0
18,3,-23.498958587646484,2522.451171875,3123.0
18,4,-13.410517692565918,5.345818996429443,27.0
18,5,-5.591753959655762,4.046848773956299,9.0
18,6,-9.562167167663574,6.7695417404174805,11.0
18,7,-12.754701614379883,8.379461288452148,26.0
18,8,-23.631227493286133,13.814129829406738,74.0
18,9,-23.2349853515625,104.2713851928711,737.0
18,10,-10.790529251098633,14.844542503356934,34.0
18,11,-7.082376480102539,4.12256383895874,9.0
18,12,-11.965360641479492,2.71044659614563,20.0
18,13,-25.189836502075195,3.142418146133423,11.0
18,14,-0.3729749917984009,1.047725796699524,1.0
18,15,-1.0454471111297607,1.139604091644287,2.0
18,16,-2.905637741088867,4.275148868560791,4.0
18,17,-11.877902030944824,5.45669412612915,6.0
18,18,-8.064519882202148,7.509207725524902,36.0
18,19,-6.479875087738037,2.247872829437256,7.0
18,20,-4.937987327575684,2.0247104167938232,2.0
18,21,-11.468225479125977,1.89103364944458,10.0
18,22,-19.28016471862793,24.862504959106445,6668.0
18,23,-40.161895751953125,14.548089981079102,495.0
18,24,-26.930652618408203,14.776901245117188,1373.0
18,25,-32.625572204589844,229.88873291015625,284.0
18,26,-22.636259078979492,43.497779846191406,96.0
18,27,-11.27631664276123,6.549482822418213,7.0
18,28,-3.6361827850341797,2.4819529056549072,2.0
18,29,-33.25615692138672,4.534176826477051,43.0
18,30,-8.999473571777344,3.616978406906128,4.0
18,31,-8.20442008972168,15.406766891479492,6.0
18,32,-7.954164981842041,53.36112594604492,101.0
18,33,-4.349008560180664,2.9661123752593994,5.0
18,34,-20.848575592041016,13.545738220214844,262.0
18,35,-5.111148834228516,5.494328022003174,5.0
18,36,-14.913030624389648,144.17245483398438,412.0
18,37,-5.121806621551514,5.513881683349609,6.0
18,38,-0.20309048891067505,1.0520836114883423,1.0
18,39,-33.3640022277832,13.01967716217041,353.0
18,40,-14.126471519470215,3.2452940940856934,338.0
18,41,-23.554121017456055,111.14370727539062,442.0
18,42,-13.317212104797363,3.7875568866729736,33.0
18,43,-8.835161209106445,3.0173988342285156,23.0
18,44,-12.249732971191406,4.623798847198486,48.0
18,45,-9.733413696289062,129.8924560546875,26.0
18,46,-25.332290649414062,10.00350570678711,18.0
18,47,-19.70072364807129,5.1640801429748535,28.0
18,48,-15.985166549682617,24.459861755371094,684.0
18,49,-12.740406036376953,6.172216415405273,9.0
18,50,-15.75205135345459,5.755914688110352,18.0
18,51,-9.318033218383789,22.331789016723633,30.0
18,52,-2.5077996253967285,1.8718924522399902,2.0
18,53,-16.587818145751953,10.694058418273926,55.0
18,54,-33.9315299987793,7.359355449676514,87.0
18,55,-14.95496654510498,19.90544319152832,219.0
18,56,-7.7175798416137695,6.885343551635742,40.0
18,57,-10.390684127807617,5.650706768035889,12.0
18,58,-8.374302864074707,2.31042218208313,4.0
18,59,-26.38269805908203,9.012009620666504,267.0
18,60,-32.11429977416992,14.52965259552002,59.0
18,61,-9.976541519165039,5.273830413818359,7.0
18,62,-38.435508728027344,19.232038497924805,142.0
18,63,-69.76206970214844,12.079412460327148,95.0
18,64,-33.15705871582031,12.814061164855957,263.0
18,65,-5.289581775665283,14.080499649047852,7.0
18,66,-4.367241859436035,4.287685871124268,5.0
20,0,-8.968798637390137,3.0682268142700195,3.0
20,1,-14.786053657531738,3.4286656379699707,4.0
20,2,-4.8822922706604,2.008665084838867,6.0
20,3,-23.39891242980957,2439.717041015625,2905.0
20,4,-13.33259391784668,5.29400110244751,27.0
20,5,-5.578956127166748,4.03392219543457,8.0
20,6,-9.191482543945312,6.285821437835693,8.0
20,7,-12.564971923828125,8.118634223937988,25.0
20,8,-23.39883804321289,13.462000846862793,70.0
20,9,-23.368066787719727,107.0840072631836,731.0
20,10,-10.589244842529297,14.116032600402832,29.0
20,11,-7.06318998336792,4.106774806976318,8.0
20,12,-10.42466926574707,2.3838634490966797,16.0
20,13,-23.899215698242188,2.9633724689483643,11.0
20,14,-0.40932589769363403,1.052497386932373,1.0
20,15,-1.0067075490951538,1.1340988874435425,2.0
20,16,-2.9510574340820312,4.373347282409668,3.0
20,17,-10.541619300842285,4.5084147453308105,4.0
20,18,-7.681827545166016,6.824075222015381,29.0
20,19,-6.308926582336426,2.2003486156463623,7.0
20,20,-4.416134834289551,1.8792568445205688,2.0
20,21,-11.553609848022461,1.9000252485275269,9.0
20,22,-19.03722381591797,23.875925064086914,6558.0
20,23,-38.841373443603516,13.32210636138916,417.0
20,24,-26.7321834564209,14.486515045166016,1277.0
20,25,-32.5372314453125,226.52879333496094,288.0
20,26,-22.526844024658203,42.71174621582031,102.0
20,27,-11.365425109863281,6.647478103637695,7.0
20,28,-3.531174898147583,2.417644500732422,2.0
20,29,-34.63410949707031,4.827253818511963,54.0
20,30,-8.210829734802246,3.2315943241119385,4.0
20,31,-8.172852516174316,15.24549674987793,6.0
20,32,-7.625854969024658,45.28281021118164,81.0
20,33,-3.9401333332061768,2.677901029586792,3.0
20,34,-20.617603302001953,13.16024398803711,253.0
20,35,-5.081776142120361,5.4407958984375,5.0
20,36,-14.77626895904541,137.74761962890625,400.0
20,37,-5.0280046463012695,5.344144821166992,6.0
20,38,-0.31989526748657227,1.0832587480545044,1.0
20,39,-32.78608322143555,12.453559875488281,341.0
20,40,-13.73150634765625,3.1402180194854736,265.0
20,41,-23.51776123046875,110.33843231201172,410.0
20,42,-13.056095123291016,3.6899373531341553,31.0
20,43,-8.816927909851074,3.0105295181274414,19.0
20,44,-11.597965240478516,4.262030601501465,32.0
20,45,-9.797389030456543,134.1145782470703,26.0
20,46,-25.003604888916016,9.709017753601074,18.0
20,47,-19.40985870361328,5.040414333343506,24.0
20,48,-15.831016540527344,23.71726417541504,670.0
20,49,-12.641563415527344,6.085675239562988,8.0
20,50,-15.417223930358887,5.545711040496826,17.0
20,51,-9.304838180541992,22.233779907226562,29.0
20,52,-2.5607986450195312,1.8968595266342163,2.0
20,53,-16.00670051574707,9.842122077941895,62.0
20,54,-32.71736526489258,6.8520708084106445,85.0
20,55,-14.727840423583984,19.021465301513672,203.0
20,56,-7.66678524017334,6.798461437225342,38.0
20,57,-10.136375427246094,5.416207790374756,12.0
20,58,-8.303470611572266,2.294114828109741,4.0
20,59,-25.994230270385742,8.724943161010742,238.0
20,60,-31.932823181152344,14.311575889587402,59.0
20,61,-9.732733726501465,5.063826084136963,7.0
20,62,-37.502838134765625,17.900590896606445,130.0
20,63,-68.60762023925781,11.591500282287598,89.0
20,64,-33.1096076965332,12.767373085021973,269.0
20,65,-5.111865997314453,12.88331413269043,6.0
20,66,-4.24179744720459,4.112094402313232,5.0
22,0,-8.14872932434082,2.7692906856536865,4.0
22,1,-12.847551345825195,2.9172143936157227,4.0
22,2,-4.693009376525879,1.9550775289535522,6.0
22,3,-23.720073699951172,2715.390380859375,2900.0
22,4,-13.13015365600586,5.161716938018799,21.0
22,5,-5.431349754333496,3.8877763748168945,9.0
22,6,-8.857574462890625,5.879754066467285,7.0
22,7,-12.485074996948242,8.011242866516113,25.0
22,8,-23.461368560791016,13.555856704711914,77.0
22,9,-23.38333511352539,107.4114990234375,757.0
22,10,-10.415206909179688,13.515020370483398,29.0
22,11,-6.712654113769531,3.828721284866333,4.0
22,12,-8.887788772583008,2.0972962379455566,11.0
22,13,-22.189193725585938,2.7417593002319336,11.0
22,14,-0.3470957279205322,1.0443419218063354,1.0
22,15,-1.063435435295105,1.14216947555542,2.0
22,16,-2.8489277362823486,4.155629634857178,3.0
22,17,-9.845535278320312,4.0816650390625,3.0
22,18,-7.31221866607666,6.221771717071533,24.0
22,19,-6.144906044006348,2.1556951999664307,7.0
22,20,-3.950955390930176,1.7584315538406372,1.0
22,21,-11.381040573120117,1.8818964958190918,10.0
22,22,-18.82894515991211,23.06134033203125,6532.0
22,23,-37.535736083984375,12.211553573608398,380.0
22,24,-26.603221893310547,14.300895690917969,1085.0
22,25,-32.62608337402344,229.90835571289062,273.0
22,26,-22.285863876342773,41.030296325683594,108.0
22,27,-11.222296714782715,6.490780830383301,7.0
22,28,-3.340054988861084,2.3048458099365234,2.0
22,29,-32.514747619628906,4.383918762207031,45.0
22,30,-7.930959701538086,3.1049396991729736,3.0
22,31,-8.055726051330566,14.661747932434082,6.0
22,32,-7.310438632965088,38.67599868774414,64.0
22,33,-3.4092118740081787,2.345041036605835,2.0
22,34,-20.30597686767578,12.657464981079102,238.0
22,35,-4.880467891693115,5.087683200836182,4.0
22,36,-15.121845245361328,154.56504821777344,473.0
22,37,-4.953003406524658,5.212194919586182,6.0
22,38,-0.3063472807407379,1.079595923423767,1.0
22,39,-31.957117080688477,11.684226989746094,335.0
22,40,-12.751968383789062,2.894070625305176,195.0
22,41,-23.398836135864258,107.74498748779297,372.0
22,42,-12.096229553222656,3.3522205352783203,21.0
22,43,-8.78315258026123,2.9978461265563965,19.0
22,44,-11.126675605773926,4.01820182800293,28.0
22,45,-9.845365524291992,137.3706512451172,25.0
22,46,-24.804059982299805,9.534478187561035,18.0
22,47,-19.14238739013672,4.929309844970703,25.0
22,48,-15.692298889160156,23.068307876586914,638.0
22,49,-12.339302062988281,5.828486919403076,7.0
22,50,-15.127419471740723,5.369981288909912,17.0
22,51,-9.289200782775879,22.118188858032227,29.0
22,52,-2.5148515701293945,1.8751955032348633,2.0
22,53,-15.948844909667969,9.761112213134766,86.0
22,54,-31.60399627685547,6.4176926612854,72.0
22,55,-14.540653228759766,18.3225154876709,188.0
22,56,-7.607112407684326,6.697793483734131,38.0
22,57,-9.863571166992188,5.175461769104004,12.0
22,58,-8.061294555664062,2.2392241954803467,4.0
22,59,-25.51864242553711,8.38591480255127,249.0
22,60,-31.3969669342041,13.686553955078125,56.0
22,61,-9.392520904541016,4.784684658050537,7.0
22,62,-36.67293167114258,16.793548583984375,118.0
22,63,-67.39917755126953,11.101869583129883,83.0
22,64,-32.94229507446289,12.604108810424805,264.0
22,65,-4.8878302574157715,11.518047332763672,6.0
22,66,-4.021266937255859,3.8206565380096436,5.0
24,0,-7.324359893798828,2.498136281967163,4.0
24,1,-10.727741241455078,2.4448368549346924,4.0
24,2,-4.449422836303711,1.8882149457931519,5.0
24,3,-24.39510726928711,3400.583984375,3101.0
24,4,-12.947864532470703,5.045430660247803,20.0
24,5,-5.219171524047852,3.686925172805786,10.0
24,6,-8.415740966796875,5.382473945617676,7.0
24,7,-12.776066780090332,8.40935230255127,29.0
24,8,-23.57320213317871,13.725351333618164,82.0
24,9,-23.524927139282227,110.4967041015625,712.0
24,10,-10.407005310058594,13.487338066101074,34.0
24,11,-6.354331016540527,3.5639381408691406,5.0
24,12,-6.729740142822266,1.7520941495895386,3.0
24,13,-19.673053741455078,2.445451259613037,11.0
24,14,-0.2339470535516739,1.0296752452850342,1.0
24,15,-1.1618366241455078,1.156304955482483,2.0
24,16,-2.7899208068847656,4.034814834594727,3.0
24,17,-8.925338745117188,3.5788745880126953,3.0
24,18,-6.899508476257324,5.6118316650390625,21.0
24,19,-5.912049293518066,2.09385347366333,7.0
24,20,-3.4267172813415527,1.631550908088684,1.0
24,21,-11.144210815429688,1.8572981357574463,11.0
24,22,-18.915233612060547,23.395389556884766,6199.0
24,23,-35.83707809448242,10.904095649719238,336.0
24,24,-26.8099365234375,14.599592208862305,944.0
24,25,-32.79399871826172,236.433349609375,272.0
24,26,-22.376819610595703,41.65702438354492,136.0
24,27,-10.752716064453125,6.00216007232666,8.0
24,28,-3.081573963165283,2.160616397857666,2.0
24,29,-24.168228149414062,2.999830484390259,9.0
24,30,-7.2703375816345215,2.825314521789551,2.0
24,31,-7.905539035797119,13.945819854736328,6.0
24,32,-6.898096084594727,31.47041893005371,47.0
24,33,-2.7026796340942383,1.9653490781784058,1.0
24,34,-20.187618255615234,12.471578598022461,224.0
24,35,-4.427121162414551,4.374127388000488,4.0
24,36,-15.429243087768555,171.24258422851562,528.0
24,37,-4.83585786819458,5.012589454650879,6.0
24,38,-0.177705317735672,1.0454280376434326,1.0
24,39,-31.22732162475586,11.046368598937988,345.0
24,40,-11.331945419311523,2.571087121963501,144.0
24,41,-22.856494903564453,96.66960906982422,329.0
24,42,-10.62045669555664,2.8922815322875977,17.0
24,43,-8.861868858337402,3.027489185333252,23.0
24,44,-10.85763168334961,3.885314702987671,25.0
24,45,-10.133273124694824,158.63986206054688,29.0
24,46,-24.582292556762695,9.344182014465332,16.0
24,47,-18.80282211303711,4.791779518127441,23.0
24,48,-15.66617202758789,22.94808578491211,616.0
24,49,-11.8110990524292,5.404867172241211,7.0
24,50,-14.649827003479004,5.092447280883789,15.0
24,51,-9.168621063232422,21.24681282043457,26.0
24,52,-2.3517990112304688,1.8002935647964478,2.0
24,53,-15.498641967773438,9.153092384338379,93.0
24,54,-30.86041259765625,6.143031597137451,55.0
24,55,-14.430070877075195,17.921735763549805,180.0
24,56,-7.654905319213867,6.7783002853393555,43.0
24,57,-9.715442657470703,5.049253463745117,12.0
24,58,-7.406929969787598,2.09738826751709,3.0
24,59,-24.538612365722656,7.728265762329102,234.0
24,60,-30.60106658935547,12.808242797851562,49.0
24,61,-9.017865180969238,4.495053291320801,7.0
24,62,-35.589176177978516,15.450307846069336,100.0
24,63,-65.97808837890625,10.552473068237305,83.0
24,64,-32.45730972290039,12.142552375793457,259.0
24,65,-4.648439407348633,10.218704223632812,5.0
24,66,-3.801213026046753,3.5504379272460938,5.0
26,0,-6.528259754180908,2.2615091800689697,4.0
26,1,-9.661426544189453,2.23696231842041,4.0
26,2,-4.499055862426758,1.9016505479812622,5.0
26,3,-24.42868995666504,3438.86474609375,3054.0
26,4,-13.016849517822266,5.089126110076904,24.0
26,5,-5.12727689743042,3.6031887531280518,10.0
26,6,-8.103447914123535,5.056576251983643,7.0
26,7,-12.932098388671875,8.630908012390137,32.0
26,8,-23.651718139648438,13.84561824798584,82.0
26,9,-23.442873001098633,108.69815826416016,684.0
26,10,-10.151464462280273,12.652643203735352,32.0
26,11,-5.9957075119018555,3.317267894744873,4.0
26,12,-5.389225959777832,1.5669046640396118,2.0
26,13,-18.315893173217773,2.2991526126861572,11.0
26,14,-0.19592808187007904,1.0247933864593506,1.0
26,15,-1.2842397689819336,1.1741329431533813,2.0
26,16,-2.8207550048828125,4.0975022315979,3.0
26,17,-8.059203147888184,3.1623477935791016,3.0
26,18,-6.588515758514404,5.192051887512207,16.0
26,19,-5.72896671295166,2.0464792251586914,7.0
26,20,-2.9341683387756348,1.5206941366195679,1.0
26,21,-11.143638610839844,1.8572391271591187,11.0
26,22,-18.982507705688477,23.659183502197266,5899.0
26,23,-34.138343811035156,9.736577033996582,268.0
26,24,-26.748035430908203,14.50949764251709,823.0
26,25,-32.73101806640625,233.96458435058594,281.0
26,26,-22.615215301513672,43.345481872558594,167.0
26,27,-10.480230331420898,5.735672950744629,8.0
26,28,-2.9062063694000244,2.067937135696411,2.0
26,29,-21.53431510925293,2.6613471508026123,9.0
26,30,-6.626204013824463,2.576934576034546,2.0
26,31,-7.7692790031433105,13.326567649841309,6.0
26,32,-6.550932884216309,26.455562591552734,37.0
26,33,-2.2992732524871826,1.7768077850341797,1.0
26,34,-20.14630126953125,12.407333374023438,219.0
26,35,-4.157454490661621,3.9980955123901367,4.0
26,36,-15.714219093322754,188.30686950683594,558.0
26,37,-4.8038482666015625,4.959389686584473,5.0
26,38,-0.1775088757276535,1.0453766584396362,1.0
26,39,-30.760679244995117,10.656885147094727,348.0
26,40,-10.534881591796875,2.4058585166931152,102.0
26,41,-22.657398223876953,92.89592742919922,316.0
26,42,-9.960846900939941,2.7076597213745117,14.0
26,43,-8.873353004455566,3.0318381786346436,23.0
26,44,-10.588118553161621,3.7566020488739014,22.0
26,45,-10.386723518371582,180.07290649414062,33.0
26,46,-24.205543518066406,9.029563903808594,15.0
26,47,-18.406661987304688,4.63616943359375,22.0
26,48,-15.524128913879395,22.305330276489258,598.0
26,49,-11.491561889648438,5.163691997528076,7.0
26,50,-14.385347366333008,4.94497537612915,13.0
26,51,-9.121491432189941,20.915637969970703,25.0
26,52,-2.3252060413360596,1.7883645296096802,2.0
26,53,-15.127215385437012,8.68008041381836,94.0
26,54,-29.97058868408203,5.82975959777832,49.0
26,55,-14.12441635131836,16.858976364135742,170.0
26,56,-7.683704376220703,6.827278137207031,43.0
26,57,-9.736644744873047,5.067127704620361,12.0
26,58,-7.066532135009766,2.027195453643799,3.0
26,59,-23.72504997253418,7.221679210662842,212.0
26,60,-30.022430419921875,12.205286979675293,46.0
26,61,-8.651320457458496,4.22866678237915,7.0
26,62,-34.775970458984375,14.513432502746582,91.0
26,63,-64.71080017089844,10.085512161254883,78.0
26,64,-32.231163024902344,11.933151245117188,254.0
26,65,-4.5215654373168945,9.590592384338379,5.0
26,66,-3.6753251552581787,3.4045350551605225,5.0
28,0,-5.939455986022949,2.101038932800293,4.0
28,1,-9.25067138671875,2.1616878509521484,4.0
28,2,-4.552423477172852,1.9162042140960693,5.0
28,3,-23.931976318359375,2914.126708984375,3037.0
28,4,-13.144208908081055,5.170793056488037,25.0
28,5,-5.2074666023254395,3.676152229309082,11.0
28,6,-7.8364763259887695,4.793665409088135,4.0
28,7,-12.8529052734375,8.517739295959473,33.0
28,8,-23.369384765625,13.418017387390137,75.0
28,9,-23.297977447509766,105.5933609008789,692.0
28,10,-9.585139274597168,10.982298851013184,26.0
28,11,-5.866530895233154,3.2326629161834717,4.0
28,12,-5.005023956298828,1.5175319910049438,1.0
28,13,-17.82181167602539,2.2480931282043457,11.0
28,14,-0.21662485599517822,1.027448058128357,1.0
28,15,-1.2025381326675415,1.1622029542922974,2.0
28,16,-2.8122482299804688,4.080110549926758,3.0
28,17,-7.60670280456543,2.9643917083740234,3.0
28,18,-6.389084815979004,4.939535140991211,14.0
28,19,-5.680041790008545,2.0340018272399902,7.0
28,20,-2.578976631164551,1.445456624031067,1.0
28,21,-11.460517883300781,1.8902242183685303,12.0
28,22,-19.18269157409668,24.46186065673828,5857.0
28,23,-32.90076446533203,8.96550464630127,231.0
28,24,-26.471338272094727,14.11352825164795,869.0
28,25,-32.63111877441406,230.1013641357422,274.0
28,26,-22.716381072998047,44.082523345947266,149.0
28,27,-10.495041847229004,5.749849796295166,8.0
28,28,-2.8576905727386475,2.043006658554077,2.0
28,29,-25.614822387695312,3.203711986541748,16.0
28,30,-6.371623516082764,2.484898805618286,2.0
28,31,-7.723207473754883,13.123475074768066,6.0
28,32,-6.505640506744385,25.863178253173828,37.0
28,33,-2.3032405376434326,1.7785708904266357,1.0
28,34,-19.950878143310547,12.107919692993164,209.0
28,35,-4.172273635864258,4.017894268035889,4.0
28,36,-15.373515129089355,168.09092712402344,462.0
28,37,-4.789299964904785,4.935398101806641,5.0
28,38,-0.2758162319660187,1.0713870525360107,1.0
28,39,-30.253618240356445,10.24921703338623,322.0
28,40,-10.677946090698242,2.4347128868103027,100.0
28,41,-22.80300521850586,95.64096069335938,305.0
28,42,-10.3148832321167,2.8052377700805664,14.0
28,43,-8.833154678344727,3.0166420936584473,21.0
28,44,-10.165815353393555,3.5634419918060303,19.0
28,45,-10.30179500579834,172.58633422851562,35.0
28,46,-23.876890182495117,8.763772010803223,15.0
28,47,-17.634109497070312,4.347101211547852,20.0
28,48,-15.307613372802734,21.360057830810547,570.0
28,49,-11.575679779052734,5.22611665725708,7.0
28,50,-14.207645416259766,4.84829568862915,11.0
28,51,-9.318220138549805,22.33317756652832,25.0
28,52,-2.222324848175049,1.7429536581039429,2.0
28,53,-14.71729564666748,8.186372756958008,92.0
28,54,-29.177705764770508,5.564101696014404,43.0
28,55,-13.887977600097656,16.080310821533203,165.0
28,56,-7.671696186065674,6.8068132400512695,44.0
28,57,-9.733888626098633,5.06480073928833,12.0
28,58,-7.175785064697266,2.049464464187622,4.0
28,59,-23.4326114654541,7.047815322875977,182.0
28,60,-30.043062210083008,12.226288795471191,40.0
28,61,-8.385566711425781,4.045456409454346,7.0
28,62,-34.45174789428711,14.155943870544434,95.0
28,63,-63.89109802246094,9.794537544250488,79.0
28,64,-32.17191696166992,11.878890037536621,254.0
28,65,-4.468331336975098,9.3386869430542,5.0
28,66,-3.7043542861938477,3.437638282775879,5.0
30,0,-5.734115123748779,2.0477967262268066,4.0
30,1,-9.065638542175293,2.1286115646362305,4.0
30,2,-4.613142967224121,1.9328980445861816,5.0
30,3,-23.451005935668945,2482.451416015625,2949.0
30,4,-13.201641082763672,5.208047866821289,23.0
30,5,-5.341053009033203,3.8009963035583496,11.0
30,6,-7.798924446105957,4.757797718048096,5.0
30,7,-12.706183433532715,8.311975479125977,32.0
30,8,-23.240989685058594,13.227952003479004,74.0
30,9,-23.130048751831055,102.10584259033203,734.0
30,10,-9.210731506347656,10.000977516174316,23.0
30,11,-5.821978569030762,3.203986167907715,4.0
30,12,-4.8869218826293945,1.5026699304580688,1.0
30,13,-17.78996467590332,2.2448410987854004,11.0
30,14,-0.24441370368003845,1.0310232639312744,1.0
30,15,-1.2417843341827393,1.16791832447052,2.0
30,16,-2.8568732738494873,4.172171592712402,3.0
30,17,-7.596096992492676,2.9599034786224365,3.0
30,18,-6.206817626953125,4.719507694244385,11.0
30,19,-5.676619052886963,2.0331318378448486,7.0
30,20,-2.375202178955078,1.4039850234985352,1.0
30,21,-11.483109474182129,1.8925981521606445,12.0
30,22,-18.97774314880371,23.64040184020996,5618.0
30,23,-32.268165588378906,8.595260620117188,202.0
30,24,-26.297435760498047,13.870213508605957,869.0
30,25,-32.52312088012695,225.99667358398438,256.0
30,26,-22.93705177307129,45.7339973449707,140.0
30,27,-10.681117057800293,5.930960655212402,9.0
30,28,-2.824159622192383,2.0259523391723633,2.0
30,29,-28.928119659423828,3.7244327068328857,28.0
30,30,-6.657585144042969,2.588513135910034,2.0
30,31,-7.7387237548828125,13.19152545928955,6.0
30,32,-6.567722797393799,26.678590774536133,39.0
30,33,-2.4277682304382324,1.8348121643066406,1.0
30,34,-19.773075103759766,11.841784477233887,197.0
30,35,-4.291133880615234,4.180278778076172,4.0
30,36,-15.182106971740723,157.70123291015625,440.0
30,37,-4.764511585235596,4.8947858810424805,5.0
30,38,-0.3872087597846985,1.101642370223999,1.0
30,39,-29.842029571533203,9.929804801940918,286.0
30,40,-10.618279457092285,2.4226372241973877,93.0
30,41,-22.97770881652832,99.04179382324219,303.0
30,42,-10.891826629638672,2.971843957901001,19.0
30,43,-8.8548583984375,3.024837017059326,20.0
30,44,-9.73654842376709,3.377272605895996,12.0
30,45,-10.146431922912598,159.68704223632812,36.0
30,46,-23.62148666381836,8.562633514404297,15.0
30,47,-17.203664779663086,4.193931579589844,18.0
30,48,-15.208698272705078,20.94164276123047,582.0
30,49,-11.57934284210205,5.228852272033691,7.0
30,50,-14.228616714477539,4.8596062660217285,12.0
30,51,-9.480398178100586,23.57372283935547,25.0
30,52,-2.320711135864258,1.786355972290039,2.0
30,53,-14.810491561889648,8.296090126037598,92.0
30,54,-28.462032318115234,5.334724426269531,39.0
30,55,-13.625988006591797,15.259428024291992,153.0
30,56,-7.6416707038879395,6.755910396575928,44.0
30,57,-9.740982055664062,5.070792198181152,12.0
30,58,-7.417329788208008,2.0995707511901855,4.0
30,59,-23.392349243164062,7.024207592010498,163.0
30,60,-30.207422256469727,12.39490032196045,38.0
30,61,-8.298136711120605,3.9869349002838135,8.0
30,62,-34.4207649230957,14.12224292755127,97.0
30,63,-63.097930908203125,9.520977973937988,76.0
30,64,-32.55390167236328,12.233112335205078,274.0
30,65,-4.357919216156006,8.837106704711914,5.0
30,66,-3.773325204849243,3.5175864696502686,5.0
32,0,-5.97050666809082,2.1092097759246826,4.0
32,1,-8.726523399353027,2.0692996978759766,4.0
32,2,-4.545711517333984,1.9143675565719604,5.0
32,3,-23.523880004882812,2543.492431640625,2964.0
32,4,-13.059049606323242,5.1160430908203125,20.0
32,5,-5.318397521972656,3.779528856277466,12.0
32,6,-7.690823554992676,4.6560378074646,5.0
32,7,-12.62834358215332,8.204837799072266,32.0
32,8,-23.14918327331543,13.093703269958496,73.0
32,9,-22.917049407958984,97.84746551513672,734.0
32,10,-9.095104217529297,9.716019630432129,22.0
32,11,-5.739166259765625,3.1513571739196777,4.0
32,12,-4.257899761199951,1.4259310960769653,1.0
32,13,-16.511585235595703,2.118115186691284,10.0
32,14,-0.21423345804214478,1.0271409749984741,1.0
32,15,-1.2378448247909546,1.1673434972763062,2.0
32,16,-2.966966390609741,4.408274173736572,3.0
32,17,-7.953859806060791,3.1151137351989746,2.0
32,18,-5.958408355712891,4.435330390930176,8.0
32,19,-5.543580532073975,1.999600887298584,7.0
32,20,-2.1482527256011963,1.3591958284378052,1.0
32,21,-11.25324821472168,1.8685832023620605,11.0
32,22,-18.813297271728516,23.001272201538086,5598.0
32,23,-31.130104064941406,7.967257499694824,183.0
32,24,-26.285491943359375,13.853655815124512,816.0
32,25,-32.659873962402344,231.20672607421875,284.0
32,26,-22.931798934936523,45.69397735595703,161.0
32,27,-10.495463371276855,5.750253200531006,8.0
32,28,-2.689190149307251,1.9587323665618896,2.0
32,29,-26.449420928955078,3.3275835514068604,18.0
32,30,-7.410068035125732,2.8822784423828125,2.0
32,31,-7.6985368728637695,13.015995979309082,6.0
32,32,-6.499724388122559,25.786785125732422,37.0
32,33,-2.2120561599731445,1.7384849786758423,1.0
32,34,-19.590740203857422,11.574941635131836,190.0
32,35,-4.068881511688232,3.881779909133911,3.0
32,36,-15.316110610961914,164.90509033203125,479.0
32,37,-4.6953325271606445,4.783205032348633,5.0
32,38,-0.33533450961112976,1.087448000907898,1.0
32,39,-29.127805709838867,9.398971557617188,279.0
32,40,-9.724491119384766,2.2487494945526123,67.0
32,41,-23.252206802368164,104.63114166259766,304.0
32,42,-10.365894317626953,2.8195841312408447,14.0
32,43,-8.858904838562012,3.026367664337158,20.0
32,44,-9.41525936126709,3.2443253993988037,10.0
32,45,-10.307567596435547,173.08517456054688,41.0
32,46,-23.24567413330078,8.27503490447998,14.0
32,47,-16.598419189453125,3.9876480102539062,15.0
32,48,-15.242060661315918,21.08184242248535,607.0
32,49,-11.625805854797363,5.263675212860107,7.0
32,50,-14.109066009521484,4.795481204986572,10.0
32,51,-9.485105514526367,23.610746383666992,25.0
32,52,-2.202122926712036,1.7341731786727905,2.0
32,53,-15.159969329833984,8.72079086303711,97.0
32,54,-27.860042572021484,5.149120807647705,33.0
32,55,-13.460765838623047,14.76343059539795,151.0
32,56,-7.637354850769043,6.748624801635742,47.0
32,57,-9.581591606140137,4.937859535217285,12.0
32,58,-7.263932228088379,2.0676097869873047,4.0
32,59,-23.139450073242188,6.877722263336182,158.0
32,60,-30.125286102294922,12.31035327911377,32.0
32,61,-8.240008354187012,3.948496103286743,8.0
32,62,-33.84429931640625,13.509696006774902,90.0
32,63,-62.30567932128906,9.255359649658203,70.0
32,64,-32.437294006347656,12.123873710632324,274.0
32,65,-4.192241191864014,8.134551048278809,4.0
32,66,-3.618666172027588,3.340839147567749,5.0
34,0,-6.2083916664123535,2.172870397567749,4.0
34,1,-8.530132293701172,2.0357093811035156,4.0
34,2,-4.384189128875732,1.8707001209259033,5.0
34,3,-23.853755950927734,2839.127197265625,2906.0
34,4,-12.837532043457031,4.976324081420898,20.0
34,5,-5.260982990264893,3.7256665229797363,12.0
34,6,-7.589986324310303,4.563077449798584,5.0
34,7,-12.587724685668945,8.149478912353516,35.0
34,8,-23.19585609436035,13.161781311035156,77.0
34,9,-22.949052810668945,98.47575378417969,755.0
34,10,-9.25416088104248,10.110153198242188,22.0
34,11,-5.70811653137207,3.131847858428955,4.0
34,12,-3.771012783050537,1.36923348903656,1.0
34,13,-15.48424243927002,2.0214786529541016,10.0
34,14,-0.20438098907470703,1.025876760482788,1.0
34,15,-1.3120174407958984,1.178216814994812,2.0
34,16,-3.026876926422119,4.542322635650635,3.0
34,17,-8.24557113647461,3.2476730346679688,2.0
34,18,-5.687893867492676,4.14529275894165,8.0
34,19,-5.4163737297058105,1.9680569171905518,7.0
34,20,-1.956312894821167,1.3224331140518188,1.0
34,21,-11.121021270751953,1.8549067974090576,10.0
34,22,-18.720998764038086,22.650150299072266,5560.0
34,23,-29.679859161376953,7.233024597167969,164.0
34,24,-26.432655334472656,14.059039115905762,749.0
34,25,-32.622535705566406,229.77244567871094,285.0
34,26,-22.96343421936035,45.93553924560547,189.0
34,27,-10.200081825256348,5.474021911621094,8.0
34,28,-2.544719696044922,1.8892499208450317,2.0
34,29,-22.398630142211914,2.7679851055145264,9.0
34,30,-7.749021530151367,3.025278329849243,2.0
34,31,-7.63120698928833,12.727128028869629,6.0
34,32,-6.38330602645874,24.328609466552734,32.0
34,33,-1.9858030080795288,1.6428799629211426,1.0
34,34,-19.526796340942383,11.482792854309082,180.0
34,35,-3.887448787689209,3.653977632522583,3.0
34,36,-15.475532531738281,173.90525817871094,511.0
34,37,-4.628472805023193,4.6777825355529785,5.0
34,38,-0.26329129934310913,1.068037509918213,1.0
34,39,-28.604740142822266,9.028305053710938,265.0
34,40,-8.599526405334473,2.047515630722046,31.0
34,41,-23.390804290771484,107.57203674316406,316.0
34,42,-9.657329559326172,2.6267120838165283,13.0
34,43,-8.892322540283203,3.0390357971191406,20.0
34,44,-9.23116397857666,3.1705195903778076,8.0
34,45,-10.56037425994873,196.40663146972656,49.0
34,46,-23.033462524414062,8.116923332214355,14.0
34,47,-16.150245666503906,3.8414649963378906,11.0
34,48,-15.30226993560791,21.337238311767578,608.0
34,49,-11.505087852478027,5.173678874969482,7.0
34,50,-13.79216194152832,4.629563331604004,10.0
34,51,-9.465265274047852,23.45511245727539,25.0
34,52,-2.0406370162963867,1.6655564308166504,1.0
34,53,-15.654218673706055,9.358798027038574,106.0
34,54,-27.258033752441406,4.969969272613525,32.0
34,55,-13.267660140991211,14.204120635986328,134.0
34,56,-7.670971870422363,6.8055806159973145,50.0
34,57,-9.464101791381836,4.842108249664307,12.0
34,58,-6.927291393280029,1.9991639852523804,3.0
34,59,-22.816802978515625,6.695262908935547,158.0
34,60,-29.941394805908203,12.12314224243164,30.0
34,61,-8.17613697052002,3.906686305999756,8.0
34,62,-33.110416412353516,12.768167495727539,81.0
34,63,-61.09757995605469,8.864517211914062,70.0
34,64,-32.09632110595703,11.810015678405762,254.0
34,65,-4.050673007965088,7.57866096496582,3.0
34,66,-3.409106731414795,3.1154353618621826,5.0
36,0,-5.986436367034912,2.1134138107299805,4.0
36,1,-8.616920471191406,2.050485849380493,4.0
36,2,-4.279757499694824,1.8429985046386719,5.0
36,3,-23.834083557128906,2820.57080078125,2916.0
36,4,-12.854884147644043,4.9871296882629395,20.0
36,5,-5.2955522537231445,3.7580044269561768,12.0
36,6,-7.76091194152832,4.721764087677002,6.0
36,7,-12.43759536743164,7.948096752166748,32.0
36,8,-23.21324348449707,13.187235832214355,80.0
36,9,-22.924076080322266,97.98505401611328,744.0
36,10,-9.14443302154541,9.836581230163574,22.0
36,11,-5.803912162780762,3.192430257797241,4.0
36,12,-3.7174630165100098,1.363136887550354,1.0
36,13,-15.393440246582031,2.0131523609161377,10.0
36,14,-0.22545376420021057,1.0285825729370117,1.0
36,15,-1.3479050397872925,1.18351411819458,2.0
36,16,-3.0053818225860596,4.493764877319336,3.0
36,17,-8.056743621826172,3.1612370014190674,2.0
36,18,-5.597405910491943,4.052570819854736,8.0
36,19,-5.442966938018799,1.9746098518371582,7.0
36,20,-1.8732191324234009,1.3068279027938843,1.0
36,21,-11.226166725158691,1.8657739162445068,10.0
36,22,-18.73548126220703,22.70488929748535,5843.0
36,23,-29.18787956237793,6.999639511108398,143.0
36,24,-26.245479583740234,13.798335075378418,763.0
36,25,-32.56216812133789,227.47222900390625,292.0
36,26,-22.55506134033203,42.91309356689453,165.0
36,27,-10.246606826782227,5.516633987426758,8.0
36,28,-2.4408371448516846,1.8408164978027344,2.0
36,29,-24.305965423583984,3.0186707973480225,11.0
36,30,-7.690731048583984,3.0001907348632812,2.0
36,31,-7.60803747177124,12.629210472106934,6.0
36,32,-6.368399143218994,24.147953033447266,31.0
36,33,-2.026714324951172,1.6597692966461182,1.0
36,34,-19.534687042236328,11.494124412536621,178.0
36,35,-3.9281346797943115,3.7038700580596924,3.0
36,36,-15.48563289642334,174.4917755126953,530.0
36,37,-4.618923664093018,4.662917137145996,5.0
36,38,-0.30156734585762024,1.0783065557479858,1.0
36,39,-28.333724975585938,8.842036247253418,248.0
36,40,-8.533510208129883,2.036282539367676,29.0
36,41,-23.38890838623047,107.53125762939453,317.0
36,42,-10.025513648986816,2.7252259254455566,13.0
36,43,-8.917354583740234,3.0485599040985107,19.0
36,44,-8.958529472351074,3.064291000366211,7.0
36,45,-10.581727981567383,198.51487731933594,47.0
36,46,-22.940853118896484,8.048873901367188,13.0
36,47,-15.911261558532715,3.7657177448272705,11.0
36,48,-15.31862735748291,21.407161712646484,625.0
36,49,-11.379756927490234,5.081871509552002,7.0
36,50,-13.620780944824219,4.542239189147949,10.0
36,51,-9.448448181152344,23.323997497558594,25.0
36,52,-2.0746052265167236,1.6797605752944946,1.0
36,53,-15.762908935546875,9.5052490234375,112.0
36,54,-27.11251449584961,4.927608489990234,31.0
36,55,-13.118587493896484,13.786882400512695,117.0
36,56,-7.820673942565918,7.0651092529296875,51.0
36,57,-9.373469352722168,4.769516468048096,12.0
36,58,-6.896429538726807,1.9930038452148438,3.0
36,59,-22.561939239501953,6.554564476013184,154.0
36,60,-29.833454132080078,12.014582633972168,31.0
36,61,-8.171606063842773,3.9037368297576904,8.0
36,62,-33.017356872558594,12.677092552185059,81.0
36,63,-60.833030700683594,8.781156539916992,73.0
36,64,-32.08681869506836,11.801384925842285,245.0
36,65,-3.9867656230926514,7.340322971343994,3.0
36,66,-3.2896201610565186,2.9937899112701416,3.0
38,0,-5.962313175201416,2.107050657272339,4.0
38,1,-8.75474739074707,2.0741724967956543,4.0
38,2,-4.1970744132995605,1.8213574886322021,5.0
38,3,-23.818584442138672,2806.03564453125,2773.0
38,4,-12.901790618896484,5.016456604003906,20.0
38,5,-5.32042121887207,3.7814414501190186,11.0
38,6,-7.89654541015625,4.851602554321289,6.0
38,7,-12.465609550476074,7.985294342041016,33.0
38,8,-23.21646499633789,13.191956520080566,80.0
38,9,-23.00933074951172,99.67015075683594,743.0
38,10,-9.074750900268555,9.666707038879395,22.0
38,11,-5.957883358001709,3.2922680377960205,4.0
38,12,-3.6589365005493164,1.3565047979354858,1.0
38,13,-15.497453689575195,2.0226926803588867,10.0
38,14,-0.23553721606731415,1.0298798084259033,1.0
38,15,-1.408516764640808,1.1925150156021118,2.0
38,16,-2.952986240386963,4.377566814422607,3.0
38,17,-8.092184066772461,3.1772823333740234,2.0
38,18,-5.5522003173828125,4.007029056549072,8.0
38,19,-5.450477123260498,1.9764643907546997,7.0
38,20,-1.8405225276947021,1.300737977027893,1.0
38,21,-11.59298324584961,1.9041860103607178,11.0
38,22,-18.843517303466797,23.117412567138672,5860.0
38,23,-28.844158172607422,6.841067790985107,133.0
38,24,-26.17184066772461,13.697100639343262,744.0
38,25,-32.47705078125,224.2680206298828,281.0
38,26,-22.423606872558594,41.983123779296875,148.0
38,27,-10.147051811218262,5.425854206085205,9.0
38,28,-2.4177072048187256,1.8302029371261597,2.0
38,29,-25.139028549194336,3.13516902923584,14.0
38,30,-7.722275257110596,3.0137412548065186,2.0
38,31,-7.5906291007995605,12.556139945983887,5.0
38,32,-6.3160576820373535,23.524181365966797,30.0
38,33,-2.0513575077056885,1.6700263023376465,1.0
38,34,-19.497438430786133,11.440730094909668,172.0
38,35,-3.8831183910369873,3.6487066745758057,3.0
38,36,-15.482864379882812,174.3308563232422,529.0
38,37,-4.599566459655762,4.632926940917969,5.0
38,38,-0.33912602066993713,1.0884792804718018,1.0
38,39,-28.240816116333008,8.779069900512695,231.0
38,40,-8.582796096801758,2.044663190841675,33.0
38,41,-23.503921508789062,110.0334243774414,306.0
38,42,-10.14537525177002,2.7580878734588623,15.0
38,43,-8.909542083740234,3.0455844402313232,19.0
38,44,-8.82162857055664,3.012298822402954,6.0
38,45,-10.482585906982422,188.91419982910156,45.0
38,46,-22.77220344543457,7.926409721374512,12.0
38,47,-15.781047821044922,3.7250759601593018,11.0
38,48,-15.2940673828125,21.302268981933594,623.0
38,49,-11.429096221923828,5.117816925048828,7.0
38,50,-13.573713302612305,4.5185465812683105,10.0
38,51,-9.427910804748535,23.164871215820312,25.0
38,52,-2.069652557373047,1.6776821613311768,1.0
38,53,-15.776830673217773,9.52417278289795,110.0
38,54,-26.818737030029297,4.843185901641846,30.0
38,55,-12.87921142578125,13.14238452911377,100.0
38,56,-7.830201148986816,7.08195686340332,54.0
38,57,-9.339176177978516,4.742333889007568,11.0
38,58,-6.925806522369385,1.998867154121399,4.0
38,59,-22.33830451965332,6.433543682098389,140.0
38,60,-29.72016143798828,11.90168571472168,31.0
38,61,-8.202415466308594,3.9238338470458984,8.0
38,62,-32.968589782714844,12.62962532043457,81.0
38,63,-60.54874038696289,8.692452430725098,78.0
38,64,-31.95164680480957,11.679311752319336,240.0
38,65,-3.9628450870513916,7.253053188323975,3.0
38,66,-3.243297815322876,2.94791841506958,3.0
40,0,-6.042304992675781,2.1282248497009277,3.0
40,1,-8.531245231628418,2.035898208618164,4.0
40,2,-4.111180782318115,1.7991451025009155,5.0
40,3,-24.069725036621094,3051.052978515625,2919.0
40,4,-13.013236045837402,5.086828231811523,22.0
40,5,-5.2296247482299805,3.69657301902771,11.0
40,6,-7.750479221343994,4.711921691894531,5.0
40,7,-12.513378143310547,8.049121856689453,35.0
40,8,-23.475025177001953,13.576444625854492,79.0
40,9,-23.142860412597656,102.3677749633789,728.0
40,10,-9.126232147216797,9.791924476623535,22.0
40,11,-6.0508880615234375,3.3540804386138916,5.0
40,12,-3.318469524383545,1.3185585737228394,1.0
40,13,-14.818077087402344,1.961185097694397,10.0
40,14,-0.19342833757400513,1.0244731903076172,1.0
40,15,-1.5043072700500488,1.2068798542022705,2.0
40,16,-2.983332395553589,4.444494724273682,3.0
40,17,-8.045805931091309,3.156301259994507,2.0
40,18,-5.4677815437316895,3.9233479499816895,8.0
40,19,-5.278994560241699,1.9345492124557495,7.0
40,20,-1.6165391206741333,1.2597763538360596,1.0
40,21,-11.674735069274902,1.9128540754318237,13.0
40,22,-18.97183609008789,23.61713981628418,5556.0
40,23,-27.677291870117188,6.329066276550293,108.0
40,24,-26.53427505493164,14.20263671875,719.0
40,25,-32.5693473815918,227.74453735351562,270.0
40,26,-22.442888259887695,42.11825942993164,152.0
40,27,-9.916265487670898,5.221114635467529,8.0
40,28,-2.30521821975708,1.7794504165649414,2.0
40,29,-20.416114807128906,2.5294582843780518,9.0
40,30,-8.004591941833496,3.1377720832824707,2.0
40,31,-7.500699043273926,12.185332298278809,5.0
40,32,-6.284762382507324,23.158946990966797,29.0
40,33,-1.820383071899414,1.5763243436813354,1.0
40,34,-19.625259399414062,11.624993324279785,179.0
40,35,-3.723026990890503,3.459102153778076,3.0
40,36,-15.517309188842773,176.34393310546875,517.0
40,37,-4.551894187927246,4.559887886047363,4.0
40,38,-0.2952796220779419,1.076612949371338,1.0
40,39,-28.014238357543945,8.6273832321167,234.0
40,40,-7.769990921020508,1.9107564687728882,24.0
40,41,-23.463563919067383,109.14887237548828,303.0
40,42,-9.8887357711792,2.688204765319824,14.0
40,43,-8.934375762939453,3.0550529956817627,19.0
40,44,-8.7879056930542,2.9996278285980225,7.0
40,45,-10.727412223815918,213.51480102539062,51.0
40,46,-22.564136505126953,7.777889251708984,13.0
40,47,-15.591212272644043,3.6666104793548584,8.0
40,48,-15.38279914855957,21.683677673339844,628.0
40,49,-11.213689804077148,4.962728500366211,7.0
40,50,-13.493810653686523,4.478607654571533,10.0
40,51,-9.432865142822266,23.203157424926758,25.0
40,52,-1.9349970817565918,1.6221449375152588,1.0
40,53,-15.844762802124023,9.617051124572754,100.0
40,54,-26.592529296875,4.779167652130127,25.0
40,55,-12.534210205078125,12.266135215759277,89.0
40,56,-7.754888534545898,6.949864387512207,52.0
40,57,-9.330564498901367,4.735532283782959,11.0
40,58,-6.652249336242676,1.9449279308319092,3.0
40,59,-21.970054626464844,6.239112377166748,139.0
40,60,-29.411928176879883,11.599871635437012,30.0
40,61,-8.164999008178711,3.8994407653808594,9.0
40,62,-32.535587310791016,12.215889930725098,71.0
40,63,-59.903648376464844,8.494475364685059,76.0
40,64,-31.664989471435547,11.424593925476074,237.0
40,65,-3.8413431644439697,6.825541019439697,3.0
40,66,-3.0750956535339355,2.787184238433838,2.0
42,0,-6.371028900146484,2.217495918273926,3.0
42,1,-8.458460807800293,2.0235869884490967,4.0
42,2,-3.932776927947998,1.7538708448410034,4.0
42,3,-24.482343673706055,3500.91943359375,2996.0
42,4,-13.157591819763184,5.179450511932373,24.0
42,5,-5.133495807647705,3.608795166015625,12.0
42,6,-7.7791948318481445,4.739060878753662,8.0
42,7,-12.603161811828613,8.170475006103516,35.0
42,8,-23.787506103515625,14.056095123291016,83.0
42,9,-23.226518630981445,104.09497833251953,734.0
42,10,-9.164295196533203,9.885546684265137,23.0
42,11,-5.938047409057617,3.2792325019836426,6.0
42,12,-2.9585838317871094,1.2796014547348022,1.0
42,13,-14.202089309692383,1.9070346355438232,9.0
42,14,-0.16763481497764587,1.0211753845214844,1.0
42,15,-1.5256491899490356,1.2101037502288818,2.0
42,16,-2.9254751205444336,4.317763805389404,3.0
42,17,-8.15795612335205,3.2072770595550537,2.0
42,18,-5.341769218444824,3.8016769886016846,8.0
42,19,-5.147091388702393,1.902914047241211,6.0
42,20,-1.4470288753509521,1.229636311531067,1.0
42,21,-11.62115478515625,1.9071685075759888,13.0
42,22,-19.218355178833008,24.607696533203125,5734.0
42,23,-26.330699920654297,5.785646438598633,81.0
42,24,-26.704429626464844,14.446368217468262,711.0
42,25,-32.648033142089844,230.75096130371094,262.0
42,26,-22.64354705810547,43.5506477355957,162.0
42,27,-9.701772689819336,5.037762641906738,8.0
42,28,-2.2350382804870605,1.748502254486084,2.0
42,29,-16.745201110839844,2.1407270431518555,9.0
42,30,-8.265694618225098,3.2570228576660156,3.0
42,31,-7.4575419425964355,12.011292457580566,5.0
42,32,-6.241999626159668,22.66903305053711,27.0
42,33,-1.6353696584701538,1.5050746202468872,1.0
42,34,-19.688426971435547,11.717147827148438,182.0
42,35,-3.4981155395507812,3.209254264831543,3.0
42,36,-15.739022254943848,189.87022399902344,566.0
42,37,-4.472896575927734,4.441381454467773,4.0
42,38,-0.23718863725662231,1.0610905885696411,1.0
42,39,-27.94219207763672,8.579702377319336,215.0
42,40,-6.885058403015137,1.774919033050537,18.0
42,41,-23.401840209960938,107.80973815917969,288.0
42,42,-9.6243896484375,2.6180739402770996,13.0
42,43,-8.951835632324219,3.061728000640869,19.0
42,44,-8.748425483703613,2.984860897064209,7.0
42,45,-10.843781471252441,226.3065948486328,53.0
42,46,-22.400968551635742,7.663368225097656,13.0
42,47,-15.540987014770508,3.651296377182007,10.0
42,48,-15.316898345947266,21.399761199951172,602.0
42,49,-11.19788646697998,4.951537609100342,7.0
42,50,-13.358731269836426,4.411891460418701,10.0
42,51,-9.406416893005371,22.999496459960938,24.0
42,52,-1.838972806930542,1.583667278289795,1.0
42,53,-16.156902313232422,10.055591583251953,102.0
42,54,-26.329553604125977,4.705807209014893,22.0
42,55,-12.288456916809082,11.677821159362793,85.0
42,56,-7.701772212982178,6.858186721801758,53.0
42,57,-9.352916717529297,4.753206729888916,12.0
42,58,-6.60590934753418,1.9359358549118042,3.0
42,59,-21.652938842773438,6.076394557952881,143.0
42,60,-29.280567169189453,11.473584175109863,30.0
42,61,-8.109197616577148,3.8633432388305664,9.0
42,62,-32.25811767578125,11.957917213439941,68.0
42,63,-59.150360107421875,8.268993377685547,72.0
42,64,-31.511247634887695,11.290278434753418,245.0
42,65,-3.730651378631592,6.458038806915283,3.0
42,66,-2.920231342315674,2.646956205368042,2.0
44,0,-6.741287708282471,2.3225390911102295,3.0
44,1,-8.327265739440918,2.0015838146209717,4.0
44,2,-3.8679003715515137,1.7376909255981445,4.0
44,3,-24.631864547729492,3679.829833984375,3119.0
44,4,-13.26255989074707,5.247858047485352,24.0
44,5,-5.03770637512207,3.5234005451202393,12.0
44,6,-7.648908615112305,4.61716890335083,7.0
44,7,-12.5775785446167,8.135710716247559,36.0
44,8,-23.873708724975586,14.191374778747559,83.0
44,9,-23.211782455444336,103.78862762451172,731.0
44,10,-9.224207878112793,10.03472900390625,23.0
44,11,-5.855135917663574,3.2253036499023438,6.0
44,12,-2.8259475231170654,1.2655359506607056,1.0
44,13,-13.58976936340332,1.8546886444091797,9.0
44,14,-0.14158985018730164,1.017856240272522,1.0
44,15,-1.4869284629821777,1.2042609453201294,2.0
44,16,-3.000138998031616,4.482000350952148,3.0
44,17,-8.683354377746582,3.4572699069976807,2.0
44,18,-5.163172245025635,3.6356685161590576,7.0
44,19,-5.065205097198486,1.8835355043411255,6.0
44,20,-1.3310730457305908,1.2094348669052124,1.0
44,21,-11.68427848815918,1.9138685464859009,13.0
44,22,-19.21712303161621,24.602645874023438,5577.0
44,23,-25.670246124267578,5.536429405212402,64.0
44,24,-26.869150161743164,14.686297416687012,674.0
44,25,-32.657691955566406,231.12271118164062,267.0
44,26,-22.75325584411621,44.354286193847656,176.0
44,27,-9.47596263885498,4.85168981552124,8.0
44,28,-2.1904871463775635,1.7291359901428223,2.0
44,29,-14.593550682067871,1.9412715435028076,9.0
44,30,-8.806884765625,3.518822431564331,3.0
44,31,-7.459911346435547,12.020783424377441,6.0
44,32,-6.168503761291504,21.851112365722656,24.0
44,33,-1.5441291332244873,1.4711322784423828,1.0
44,34,-19.817005157470703,11.906991004943848,193.0
44,35,-3.3396761417388916,3.044161081314087,3.0
44,36,-15.874098777770996,198.61456298828125,599.0
44,37,-4.488429546356201,4.464437484741211,4.0
44,38,-0.18735279142856598,1.04795241355896,1.0
44,39,-27.85700225830078,8.523664474487305,202.0
44,40,-6.129958152770996,1.6666736602783203,9.0
44,41,-23.606189727783203,112.30722045898438,287.0
44,42,-9.385406494140625,2.556248188018799,11.0
44,43,-8.990730285644531,3.0766499042510986,22.0
44,44,-8.722833633422852,2.975327730178833,7.0
44,45,-10.89300537109375,231.945556640625,54.0
44,46,-22.05984878540039,7.429367542266846,13.0
44,47,-15.309362411499023,3.5814948081970215,9.0
44,48,-15.434242248535156,21.90792465209961,639.0
44,49,-11.140134811401367,4.910853862762451,7.0
44,50,-13.36742115020752,4.416153430938721,10.0
44,51,-9.509197235107422,23.80111312866211,25.0
44,52,-1.7662649154663086,1.5551410913467407,1.0
44,53,-16.467695236206055,10.512109756469727,100.0
44,54,-25.80996322631836,4.564154148101807,19.0
44,55,-12.286544799804688,11.673357009887695,94.0
44,56,-7.728094100952148,6.903465747833252,56.0
44,57,-9.32296371459961,4.729537010192871,12.0
44,58,-6.484614372253418,1.9125959873199463,3.0
44,59,-21.32750701904297,5.913821697235107,140.0
44,60,-29.13195037841797,11.33236312866211,28.0
44,61,-7.978630065917969,3.780179977416992,9.0
44,62,-31.82721519470215,11.568056106567383,60.0
44,63,-58.64832305908203,8.122053146362305,69.0
44,64,-31.373104095458984,11.170940399169922,255.0
44,65,-3.675673484802246,6.282932281494141,3.0
44,66,-2.8256359100341797,2.5647952556610107,2.0
46,0,-7.083505630493164,2.424046516418457,3.0
46,1,-8.140876770019531,1.970734715461731,4.0
46,2,-3.9104835987091064,1.7482942342758179,4.0
46,3,-24.487030029296875,3506.392578125,3091.0
46,4,-13.274114608764648,5.255443096160889,25.0
46,5,-5.066344261169434,3.5487165451049805,12.0
46,6,-7.521466255187988,4.50097131729126,7.0
46,7,-12.469602584838867,7.990610599517822,35.0
46,8,-23.79315948486328,14.064929008483887,80.0
46,9,-23.1485538482666,102.48441314697266,769.0
46,10,-9.229437828063965,10.047857284545898,24.0
46,11,-5.819916725158691,3.202665090560913,6.0
46,12,-2.796269416809082,1.2624098062515259,1.0
46,13,-13.738378524780273,1.86725914478302,9.0
46,14,-0.13428431749343872,1.0169272422790527,1.0
46,15,-1.4164587259292603,1.193699598312378,2.0
46,16,-3.0186004638671875,4.523564338684082,3.0
46,17,-9.068808555603027,3.6529829502105713,3.0
46,18,-5.12913703918457,3.6048645973205566,7.0
46,19,-5.074860095977783,1.885810136795044,6.0
46,20,-1.3075530529022217,1.2053780555725098,1.0
46,21,-11.704769134521484,1.916048526763916,12.0
46,22,-18.954608917236328,23.549428939819336,5601.0
46,23,-25.455154418945312,5.457606315612793,59.0
46,24,-26.885448455810547,14.710253715515137,720.0
46,25,-32.565650939941406,227.6042938232422,267.0
46,26,-22.702880859375,43.98345184326172,168.0
46,27,-9.612954139709473,4.963737964630127,8.0
46,28,-2.1740384101867676,1.7220399379730225,2.0
46,29,-14.619312286376953,1.943545937538147,9.0
46,30,-9.248971939086914,3.7482221126556396,3.0
46,31,-7.449610233306885,11.979578971862793,6.0
46,32,-6.239093780517578,22.636119842529297,27.0
46,33,-1.6017746925354004,1.4924867153167725,1.0
46,34,-19.647584915161133,11.65748119354248,181.0
46,35,-3.3836171627044678,3.0890769958496094,3.0
46,36,-15.90870475769043,200.91897583007812,599.0
46,37,-4.500386714935303,4.482266902923584,4.0
46,38,-0.18156898021697998,1.046438217163086,1.0
46,39,-27.791645050048828,8.480918884277344,184.0
46,40,-6.070831298828125,1.6584818363189697,9.0
46,41,-23.701091766357422,114.45917510986328,288.0
46,42,-9.488523483276367,2.5827441215515137,12.0
46,43,-9.024669647216797,3.0897300243377686,22.0
46,44,-8.693401336669922,2.9644014835357666,6.0
46,45,-10.782402038574219,219.46681213378906,52.0
46,46,-21.870773315429688,7.302759170532227,13.0
46,47,-15.367341995239258,3.5988411903381348,10.0
46,48,-15.442667007446289,21.944869995117188,662.0
46,49,-11.130945205688477,4.9044108390808105,7.0
46,50,-13.519155502319336,4.491237640380859,10.0
46,51,-9.560221672058105,24.20939064025879,25.0
46,52,-1.7962900400161743,1.566858172416687,1.0
46,53,-16.907432556152344,11.193660736083984,106.0
46,54,-25.499473571777344,4.481550216674805,19.0
46,55,-12.2452974319458,11.577452659606934,90.0
46,56,-7.682875156402588,6.825863361358643,55.0
46,57,-9.364362716674805,4.762282848358154,12.0
46,58,-6.600457191467285,1.9348807334899902,3.0
46,59,-21.324893951416016,5.912533760070801,136.0
46,60,-29.281057357788086,11.474051475524902,29.0
46,61,-8.053616523742676,3.8277204036712646,9.0
46,62,-31.940799713134766,11.669569969177246,63.0
46,63,-58.36857604980469,8.041311264038086,67.0
46,64,-31.299949645996094,11.108253479003906,252.0
46,65,-3.5939207077026367,6.031286716461182,3.0
46,66,-2.834371566772461,2.572274684906006,2.0
48,0,-7.259788513183594,2.4780540466308594,4.0
48,1,-8.06981372833252,1.9590985774993896,4.0
48,2,-3.9413304328918457,1.756015419960022,4.0
48,3,-24.323904037475586,3320.824462890625,3014.0
48,4,-13.093076705932617,5.1378493309021,23.0
48,5,-5.126181125640869,3.6022019386291504,12.0
48,6,-7.664377212524414,4.63147497177124,7.0
48,7,-12.453197479248047,7.96879243850708,35.0
48,8,-23.494083404541016,13.60522174835205,78.0
48,9,-23.082908630371094,101.14771270751953,760.0
48,10,-9.041196823120117,9.585957527160645,23.0
48,11,-5.797945499420166,3.1886227130889893,5.0
48,12,-3.015937328338623,1.2857317924499512,1.0
48,13,-14.209836959838867,1.907706379890442,9.0
48,14,-0.14594726264476776,1.0184108018875122,1.0
48,15,-1.279502511024475,1.1734378337860107,2.0
48,16,-2.994173526763916,4.46865177154541,3.0
48,17,-9.197108268737793,3.7205538749694824,3.0
48,18,-5.129368305206299,3.6050732135772705,7.0
48,19,-5.249251365661621,1.9273700714111328,7.0
48,20,-1.385516881942749,1.2188782691955566,1.0
48,21,-11.667581558227539,1.912093997001648,10.0
48,22,-18.811620712280273,22.994848251342773,5694.0
48,23,-26.221294403076172,5.743601322174072,65.0
48,24,-26.827707290649414,14.625560760498047,766.0
48,25,-32.448150634765625,223.19041442871094,268.0
48,26,-22.76699447631836,44.455963134765625,165.0
48,27,-9.852485656738281,5.165908336639404,8.0
48,28,-2.202584981918335,1.7343734502792358,2.0
48,29,-17.771718978881836,2.2429802417755127,9.0
48,30,-9.428317070007324,3.8454954624176025,3.0
48,31,-7.444644927978516,11.959768295288086,6.0
48,32,-6.291262626647949,23.234338760375977,29.0
48,33,-1.7827537059783936,1.5615649223327637,1.0
48,34,-19.652095794677734,11.664056777954102,182.0
48,35,-3.5372350215911865,3.251376152038574,3.0
48,36,-15.58238697052002,180.2111053466797,552.0
48,37,-4.516512870788574,4.506425380706787,4.0
48,38,-0.23755761981010437,1.0611884593963623,1.0
48,39,-27.5909481048584,8.350995063781738,168.0
48,40,-6.792725563049316,1.7613146305084229,17.0
48,41,-23.92916488647461,119.80110168457031,305.0
48,42,-9.789507865905762,2.6616621017456055,13.0
48,43,-9.006269454956055,3.0826315879821777,19.0
48,44,-8.5223970413208,2.9017081260681152,6.0
48,45,-10.518367767333984,192.32447814941406,46.0
48,46,-21.93895721435547,7.348165512084961,12.0
48,47,-15.356135368347168,3.5954818725585938,10.0
48,48,-15.3262939453125,21.44001007080078,632.0
48,49,-11.169246673583984,4.931319713592529,7.0
48,50,-13.549592971801758,4.506452560424805,11.0
48,51,-9.575162887573242,24.330263137817383,25.0
48,52,-1.884964108467102,1.6019810438156128,1.0
48,53,-16.908971786499023,11.196121215820312,104.0
48,54,-25.632057189941406,4.51663875579834,19.0
48,55,-12.308204650878906,11.72403335571289,88.0
48,56,-7.761141300201416,6.9607367515563965,58.0
48,57,-9.411870956420898,4.800140380859375,12.0
48,58,-6.848937511444092,1.9835610389709473,3.0
48,59,-21.546361923217773,6.022666931152344,132.0
48,60,-29.574542999267578,11.758133888244629,31.0
48,61,-8.083837509155273,3.847048759460449,9.0
48,62,-32.12934875488281,11.840057373046875,66.0
48,63,-58.81576156616211,8.170766830444336,67.0
48,64,-31.466228485107422,11.251248359680176,256.0
48,65,-3.6365864276885986,6.1613335609436035,3.0
48,66,-2.914308786392212,2.6417360305786133,2.0
50,0,-7.2377471923828125,2.471235990524292,4.0
50,1,-8.161969184875488,1.9742016792297363,4.0
50,2,-3.9790966510772705,1.765514850616455,4.0
50,3,-24.04425048828125,3025.254638671875,2850.0
50,4,-13.062301635742188,5.118122577667236,23.0
50,5,-5.220166206359863,3.68784236907959,12.0
50,6,-7.743808269500732,4.705639362335205,7.0
50,7,-12.380525588989258,7.872856616973877,35.0
50,8,-23.396286010742188,13.458185195922852,78.0
50,9,-23.147958755493164,102.47224426269531,756.0
50,10,-8.953973770141602,9.379190444946289,24.0
50,11,-5.823986530303955,3.205273151397705,5.0
50,12,-3.145303726196289,1.2996677160263062,1.0
50,13,-14.446516036987305,1.9283405542373657,9.0
50,14,-0.15850678086280823,1.0200109481811523,1.0
50,15,-1.2949542999267578,1.1757066249847412,2.0
50,16,-2.9979777336120605,4.47715950012207,3.0
50,17,-9.261969566345215,3.755188465118408,3.0
50,18,-5.167015075683594,3.6391632556915283,7.0
50,19,-5.2172956466674805,1.9196865558624268,7.0
50,20,-1.4305248260498047,1.2267404794692993,1.0
50,21,-11.729106903076172,1.9186409711837769,11.0
50,22,-18.70885467529297,22.60434913635254,5618.0
50,23,-26.752971649169922,5.95083475112915,67.0
50,24,-26.694957733154297,14.43269157409668,784.0
50,25,-32.467315673828125,223.90440368652344,265.0
50,26,-22.571823120117188,43.03314208984375,146.0
50,27,-9.951698303222656,5.252039432525635,9.0
50,28,-2.2181777954101562,1.7411476373672485,2.0
50,29,-20.06519317626953,2.489431142807007,9.0
50,30,-9.493563652038574,3.8815064430236816,3.0
50,31,-7.467718124389648,12.052105903625488,5.0
50,32,-6.317145824432373,23.536983489990234,29.0
50,33,-1.8929777145385742,1.6051937341690063,1.0
50,34,-19.63275909423828,11.635897636413574,181.0
50,35,-3.68552827835083,3.4161336421966553,3.0
50,36,-15.538314819335938,177.58299255371094,540.0
50,37,-4.5702900886535645,4.587934970855713,5.0
50,38,-0.2597467005252838,1.067091464996338,1.0
50,39,-27.7585506439209,8.459357261657715,162.0
50,40,-7.227869033813477,1.8263554573059082,18.0
50,41,-24.021068572998047,122.02348327636719,310.0
50,42,-10.089905738830566,2.742830753326416,14.0
50,43,-8.901773452758789,3.042628049850464,19.0
50,44,-8.504371643066406,2.8951776027679443,6.0
50,45,-10.371500968933105,178.70750427246094,43.0
50,46,-21.801742553710938,7.257073879241943,12.0
50,47,-15.459868431091309,3.626696825027466,10.0
50,48,-15.284235954284668,21.260417938232422,614.0
50,49,-11.199248313903809,4.952500820159912,7.0
50,50,-13.597418785095215,4.530463695526123,11.0
50,51,-9.602235794067383,24.550823211669922,25.0
50,52,-1.9585057497024536,1.6317064762115479,1.0
50,53,-16.89996337890625,11.181721687316895,111.0
50,54,-25.668331146240234,4.526286602020264,20.0
50,55,-12.371404647827148,11.873165130615234,93.0
50,56,-7.726527690887451,6.900763034820557,55.0
50,57,-9.33598518371582,4.739811897277832,11.0
50,58,-7.027569770812988,2.0193123817443848,3.0
50,59,-21.645851135253906,6.072807312011719,132.0
50,60,-29.707122802734375,11.888761520385742,30.0
50,61,-8.13595962524414,3.8806135654449463,8.0
50,62,-32.39146423339844,12.081206321716309,71.0
50,63,-59.01203155517578,8.228243827819824,75.0
50,64,-31.5511474609375,11.324983596801758,252.0
50,65,-3.724947929382324,6.439648628234863,3.0
50,66,-2.936380624771118,2.6612436771392822,2.0
52,0,-7.070761203765869,2.4201877117156982,4.0
52,1,-8.191919326782227,1.9791351556777954,4.0
52,2,-3.9787673950195312,1.7654317617416382,4.0
52,3,-24.160356521606445,3144.633056640625,2923.0
52,4,-13.113019943237305,5.150673866271973,25.0
52,5,-5.228682994842529,3.6957030296325684,12.0
52,6,-7.795891761779785,4.754912853240967,7.0
52,7,-12.362873077392578,7.849728107452393,35.0
52,8,-23.362823486328125,13.408238410949707,77.0
52,9,-23.094139099121094,101.37512969970703,724.0
52,10,-8.910552978515625,9.277928352355957,24.0
52,11,-5.881171703338623,3.24214243888855,5.0
52,12,-3.234701633453369,1.309386134147644,1.0
52,13,-14.346450805664062,1.9195895195007324,9.0
52,14,-0.153922900557518,1.0194265842437744,1.0
52,15,-1.3032115697860718,1.176920771598816,2.0
52,16,-2.9856724739074707,4.449697971343994,3.0
52,17,-8.887591361999512,3.5596277713775635,2.0
52,18,-5.155506134033203,3.6287074089050293,7.0
52,19,-5.21699857711792,1.919615387916565,7.0
52,20,-1.3887178897857666,1.2194358110427856,1.0
52,21,-11.794727325439453,1.9256482124328613,11.0
52,22,-18.861164093017578,23.185503005981445,5608.0
52,23,-26.641834259033203,5.906907081604004,63.0
52,24,-26.713848114013672,14.459980010986328,769.0
52,25,-32.50218963623047,225.20965576171875,260.0
52,26,-22.590452194213867,43.166961669921875,142.0
52,27,-9.886792182922363,5.195529937744141,9.0
52,28,-2.183791399002075,1.7262437343597412,2.0
52,29,-20.615842819213867,2.5525269508361816,9.0
52,30,-9.094685554504395,3.6665120124816895,3.0
52,31,-7.481270790100098,12.10667610168457,6.0
52,32,-6.292117118835449,23.2442684173584,30.0
52,33,-1.8731441497802734,1.5972541570663452,1.0
52,34,-19.648263931274414,11.658470153808594,175.0
52,35,-3.691800832748413,3.423283815383911,3.0
52,36,-15.686380386352539,186.56761169433594,571.0
52,37,-4.5913190841674805,4.620208263397217,5.0
52,38,-0.25098565220832825,1.0647567510604858,1.0
52,39,-27.786779403686523,8.477745056152344,157.0
52,40,-7.413176536560059,1.854777455329895,19.0
52,41,-24.069791793823242,123.2183837890625,311.0
52,42,-10.266840934753418,2.79179310798645,15.0
52,43,-8.958386421203613,3.0642361640930176,19.0
52,44,-8.486715316772461,2.8887948989868164,6.0
52,45,-10.30063533782959,172.4862823486328,42.0
52,46,-21.932483673095703,7.343842506408691,12.0
52,47,-15.35425090789795,3.594916820526123,10.0
52,48,-15.274497985839844,21.21905517578125,608.0
52,49,-11.161588668823242,4.925928115844727,7.0
52,50,-13.575748443603516,4.51956844329834,12.0
52,51,-9.5726900100708,24.310216903686523,25.0
52,52,-1.9840673208236694,1.6421672105789185,1.0
52,53,-16.68596076965332,10.845049858093262,103.0
52,54,-25.78468132019043,4.557371139526367,20.0
52,55,-12.314105987548828,11.73788070678711,83.0
52,56,-7.749079704284668,6.939779281616211,57.0
52,57,-9.40627670288086,4.795666694641113,11.0
52,58,-7.036937713623047,2.021204710006714,3.0
52,59,-21.535911560058594,6.0174241065979,124.0
52,60,-29.740169525146484,11.921547889709473,29.0
52,61,-8.139195442199707,3.882706642150879,8.0
52,62,-32.461219787597656,12.146206855773926,71.0
52,63,-59.08588409423828,8.249975204467773,73.0
52,64,-31.54759407043457,11.321889877319336,249.0
52,65,-3.6893367767333984,6.32600212097168,3.0
52,66,-2.8954756259918213,2.6252036094665527,2.0
54,0,-6.986056327819824,2.394697904586792,4.0
54,1,-8.150370597839355,1.9722943305969238,4.0
54,2,-3.920811414718628,1.750875473022461,4.0
54,3,-24.126760482788086,3109.613037109375,2931.0
54,4,-13.221403121948242,5.220929145812988,25.0
54,5,-5.210140705108643,3.6786108016967773,10.0
54,6,-7.832716941833496,4.790061950683594,7.0
54,7,-12.358135223388672,7.843532085418701,34.0
54,8,-23.34088897705078,13.375600814819336,80.0
54,9,-23.03170394897461,100.11713409423828,693.0
54,10,-9.012991905212402,9.518601417541504,25.0
54,11,-5.941031455993652,3.2811906337738037,5.0
54,12,-3.1935579776763916,1.3049044609069824,1.0
54,13,-14.37391471862793,1.9219874143600464,9.0
54,14,-0.15351200103759766,1.0193743705749512,1.0
54,15,-1.3603458404541016,1.1853560209274292,2.0
54,16,-2.9741322994232178,4.424096584320068,3.0
54,17,-8.808259010314941,3.5195133686065674,2.0
54,18,-5.146878242492676,3.6208889484405518,7.0
54,19,-5.184873580932617,1.9119223356246948,7.0
54,20,-1.3539860248565674,1.2134002447128296,1.0
54,21,-11.898757934570312,1.9368095397949219,11.0
54,22,-18.77729034423828,22.863649368286133,5516.0
54,23,-26.605316162109375,5.892543792724609,61.0
54,24,-26.6186580657959,14.322986602783203,778.0
54,25,-32.48971176147461,224.74171447753906,244.0
54,26,-22.68095588684082,43.823020935058594,138.0
54,27,-9.847198486328125,5.161357879638672,9.0
54,28,-2.147338390350342,1.7105835676193237,2.0
54,29,-21.36160659790039,2.6405367851257324,9.0
54,30,-8.975364685058594,3.6045429706573486,3.0
54,31,-7.483561038970947,12.115921974182129,6.0
54,32,-6.329020977020264,23.67715072631836,30.0
54,33,-1.88571298122406,1.6022809743881226,1.0
54,34,-19.70709991455078,11.744529724121094,178.0
54,35,-3.6782608032226562,3.4078681468963623,3.0
54,36,-15.614446640014648,182.14724731445312,555.0
54,37,-4.562443733215332,4.575951099395752,5.0
54,38,-0.24993209540843964,1.064476490020752,1.0
54,39,-27.915557861328125,8.562143325805664,161.0
54,40,-7.344493865966797,1.8441917896270752,19.0
54,41,-24.083751678466797,123.56292724609375,304.0
54,42,-10.239274978637695,2.7841076850891113,14.0
54,43,-8.979018211364746,3.0721487998962402,19.0
54,44,-8.57469367980957,2.920738935470581,6.0
54,45,-10.328473091125488,174.90386962890625,42.0
54,46,-21.960582733154297,7.362625598907471,12.0
54,47,-15.350576400756836,3.5938165187835693,10.0
54,48,-15.32355785369873,21.428281784057617,623.0
54,49,-11.051107406616211,4.84879207611084,7.0
54,50,-13.536073684692383,4.499688625335693,12.0
54,51,-9.505270004272461,23.769981384277344,25.0
54,52,-1.9267997741699219,1.6188240051269531,1.0
54,53,-16.530624389648438,10.607036590576172,106.0
54,54,-25.843809127807617,4.573249816894531,20.0
54,55,-12.203230857849121,11.480457305908203,77.0
54,56,-7.721834182739258,6.892670154571533,54.0
54,57,-9.42870807647705,4.813629150390625,11.0
54,58,-7.081287860870361,2.030188798904419,3.0
54,59,-21.43115234375,5.965120792388916,122.0
54,60,-29.672195434570312,11.854207992553711,29.0
54,61,-8.133203506469727,3.878831386566162,8.0
54,62,-32.39788818359375,12.087179183959961,72.0
54,63,-59.16134262084961,8.272236824035645,75.0
54,64,-31.751846313476562,11.501182556152344,251.0
54,65,-3.6842002868652344,6.3097758293151855,3.0
54,66,-2.9094862937927246,2.6374928951263428,3.0
56,0,-7.044862747192383,2.412365674972534,4.0
56,1,-8.238590240478516,1.9868474006652832,4.0
56,2,-3.994107484817505,1.7693049907684326,4.0
56,3,-24.372730255126953,3375.314453125,3061.0
56,4,-13.271714210510254,5.253866195678711,25.0
56,5,-5.201265335083008,3.670457601547241,11.0
56,6,-7.779748439788818,4.739585876464844,7.0
56,7,-12.390109062194824,7.885440826416016,34.0
56,8,-23.301841735839844,13.317692756652832,80.0
56,9,-23.132434844970703,102.15453338623047,715.0
56,10,-8.974693298339844,9.427899360656738,23.0
56,11,-6.145536422729492,3.4181764125823975,7.0
56,12,-3.1756536960601807,1.3029589653015137,1.0
56,13,-14.21069049835205,1.9077805280685425,9.0
56,14,-0.1514788717031479,1.0191152095794678,1.0
56,15,-1.3441076278686523,1.1829525232315063,2.0
56,16,-2.990269422531128,4.459937572479248,3.0
56,17,-8.801310539245605,3.516021251678467,2.0
56,18,-5.111753463745117,3.5892322063446045,7.0
56,19,-5.150829792022705,1.9038034677505493,6.0
56,20,-1.3278477191925049,1.2088778018951416,1.0
56,21,-11.77686882019043,1.9237385988235474,11.0
56,22,-18.957351684570312,23.56019401550293,5671.0
56,23,-26.472087860107422,5.8404388427734375,59.0
56,24,-26.794525146484375,14.577109336853027,769.0
56,25,-32.417686462402344,222.06007385253906,242.0
56,26,-22.90215301513672,45.46875762939453,139.0
56,27,-9.807989120483398,5.127739429473877,9.0
56,28,-2.12276029586792,1.7001051902770996,2.0
56,29,-19.822383880615234,2.462106943130493,9.0
56,30,-8.865849494934082,3.548588514328003,3.0
56,31,-7.526717185974121,12.291472434997559,6.0
56,32,-6.348445892333984,23.908235549926758,31.0
56,33,-1.8134546279907227,1.5735963582992554,1.0
56,34,-19.65674591064453,11.67083740234375,173.0
56,35,-3.614109992980957,3.3357691764831543,3.0
56,36,-15.636889457702637,183.51502990722656,551.0
56,37,-4.536220550537109,4.536126613616943,4.0
56,38,-0.2493009865283966,1.064308524131775,1.0
56,39,-27.943098068237305,8.580302238464355,158.0
56,40,-7.241849899291992,1.8284845352172852,18.0
56,41,-24.1268367767334,124.63225555419922,316.0
56,42,-10.107287406921387,2.7476024627685547,14.0
56,43,-8.919952392578125,3.0495500564575195,19.0
56,44,-8.558140754699707,2.9147019386291504,6.0
56,45,-10.421562194824219,183.2371368408203,44.0
56,46,-21.839542388916016,7.282054424285889,12.0
56,47,-15.404857635498047,3.610109567642212,10.0
56,48,-15.346555709838867,21.527069091796875,626.0
56,49,-11.160170555114746,4.924930095672607,7.0
56,50,-13.499958038330078,4.481667995452881,12.0
56,51,-9.481775283813477,23.584550857543945,25.0
56,52,-1.8926584720611572,1.6050655841827393,1.0
56,53,-16.39914321899414,10.409666061401367,99.0
56,54,-25.728002548217773,4.542201995849609,20.0
56,55,-12.153860092163086,11.367655754089355,77.0
56,56,-7.8323869705200195,7.0858283042907715,58.0
56,57,-9.368404388427734,4.765491962432861,11.0
56,58,-6.947839260101318,2.0032763481140137,3.0
56,59,-21.381574630737305,5.940527439117432,121.0
56,60,-29.716400146484375,11.897957801818848,29.0
56,61,-8.141342163085938,3.884096145629883,8.0
56,62,-32.345733642578125,12.03878402709961,68.0
56,63,-59.07381057739258,8.246417999267578,71.0
56,64,-31.768157958984375,11.515621185302734,251.0
56,65,-3.667252540588379,6.256533622741699,3.0
56,66,-2.849926233291626,2.585646152496338,2.0
58,0,-6.992721080780029,2.396693706512451,4.0
58,1,-8.227547645568848,1.9850198030471802,4.0
58,2,-3.97039532661438,1.7633216381072998,4.0
58,3,-24.289104461669922,3282.523681640625,2985.0
58,4,-13.188291549682617,5.19936466217041,25.0
58,5,-5.217805862426758,3.685666561126709,11.0
58,6,-7.831668376922607,4.789057731628418,7.0
58,7,-12.361444473266602,7.847858905792236,34.0
58,8,-23.295093536376953,13.307710647583008,80.0
58,9,-23.04110336303711,100.30549621582031,726.0
58,10,-8.905121803283691,9.265338897705078,22.0
58,11,-6.027313232421875,3.338303327560425,6.0
58,12,-3.1596531867980957,1.3012226819992065,1.0
58,13,-14.152637481689453,1.9027528762817383,9.0
58,14,-0.15176153182983398,1.0191513299942017,1.0
58,15,-1.350670576095581,1.183923363685608,2.0
58,16,-3.0059216022491455,4.494978427886963,3.0
58,17,-8.78571605682373,3.508197069168091,2.0
58,18,-5.135715961456299,3.6107985973358154,7.0
58,19,-5.129870414733887,1.8988220691680908,6.0
58,20,-1.3056951761245728,1.205058217048645,1.0
58,21,-11.758291244506836,1.921754240989685,11.0
58,22,-18.749313354492188,22.757291793823242,5540.0
58,23,-26.35869598388672,5.796454429626465,58.0
58,24,-26.856645584106445,14.667946815490723,795.0
58,25,-32.42662048339844,222.39088439941406,242.0
58,26,-22.83441162109375,44.95829772949219,140.0
58,27,-9.75684642791748,5.084217071533203,9.0
58,28,-2.103334903717041,1.691868782043457,2.0
58,29,-19.352752685546875,2.4101057052612305,9.0
58,30,-8.968770980834961,3.601148843765259,3.0
58,31,-7.4957780838012695,12.165360450744629,6.0
58,32,-6.3556365966796875,23.994346618652344,32.0
58,33,-1.8565341234207153,1.5906354188919067,1.0
58,34,-19.83129119873047,11.928272247314453,177.0
58,35,-3.6632461547851562,3.390854835510254,3.0
58,36,-15.58262825012207,180.2256317138672,537.0
58,37,-4.507974147796631,4.493617534637451,4.0
58,38,-0.24753358960151672,1.0638383626937866,1.0
58,39,-27.943695068359375,8.580695152282715,159.0
58,40,-7.114213943481445,1.8091392517089844,18.0
58,41,-24.04460906982422,122.599365234375,302.0
58,42,-10.131172180175781,2.7541730403900146,14.0
58,43,-8.915435791015625,3.0478286743164062,19.0
58,44,-8.56814193725586,2.9183480739593506,6.0
58,45,-10.339635848999023,175.88279724121094,44.0
58,46,-21.870006561279297,7.302249908447266,12.0
58,47,-15.405377388000488,3.6102657318115234,10.0
58,48,-15.342803001403809,21.51091766357422,621.0
58,49,-11.002514839172363,4.815249443054199,6.0
58,50,-13.534675598144531,4.498989582061768,12.0
58,51,-9.554821014404297,24.165847778320312,25.0
58,52,-1.8318370580673218,1.5808446407318115,1.0
58,53,-16.463565826416016,10.50590991973877,98.0
58,54,-25.557918548583984,4.496984481811523,20.0
58,55,-12.142372131347656,11.341567039489746,77.0
58,56,-7.731301307678223,6.909003257751465,55.0
58,57,-9.427531242370605,4.812685012817383,11.0
58,58,-7.073910713195801,2.028691530227661,3.0
58,59,-21.51095962524414,6.00492525100708,125.0
58,60,-29.837461471557617,12.018597602844238,29.0
58,61,-8.187417030334473,3.9140377044677734,8.0
58,62,-32.32402038574219,12.018692016601562,69.0
58,63,-59.12405776977539,8.261229515075684,72.0
58,64,-31.706621170043945,11.461238861083984,253.0
58,65,-3.6520907878875732,6.209282875061035,3.0
58,66,-2.8357133865356445,2.57342529296875,2.0
60,0,-7.072508811950684,2.4207165241241455,4.0
60,1,-8.218515396118164,1.9835262298583984,4.0
60,2,-3.955638885498047,1.7596083879470825,4.0
60,3,-24.272159576416016,3264.037353515625,3036.0
60,4,-13.154869079589844,5.177688121795654,25.0
60,5,-5.207512378692627,3.676194429397583,10.0
60,6,-7.783195495605469,4.742854118347168,7.0
60,7,-12.348214149475098,7.830572605133057,34.0
60,8,-23.289936065673828,13.300088882446289,80.0
60,9,-23.007137298583984,99.6264419555664,728.0
60,10,-8.83557415008545,9.105635643005371,22.0
60,11,-6.185403347015381,3.445539951324463,6.0
60,12,-3.111999988555908,1.2960656881332397,1.0
60,13,-14.127570152282715,1.9005860090255737,9.0
60,14,-0.1460539698600769,1.018424391746521,1.0
60,15,-1.304267406463623,1.177075982093811,2.0
60,16,-3.0544238090515137,4.605319023132324,3.0
60,17,-8.892077445983887,3.5619096755981445,2.0
60,18,-5.120744705200195,3.5973093509674072,7.0
60,19,-5.137349605560303,1.9005982875823975,6.0
60,20,-1.3044123649597168,1.2048373222351074,1.0
60,21,-11.925742149353027,1.9397152662277222,12.0
60,22,-18.833641052246094,23.079391479492188,5375.0
60,23,-26.284393310546875,5.767812728881836,58.0
60,24,-26.74749183654785,14.508708953857422,778.0
60,25,-32.48394012451172,224.52566528320312,249.0
60,26,-22.817123413085938,44.82893371582031,138.0
60,27,-9.808212280273438,5.127930164337158,9.0
60,28,-2.114365816116333,1.6965410709381104,2.0
60,29,-20.079330444335938,2.4910314083099365,9.0
60,30,-9.076519012451172,3.657008647918701,3.0
60,31,-7.519351005554199,12.261330604553223,6.0
60,32,-6.322117328643799,23.595563888549805,30.0
60,33,-1.8745026588439941,1.5977967977523804,1.0
60,34,-19.750293731689453,11.808111190795898,175.0
60,35,-3.656796932220459,3.383573055267334,3.0
60,36,-15.555176734924316,178.58399963378906,535.0
60,37,-4.501947402954102,4.4845991134643555,4.0
60,38,-0.24652566015720367,1.063570261001587,1.0
60,39,-27.93987274169922,8.57817268371582,159.0
60,40,-7.109521389007568,1.80843186378479,18.0
60,41,-24.0883731842041,123.67716217041016,305.0
60,42,-10.20972728729248,2.7758936882019043,14.0
60,43,-8.910896301269531,3.046099901199341,19.0
60,44,-8.609973907470703,2.933648109436035,6.0
60,45,-10.290735244750977,171.6345672607422,44.0
60,46,-21.768630981445312,7.2352614402771,12.0
60,47,-15.36249828338623,3.597388744354248,10.0
60,48,-15.320690155029297,21.415990829467773,625.0
60,49,-11.094477653503418,4.878927707672119,7.0
60,50,-13.515382766723633,4.48935604095459,12.0
60,51,-9.50685977935791,23.782575607299805,25.0
60,52,-1.8343908786773682,1.581854224205017,1.0
60,53,-16.534626007080078,10.613102912902832,100.0
60,54,-25.650835037231445,4.52163028717041,20.0
60,55,-12.141164779663086,11.338828086853027,78.0
60,56,-7.710756301879883,6.873607635498047,56.0
60,57,-9.421388626098633,4.807760715484619,11.0
60,58,-7.092883110046387,2.0325441360473633,3.0
60,59,-21.53103256225586,6.014978408813477,126.0
60,60,-29.77757453918457,11.95876693725586,29.0
60,61,-8.139568328857422,3.8829479217529297,8.0
60,62,-32.21327209472656,11.91673755645752,71.0
60,63,-59.12391662597656,8.261188507080078,73.0
60,64,-31.652362823486328,11.413501739501953,246.0
60,65,-3.620163917541504,6.11094856262207,3.0
60,66,-2.806772232055664,2.5487186908721924,2.0
62,0,-6.985007286071777,2.3943839073181152,4.0
62,1,-8.214353561401367,1.982838749885559,4.0
62,2,-3.9511423110961914,1.7584784030914307,4.0
62,3,-24.14495086669922,3128.525146484375,2942.0
62,4,-13.215763092041016,5.217249870300293,25.0
62,5,-5.216365337371826,3.684339761734009,10.0
62,6,-7.7288594245910645,4.691591262817383,6.0
62,7,-12.344432830810547,7.825639724731445,34.0
62,8,-23.31584930419922,13.3384370803833,80.0
62,9,-22.99271583557129,99.33948516845703,731.0
62,10,-8.999866485595703,9.487419128417969,23.0
62,11,-6.179867744445801,3.441727638244629,7.0
62,12,-3.0672800540924072,1.2912448644638062,1.0
62,13,-14.074434280395508,1.8960011005401611,9.0
62,14,-0.14869040250778198,1.018760085105896,1.0
62,15,-1.3231959342956543,1.1798644065856934,2.0
62,16,-3.017609119415283,4.521322727203369,2.0
62,17,-8.991778373718262,3.613004684448242,2.0
62,18,-5.116247177124023,3.593266725540161,7.0
62,19,-5.132630348205566,1.899477481842041,6.0
62,20,-1.30861234664917,1.2055604457855225,1.0
62,21,-11.859190940856934,1.9325568675994873,11.0
62,22,-18.770156860351562,22.836488723754883,5515.0
62,23,-26.52705955505371,5.861881732940674,59.0
62,24,-26.691436767578125,14.42760944366455,783.0
62,25,-32.43598175048828,222.73812866210938,247.0
62,26,-22.806184768676758,44.74728775024414,137.0
62,27,-9.808560371398926,5.128227710723877,9.0
62,28,-2.096961736679077,1.6891753673553467,2.0
62,29,-19.637760162353516,2.4415314197540283,9.0
62,30,-9.109959602355957,3.6745212078094482,3.0
62,31,-7.491038799285889,12.146158218383789,6.0
62,32,-6.346024036407471,23.879301071166992,31.0
62,33,-1.8782708644866943,1.5993027687072754,1.0
62,34,-19.7744083404541,11.843758583068848,177.0
62,35,-3.7090930938720703,3.44307279586792,3.0
62,36,-15.646880149841309,184.127197265625,553.0
62,37,-4.489766597747803,4.466427326202393,4.0
62,38,-0.24057646095752716,1.061989665031433,1.0
62,39,-27.851320266723633,8.519940376281738,157.0
62,40,-7.16540002822876,1.8168725967407227,18.0
62,41,-24.12159538269043,124.50164031982422,302.0
62,42,-10.193229675292969,2.771317958831787,14.0
62,43,-8.941631317138672,3.0578250885009766,19.0
62,44,-8.54722785949707,2.910728931427002,6.0
62,45,-10.314164161682129,173.65699768066406,42.0
62,46,-21.679628372192383,7.176955699920654,12.0
62,47,-15.474298477172852,3.63106107711792,10.0
62,48,-15.302240371704102,21.33711814880371,628.0
62,49,-11.108968734741211,4.889037609100342,7.0
62,50,-13.471780776977539,4.467658996582031,12.0
62,51,-9.462468147277832,23.433250427246094,25.0
62,52,-1.8468018770217896,1.5867700576782227,1.0
62,53,-16.548208236694336,10.633715629577637,102.0
62,54,-25.73792266845703,4.544853210449219,20.0
62,55,-12.184731483459473,11.43805980682373,77.0
62,56,-7.722548007965088,6.893900394439697,56.0
62,57,-9.455207824707031,4.834936141967773,11.0
62,58,-7.09652042388916,2.0332837104797363,3.0
62,59,-21.638113021850586,6.068892002105713,130.0
62,60,-29.73080825805664,11.912251472473145,29.0
62,61,-8.192438125610352,3.9173145294189453,8.0
62,62,-32.28729248046875,11.984783172607422,72.0
62,63,-59.1600227355957,8.271848678588867,73.0
62,64,-31.741436004638672,11.491975784301758,247.0
62,65,-3.6225738525390625,6.118316173553467,3.0
62,66,-2.7972700595855713,2.540658712387085,2.0
64,0,-7.122108459472656,2.4357714653015137,4.0
64,1,-8.119980812072754,1.9673058986663818,4.0
64,2,-3.9420690536499023,1.7562005519866943,4.0
64,3,-24.201263427734375,3187.805908203125,2972.0
64,4,-13.188499450683594,5.199499607086182,25.0
64,5,-5.23745059967041,3.7038121223449707,11.0
64,6,-7.750548839569092,4.711987495422363,7.0
64,7,-12.307037353515625,7.777018070220947,35.0
64,8,-23.374664306640625,13.42588996887207,80.0
64,9,-22.931705474853516,98.13468933105469,733.0
64,10,-8.899333953857422,9.251941680908203,22.0
64,11,-6.150815963745117,3.421787977218628,5.0
64,12,-3.0728836059570312,1.2918479442596436,1.0
64,13,-14.13651180267334,1.9013586044311523,10.0
64,14,-0.15758010745048523,1.0198928117752075,1.0
64,15,-1.322087049484253,1.1797008514404297,2.0
64,16,-3.0255141258239746,4.539228439331055,2.0
64,17,-9.019447326660156,3.6273140907287598,2.0
64,18,-5.109774589538574,3.5874571800231934,7.0
64,19,-5.143640995025635,1.9020934104919434,6.0
64,20,-1.2887431383132935,1.2021434307098389,1.0
64,21,-11.941644668579102,1.941429853439331,11.0
64,22,-18.891733169555664,23.303936004638672,5584.0
64,23,-26.42772102355957,5.823189735412598,59.0
64,24,-26.78146743774414,14.558090209960938,766.0
64,25,-32.462520599365234,223.72552490234375,243.0
64,26,-22.97698974609375,46.03943634033203,143.0
64,27,-9.784296989440918,5.107531547546387,9.0
64,28,-2.119452953338623,1.698699951171875,2.0
64,29,-20.087478637695312,2.4919543266296387,9.0
64,30,-8.9857816696167,3.6099109649658203,3.0
64,31,-7.48750114440918,12.131843566894531,6.0
64,32,-6.358280658721924,24.026090621948242,30.0
64,33,-1.9051519632339478,1.6100866794586182,1.0
64,34,-19.775379180908203,11.845196723937988,177.0
64,35,-3.7255783081054688,3.4620449542999268,3.0
64,36,-15.488499641418457,174.65859985351562,519.0
64,37,-4.462583541870117,4.426139831542969,4.0
64,38,-0.24331670999526978,1.0627174377441406,1.0
64,39,-27.784923553466797,8.476536750793457,157.0
64,40,-7.225763320922852,1.8260350227355957,18.0
64,41,-24.04949188232422,122.71914672851562,306.0
64,42,-10.248419761657715,2.7866551876068115,14.0
64,43,-8.914047241210938,3.047299861907959,19.0
64,44,-8.558662414550781,2.9148919582366943,6.0
64,45,-10.345233917236328,176.3758087158203,43.0
64,46,-21.704439163208008,7.193161964416504,12.0
64,47,-15.543631553649902,3.6521010398864746,10.0
64,48,-15.351441383361816,21.548112869262695,654.0
64,49,-11.08612060546875,4.873106002807617,7.0
64,50,-13.469569206237793,4.4665608406066895,11.0
64,51,-9.49514389038086,23.689878463745117,25.0
64,52,-1.8662101030349731,1.5944877862930298,1.0
64,53,-16.50614356994629,10.570008277893066,98.0
64,54,-25.883380889892578,4.583907127380371,20.0
64,55,-12.208715438842773,11.493057250976562,77.0
64,56,-7.764558792114258,6.966686725616455,57.0
64,57,-9.432306289672852,4.816516876220703,11.0
64,58,-7.0935211181640625,2.0326738357543945,3.0
64,59,-21.57597541809082,6.037548065185547,128.0
64,60,-29.79085350036621,11.972006797790527,29.0
64,61,-8.13461685180664,3.8797452449798584,8.0
64,62,-32.33612823486328,12.029891967773438,73.0
64,63,-59.19709777832031,8.282807350158691,71.0
64,64,-31.804996490478516,11.548299789428711,250.0
64,65,-3.5791172981262207,5.986809730529785,3.0
64,66,-2.7889034748077393,2.533582925796509,2.0
66,0,-7.0897417068481445,2.425936698913574,4.0
66,1,-8.125597953796387,1.9682270288467407,4.0
66,2,-3.9807443618774414,1.7659305334091187,4.0
66,3,-24.22209930419922,3210.02099609375,3029.0
66,4,-13.149081230163574,5.173943519592285,25.0
66,5,-5.231992244720459,3.6987617015838623,10.0
66,6,-7.718562126159668,4.681939125061035,6.0
66,7,-12.331480026245117,7.80876350402832,34.0
66,8,-23.28627586364746,13.29468059539795,79.0
66,9,-23.008930206298828,99.66216278076172,745.0
66,10,-8.902015686035156,9.258147239685059,23.0
66,11,-6.1329874992370605,3.4096086025238037,6.0
66,12,-3.0810914039611816,1.292731761932373,1.0
66,13,-14.126422882080078,1.900486946105957,10.0
66,14,-0.14594990015029907,1.0184111595153809,1.0
66,15,-1.3691179752349854,1.1866565942764282,2.0
66,16,-3.031064510345459,4.551843166351318,2.0
66,17,-9.041927337646484,3.638981819152832,2.0
66,18,-5.142867565155029,3.617260217666626,7.0
66,19,-5.17014217376709,1.9084049463272095,6.0
66,20,-1.3193280696868896,1.2074074745178223,1.0
66,21,-11.950719833374023,1.942408800125122,11.0
66,22,-18.776371002197266,22.860151290893555,5519.0
66,23,-26.453750610351562,5.833303451538086,59.0
66,24,-26.85994529724121,14.6727876663208,783.0
66,25,-32.395816802978516,221.25213623046875,240.0
66,26,-22.9158992767334,45.573055267333984,139.0
66,27,-9.791728973388672,5.113861560821533,9.0
66,28,-2.136836051940918,1.706098198890686,2.0
66,29,-19.956628799438477,2.4771766662597656,9.0
66,30,-9.03214168548584,3.6338984966278076,3.0
66,31,-7.51055908203125,12.225449562072754,6.0
66,32,-6.307479381561279,23.423498153686523,30.0
66,33,-1.9123318195343018,1.6129792928695679,1.0
66,34,-19.69001579284668,11.719474792480469,173.0
66,35,-3.697457790374756,3.4297449588775635,3.0
66,36,-15.638447761535645,183.61033630371094,556.0
66,37,-4.498012542724609,4.4787211418151855,4.0
66,38,-0.24177688360214233,1.062308430671692,1.0
66,39,-27.710521697998047,8.42816162109375,158.0
66,40,-7.144669532775879,1.8137365579605103,18.0
66,41,-24.064491271972656,123.08782958984375,310.0
66,42,-10.320658683776855,2.806858539581299,15.0
66,43,-8.946228981018066,3.0595829486846924,19.0
66,44,-8.51242446899414,2.8980934619903564,6.0
66,45,-10.2092924118042,164.7857666015625,42.0
66,46,-21.698781967163086,7.1894636154174805,12.0
66,47,-15.490537643432617,3.6359779834747314,10.0
66,48,-15.317636489868164,21.40291976928711,629.0
66,49,-11.074256896972656,4.864854335784912,7.0
66,50,-13.529779434204102,4.496542453765869,12.0
66,51,-9.464139938354492,23.44631576538086,25.0
66,52,-1.8597441911697388,1.5919123888015747,1.0
66,53,-16.512535095214844,10.57966423034668,101.0
66,54,-25.914533615112305,4.592315673828125,20.0
66,55,-12.211263656616211,11.49891471862793,77.0
66,56,-7.787623405456543,7.006973743438721,58.0
66,57,-9.388676643371582,4.781620025634766,11.0
66,58,-7.1325507164001465,2.0406227111816406,3.0
66,59,-21.53284454345703,6.015886306762695,132.0
66,60,-29.88107681274414,12.062357902526855,29.0
66,61,-8.203941345214844,3.9248318672180176,8.0
66,62,-32.312191009521484,12.00776195526123,73.0
66,63,-59.268775939941406,8.304038047790527,74.0
66,64,-31.764583587646484,11.512455940246582,245.0
66,65,-3.627559185028076,6.133586406707764,3.0
66,66,-2.8381783962249756,2.575540781021118,3.0
68,0,-7.021180629730225,2.4052350521087646,4.0
68,1,-8.179288864135742,1.9770530462265015,4.0
68,2,-4.005870819091797,1.7722806930541992,4.0
68,3,-24.159290313720703,3143.5146484375,2915.0
68,4,-13.181386947631836,5.194879055023193,25.0
68,5,-5.259539604187012,3.7243223190307617,12.0
68,6,-7.75680685043335,4.717888355255127,7.0
68,7,-12.286415100097656,7.750333786010742,34.0
68,8,-23.333553314208984,13.364702224731445,79.0
68,9,-22.976043701171875,99.0087890625,735.0
68,10,-8.879510879516602,9.206205368041992,22.0
68,11,-6.16334342956543,3.4303717613220215,6.0
68,12,-2.967228889465332,1.280523657798767,1.0
68,13,-14.200750350952148,1.9069186449050903,9.0
68,14,-0.14749538898468018,1.0186079740524292,1.0
68,15,-1.341834545135498,1.1826164722442627,2.0
68,16,-3.097343921661377,4.705217361450195,3.0
68,17,-8.98693561553955,3.610506057739258,2.0
68,18,-5.121859073638916,3.59831166267395,7.0
68,19,-5.1854352951049805,1.9120566844940186,6.0
68,20,-1.3152458667755127,1.2067034244537354,1.0
68,21,-11.971517562866211,1.9446544647216797,11.0
68,22,-18.70787811279297,22.60067367553711,5502.0
68,23,-26.65711212158203,5.91292667388916,59.0
68,24,-26.791276931762695,14.572376251220703,777.0
68,25,-32.36356735229492,220.0661163330078,246.0
68,26,-22.878034591674805,45.28635025024414,143.0
68,27,-9.702749252319336,5.038583278656006,9.0
68,28,-2.1073808670043945,1.6935811042785645,2.0
68,29,-20.386167526245117,2.526017427444458,9.0
68,30,-8.998416900634766,3.6164326667785645,3.0
68,31,-7.492964744567871,12.153958320617676,6.0
68,32,-6.357138633728027,24.012374877929688,31.0
68,33,-1.9376771450042725,1.623232126235962,1.0
68,34,-19.73316764831543,11.78286075592041,175.0
68,35,-3.7280805110931396,3.4649338722229004,3.0
68,36,-15.508925437927246,175.85186767578125,523.0
68,37,-4.48549222946167,4.460068225860596,4.0
68,38,-0.24442650377750397,1.0630122423171997,1.0
68,39,-27.70431900024414,8.424139976501465,158.0
68,40,-7.2541728019714355,1.830363154411316,18.0
68,41,-24.15312957763672,125.28936767578125,329.0
68,42,-10.358498573303223,2.8174996376037598,14.0
68,43,-8.958086967468262,3.0641214847564697,19.0
68,44,-8.620113372802734,2.937368631362915,7.0
68,45,-10.313837051391602,173.6285858154297,44.0
68,46,-21.658401489257812,7.163120269775391,12.0
68,47,-15.480351448059082,3.6328928470611572,10.0
68,48,-15.337885856628418,21.48977279663086,636.0
68,49,-11.155861854553223,4.921899795532227,7.0
68,50,-13.518125534057617,4.490724086761475,12.0
68,51,-9.395685195922852,22.917367935180664,25.0
68,52,-1.8810453414916992,1.600412368774414,1.0
68,53,-16.52376365661621,10.596648216247559,101.0
68,54,-25.957717895507812,4.6039958000183105,20.0
68,55,-12.186067581176758,11.441115379333496,76.0
68,56,-7.817653656005859,7.059776782989502,57.0
68,57,-9.358352661132812,4.757514476776123,11.0
68,58,-7.129552364349365,2.040011167526245,3.0
68,59,-21.554092407226562,6.026548385620117,127.0
68,60,-29.980731964111328,12.162947654724121,29.0
68,61,-8.12780475616455,3.875342845916748,8.0
68,62,-32.325557708740234,12.020112991333008,73.0
68,63,-59.081275939941406,8.248618125915527,70.0
68,64,-31.706281661987305,11.460942268371582,244.0
68,65,-3.580268621444702,5.9902567863464355,3.0
68,66,-2.8079047203063965,2.5496809482574463,3.0
70,0,-7.015169143676758,2.403428316116333,4.0
70,1,-8.21745777130127,1.9833515882492065,4.0
70,2,-3.926359176635742,1.7522636651992798,4.0
70,3,-24.178730010986328,3163.951416015625,2967.0
70,4,-13.180831909179688,5.194518566131592,25.0
70,5,-5.208144664764404,3.6767756938934326,10.0
70,6,-7.7720723152160645,4.7323150634765625,7.0
70,7,-12.320164680480957,7.794050693511963,34.0
70,8,-23.376663208007812,13.428873062133789,80.0
70,9,-22.936012268066406,98.21928405761719,747.0
70,10,-8.880865097045898,9.209322929382324,23.0
70,11,-6.223061561584473,3.4715888500213623,8.0
70,12,-3.0444488525390625,1.2887903451919556,1.0
70,13,-14.160636901855469,1.903444766998291,10.0
70,14,-0.15228213369846344,1.019217610359192,1.0
70,15,-1.312525987625122,1.1782917976379395,2.0
70,16,-3.075195074081421,4.653397083282471,3.0
70,17,-8.99260139465332,3.613429546356201,2.0
70,18,-5.095941543579102,3.5750725269317627,7.0
70,19,-5.242533206939697,1.9257522821426392,7.0
70,20,-1.3140051364898682,1.2064896821975708,1.0
70,21,-11.962472915649414,1.943677544593811,11.0
70,22,-18.83795166015625,23.095983505249023,5640.0
70,23,-26.550771713256836,5.871156215667725,59.0
70,24,-26.757474899291992,14.523200035095215,764.0
70,25,-32.41423034667969,221.9322052001953,243.0
70,26,-22.785099029541016,44.590309143066406,140.0
70,27,-9.697931289672852,5.034538745880127,9.0
70,28,-2.1263020038604736,1.701611042022705,2.0
70,29,-20.604263305664062,2.5511837005615234,9.0
70,30,-9.001045227050781,3.617791175842285,3.0
70,31,-7.496071815490723,12.166552543640137,6.0
70,32,-6.361684799194336,24.067020416259766,32.0
70,33,-1.9369027614593506,1.622917890548706,1.0
70,34,-19.652015686035156,11.663939476013184,173.0
70,35,-3.7087202072143555,3.4426448345184326,3.0
70,36,-15.50456714630127,175.59654235839844,525.0
70,37,-4.466822147369385,4.432397842407227,4.0
70,38,-0.25194546580314636,1.0650123357772827,1.0
70,39,-27.799047470092773,8.485749244689941,156.0
70,40,-7.315957069396973,1.8398113250732422,19.0
70,41,-24.17331314086914,125.79611206054688,333.0
70,42,-10.333843231201172,2.8105616569519043,14.0
70,43,-8.962482452392578,3.065805435180664,19.0
70,44,-8.575007438659668,2.920853614807129,6.0
70,45,-10.251386642456055,168.290771484375,43.0
70,46,-21.70608901977539,7.194240570068359,12.0
70,47,-15.460251808166504,3.6268129348754883,10.0
70,48,-15.32765007019043,21.445825576782227,637.0
70,49,-11.060559272766113,4.855343818664551,6.0
70,50,-13.518681526184082,4.491001605987549,12.0
70,51,-9.435309410095215,23.22207260131836,25.0
70,52,-1.8875892162322998,1.6030328273773193,1.0
70,53,-16.53765869140625,10.617701530456543,98.0
70,54,-26.014095306396484,4.619289398193359,20.0
70,55,-12.260964393615723,11.613785743713379,78.0
70,56,-7.713922023773193,6.879049777984619,55.0
70,57,-9.426111221313477,4.811546802520752,11.0
70,58,-7.1074724197387695,2.0355117321014404,3.0
70,59,-21.550256729125977,6.024621963500977,130.0
70,60,-29.905193328857422,12.086626052856445,30.0
70,61,-8.13351821899414,3.879034996032715,8.0
70,62,-32.226837158203125,11.929180145263672,74.0
70,63,-59.22023010253906,8.289652824401855,71.0
70,64,-31.812522888183594,11.554986953735352,245.0
70,65,-3.5516581535339355,5.905174732208252,3.0
70,66,-2.822711944580078,2.5622968673706055,3.0
72,0,-7.094048500061035,2.427243232727051,4.0
72,1,-8.181137084960938,1.9773576259613037,4.0
72,2,-3.9392237663269043,1.7554868459701538,4.0
72,3,-24.172239303588867,3157.1123046875,2926.0
72,4,-13.133291244506836,5.163741588592529,25.0
72,5,-5.2507004737854,3.7161014080047607,11.0
72,6,-7.728844165802002,4.691576957702637,6.0
72,7,-12.23951244354248,7.68998384475708,34.0
72,8,-23.35833740234375,13.401555061340332,79.0
72,9,-22.98843002319336,99.25435638427734,744.0
72,10,-8.886533737182617,9.222383499145508,22.0
72,11,-6.180235385894775,3.4419806003570557,7.0
72,12,-3.055978298187256,1.2900292873382568,1.0
72,13,-13.994633674621582,1.8891363143920898,10.0
72,14,-0.16440126299858093,1.0207628011703491,1.0
72,15,-1.291449785232544,1.1751916408538818,2.0
72,16,-3.0593042373657227,4.616570472717285,3.0
72,17,-8.989808082580566,3.611987829208374,2.0
72,18,-5.144440650939941,3.618683099746704,7.0
72,19,-5.167814254760742,1.907849669456482,6.0
72,20,-1.2804548740386963,1.2007209062576294,1.0
72,21,-11.928116798400879,1.9399712085723877,11.0
72,22,-18.745128631591797,22.741426467895508,5460.0
72,23,-26.54013442993164,5.866993427276611,59.0
72,24,-26.83912467956543,14.642269134521484,800.0
72,25,-32.378936767578125,220.6305694580078,251.0
72,26,-22.808414459228516,44.763912200927734,138.0
72,27,-9.707961082458496,5.042961120605469,9.0
72,28,-2.09040904045105,1.6864103078842163,2.0
72,29,-20.760395050048828,2.5693535804748535,9.0
72,30,-9.043030738830566,3.6395552158355713,3.0
72,31,-7.51042366027832,12.224896430969238,6.0
72,32,-6.3431596755981445,23.845125198364258,32.0
72,33,-1.9572429656982422,1.6311914920806885,1.0
72,34,-19.76473617553711,11.829447746276855,175.0
72,35,-3.7416036128997803,3.480587959289551,3.0
72,36,-15.48935604095459,174.70849609375,530.0
72,37,-4.507883548736572,4.493481636047363,4.0
72,38,-0.25431013107299805,1.0656421184539795,1.0
72,39,-27.719528198242188,8.434000968933105,156.0
72,40,-7.293551445007324,1.8363795280456543,19.0
72,41,-24.16524887084961,125.5934066772461,326.0
72,42,-10.281435012817383,2.795870542526245,14.0
72,43,-8.972559928894043,3.069669723510742,19.0
72,44,-8.589459419250488,2.9261348247528076,6.0
72,45,-10.222553253173828,165.88198852539062,42.0
72,46,-21.692577362060547,7.185409069061279,12.0
72,47,-15.457206726074219,3.6258928775787354,10.0
72,48,-15.332606315612793,21.467092514038086,644.0
72,49,-11.115180969238281,4.893378734588623,6.0
72,50,-13.595391273498535,4.529443264007568,12.0
72,51,-9.47408676147461,23.524181365966797,25.0
72,52,-1.8809173107147217,1.6003612279891968,1.0
72,53,-16.436054229736328,10.464700698852539,91.0
72,54,-25.892520904541016,4.586372375488281,20.0
72,55,-12.175684928894043,11.417383193969727,77.0
72,56,-7.760825157165527,6.960186958312988,57.0
72,57,-9.428714752197266,4.813634872436523,11.0
72,58,-7.100584983825684,2.0341103076934814,3.0
72,59,-21.61835479736328,6.058907508850098,131.0
72,60,-29.837074279785156,12.018206596374512,29.0
72,61,-8.134132385253906,3.8794314861297607,8.0
72,62,-32.406578063964844,12.095258712768555,73.0
72,63,-59.153541564941406,8.269933700561523,70.0
72,64,-31.781713485717773,11.52763557434082,246.0
72,65,-3.6125879287719727,6.087843894958496,3.0
72,66,-2.7885262966156006,2.533264398574829,2.0
74,0,-7.107822418212891,2.4314258098602295,4.0
74,1,-8.25732707977295,1.9899522066116333,4.0
74,2,-3.947021722793579,1.7574436664581299,4.0
74,3,-24.16681671142578,3151.412109375,2893.0
74,4,-13.125615119934082,5.158789157867432,25.0
74,5,-5.230617523193359,3.697490692138672,10.0
74,6,-7.813797950744629,4.771971702575684,7.0
74,7,-12.276651382446289,7.737730979919434,34.0
74,8,-23.338958740234375,13.372730255126953,80.0
74,9,-22.927270889282227,98.04768371582031,746.0
74,10,-8.854656219482422,9.149178504943848,22.0
74,11,-6.189301490783691,3.448227643966675,7.0
74,12,-3.082688331604004,1.2929037809371948,1.0
74,13,-14.138324737548828,1.901515245437622,10.0
74,14,-0.14913208782672882,1.018816351890564,1.0
74,15,-1.3252898454666138,1.1801731586456299,2.0
74,16,-3.066596508026123,4.633434295654297,3.0
74,17,-8.9061279296875,3.569066047668457,2.0
74,18,-5.1752424240112305,3.646656036376953,7.0
74,19,-5.2068891525268555,1.9171910285949707,7.0
74,20,-1.3002264499664307,1.2041171789169312,1.0
74,21,-12.030237197875977,1.951008677482605,12.0
74,22,-18.80333137512207,22.963098526000977,5590.0
74,23,-26.56004524230957,5.874786376953125,59.0
74,24,-26.798025131225586,14.582212448120117,778.0
74,25,-32.41936111450195,222.1220245361328,244.0
74,26,-22.791257858276367,44.6360969543457,132.0
74,27,-9.708057403564453,5.0430426597595215,9.0
74,28,-2.1255812644958496,1.70130455493927,2.0
74,29,-20.344223022460938,2.5212061405181885,9.0
74,30,-9.013659477233887,3.6243159770965576,3.0
74,31,-7.511283874511719,12.228403091430664,6.0
74,32,-6.3781938552856445,24.266504287719727,32.0
74,33,-1.9537155628204346,1.629753589630127,1.0
74,34,-19.71709442138672,11.759210586547852,175.0
74,35,-3.7350568771362305,3.4730007648468018,3.0
74,36,-15.538012504577637,177.56512451171875,536.0
74,37,-4.497166633605957,4.4774580001831055,4.0
74,38,-0.24747252464294434,1.0638220310211182,1.0
74,39,-27.869043350219727,8.531562805175781,158.0
74,40,-7.329690933227539,1.8419182300567627,19.0
74,41,-24.085344314575195,123.60228729248047,318.0
74,42,-10.339701652526855,2.812208414077759,14.0
74,43,-8.983824729919434,3.073995351791382,19.0
74,44,-8.594682693481445,2.9280459880828857,6.0
74,45,-10.196699142456055,163.75143432617188,42.0
74,46,-21.73668670654297,7.214280605316162,12.0
74,47,-15.47984504699707,3.632739543914795,10.0
74,48,-15.366984367370605,21.615203857421875,649.0
74,49,-11.039772987365723,4.840947151184082,7.0
74,50,-13.509580612182617,4.486462593078613,11.0
74,51,-9.411092758178711,23.035369873046875,24.0
74,52,-1.8641533851623535,1.5936681032180786,1.0
74,53,-16.500131607055664,10.560935020446777,100.0
74,54,-25.9478816986084,4.601333141326904,20.0
74,55,-12.192794799804688,11.456521034240723,77.0
74,56,-7.715368270874023,6.881537437438965,56.0
74,57,-9.468576431274414,4.8457207679748535,11.0
74,58,-7.135992050170898,2.041325330734253,3.0
74,59,-21.576583862304688,6.037854194641113,127.0
74,60,-29.76485252380371,11.946094512939453,29.0
74,61,-8.208346366882324,3.9277143478393555,8.0
74,62,-32.244503021240234,11.945402145385742,74.0
74,63,-59.127891540527344,8.262360572814941,71.0
74,64,-31.761781692504883,11.509974479675293,244.0
74,65,-3.622426986694336,6.117867469787598,3.0
74,66,-2.788694143295288,2.5334062576293945,2.0
76,0,-7.143095016479492,2.442169666290283,4.0
76,1,-8.246726036071777,1.9881950616836548,4.0
76,2,-3.9203953742980957,1.750771403312683,4.0
76,3,-24.197614669799805,3183.928955078125,2987.0
76,4,-13.126049041748047,5.159069061279297,25.0
76,5,-5.255950450897217,3.720982074737549,10.0
76,6,-7.833219528198242,4.790544033050537,7.0
76,7,-12.35542106628418,7.839983940124512,34.0
76,8,-23.34978675842285,13.388829231262207,80.0
76,9,-23.058876037597656,100.66270446777344,773.0
76,10,-8.815884590148926,9.060924530029297,20.0
76,11,-6.2213263511657715,3.470384120941162,7.0
76,12,-3.071432590484619,1.2916916608810425,1.0
76,13,-14.129744529724121,1.9007738828659058,10.0
76,14,-0.16173331439495087,1.0204224586486816,1.0
76,15,-1.3437010049819946,1.1828923225402832,2.0
76,16,-3.0750174522399902,4.652984142303467,3.0
76,17,-9.007769584655762,3.6212680339813232,2.0
76,18,-5.089295387268066,3.5691370964050293,7.0
76,19,-5.214382648468018,1.9189876317977905,7.0
76,20,-1.2696185111999512,1.1988635063171387,1.0
76,21,-11.975590705871582,1.9450945854187012,11.0
76,22,-18.835914611816406,23.08814239501953,5644.0
76,23,-26.47751235961914,5.842550754547119,59.0
76,24,-26.711898803710938,14.457159996032715,763.0
76,25,-32.35047912597656,219.58657836914062,245.0
76,26,-22.809711456298828,44.77359390258789,145.0
76,27,-9.722166061401367,5.054914474487305,9.0
76,28,-2.129880905151367,1.703134298324585,2.0
76,29,-20.486804962158203,2.5375990867614746,9.0
76,30,-9.014203071594238,3.6245977878570557,3.0
76,31,-7.52508544921875,12.284789085388184,6.0
76,32,-6.3477325439453125,23.899707794189453,32.0
76,33,-1.9616351127624512,1.6329835653305054,1.0
76,34,-19.680950164794922,11.706201553344727,174.0
76,35,-3.7200870513916016,3.4557135105133057,3.0
76,36,-15.517805099487305,176.37310791015625,527.0
76,37,-4.4920244216918945,4.469790458679199,4.0
76,38,-0.26582762598991394,1.06871497631073,1.0
76,39,-27.76096534729004,8.460928916931152,155.0
76,40,-7.359683990478516,1.8465278148651123,19.0
76,41,-24.157859802246094,125.407958984375,319.0
76,42,-10.275686264038086,2.7942633628845215,14.0
76,43,-8.987930297851562,3.075573205947876,19.0
76,44,-8.556207656860352,2.9139978885650635,6.0
76,45,-10.194034576416016,163.5334014892578,43.0
76,46,-21.57815933227539,7.111056804656982,12.0
76,47,-15.537869453430176,3.650347948074341,10.0
76,48,-15.326828002929688,21.442298889160156,649.0
76,49,-11.111442565917969,4.890766143798828,7.0
76,50,-13.537922859191895,4.500613212585449,12.0
76,51,-9.43572998046875,23.225326538085938,25.0
76,52,-1.8891547918319702,1.603660225868225,1.0
76,53,-16.46906280517578,10.514164924621582,98.0
76,54,-25.817304611206055,4.56612491607666,20.0
76,55,-12.139204978942871,11.334383964538574,76.0
76,56,-7.706626892089844,6.866515159606934,55.0
76,57,-9.41554069519043,4.803077220916748,11.0
76,58,-7.073452472686768,2.0285985469818115,3.0
76,59,-21.6898250579834,6.095101833343506,128.0
76,60,-29.907562255859375,12.089012145996094,29.0
76,61,-8.15210247039795,3.8910679817199707,8.0
76,62,-32.37889862060547,12.069535255432129,73.0
76,63,-59.21886444091797,8.289249420166016,70.0
76,64,-31.803434371948242,11.54691219329834,241.0
76,65,-3.6156768798828125,6.097253799438477,3.0
76,66,-2.7948079109191895,2.53857421875,3.0
78,0,-7.181769371032715,2.4540045261383057,4.0
78,1,-8.199813842773438,1.9804376363754272,4.0
78,2,-3.967794895172119,1.7626665830612183,4.0
78,3,-24.054723739624023,3035.83251953125,2907.0
78,4,-13.120216369628906,5.155309200286865,25.0
78,5,-5.250421524047852,3.7158424854278564,10.0
78,6,-7.811326503753662,4.769613265991211,6.0
78,7,-12.322492599487305,7.79707670211792,34.0
78,8,-23.289623260498047,13.299625396728516,80.0
78,9,-23.01724624633789,99.82806396484375,762.0
78,10,-8.845272064208984,9.127738952636719,22.0
78,11,-6.217826843261719,3.4679558277130127,7.0
78,12,-3.085695743560791,1.2932279109954834,1.0
78,13,-14.195107460021973,1.9064295291900635,10.0
78,14,-0.16229020059108734,1.0204933881759644,1.0
78,15,-1.3670194149017334,1.1863453388214111,2.0
78,16,-3.0663461685180664,4.632853984832764,2.0
78,17,-8.920401573181152,3.5763514041900635,2.0
78,18,-5.137251377105713,3.612185001373291,7.0
78,19,-5.220757484436035,1.9205174446105957,7.0
78,20,-1.2904033660888672,1.2024285793304443,1.0
78,21,-11.943453788757324,1.9416249990463257,11.0
78,22,-18.79576301574707,22.934154510498047,5637.0
78,23,-26.655376434326172,5.9122419357299805,59.0
78,24,-26.805240631103516,14.59273910522461,799.0
78,25,-32.43499755859375,222.70159912109375,246.0
78,26,-22.834056854248047,44.95563888549805,134.0
78,27,-9.670429229736328,5.011514663696289,9.0
78,28,-2.11531925201416,1.696945309638977,2.0
78,29,-20.65619659423828,2.557213306427002,9.0
78,30,-9.051006317138672,3.643704891204834,3.0
78,31,-7.505454063415527,12.20466136932373,6.0
78,32,-6.348573684692383,23.909761428833008,32.0
78,33,-1.9610905647277832,1.6327613592147827,1.0
78,34,-19.727191925048828,11.774062156677246,175.0
78,35,-3.747269630432129,3.4871678352355957,3.0
78,36,-15.515044212341309,176.21087646484375,518.0
78,37,-4.492448329925537,4.47042179107666,4.0
78,38,-0.2560826539993286,1.0661145448684692,1.0
78,39,-27.751800537109375,8.454965591430664,154.0
78,40,-7.311519145965576,1.839131236076355,19.0
78,41,-24.134929656982422,124.83412170410156,327.0
78,42,-10.369171142578125,2.8205082416534424,16.0
78,43,-8.98836612701416,3.0757408142089844,19.0
78,44,-8.565110206604004,2.9172425270080566,7.0
78,45,-10.231084823608398,166.5911102294922,42.0
78,46,-21.681514739990234,7.178186893463135,12.0
78,47,-15.455663681030273,3.6254265308380127,10.0
78,48,-15.363269805908203,21.599151611328125,647.0
78,49,-11.093851089477539,4.878490924835205,7.0
78,50,-13.55098819732666,4.5071516036987305,12.0
78,51,-9.467082977294922,23.46932601928711,25.0
78,52,-1.8807487487792969,1.600293755531311,1.0
78,53,-16.494449615478516,10.552364349365234,91.0
78,54,-25.968042373657227,4.606792449951172,20.0
78,55,-12.209739685058594,11.49541187286377,76.0
78,56,-7.7539167404174805,6.948176383972168,56.0
78,57,-9.420729637145996,4.807232856750488,11.0
78,58,-7.089824676513672,2.0319225788116455,3.0
78,59,-21.590476989746094,6.044848442077637,127.0
78,60,-29.81622314453125,11.997343063354492,29.0
78,61,-8.180381774902344,3.9094510078430176,8.0
78,62,-32.333106994628906,12.027095794677734,74.0
78,63,-59.372344970703125,8.33481216430664,71.0
78,64,-31.851577758789062,11.589754104614258,244.0
78,65,-3.603503942489624,6.060255527496338,3.0
78,66,-2.821732759475708,2.561460494995117,3.0
80,0,-7.16973352432251,2.450315237045288,4.0
80,1,-8.29968547821045,1.9969888925552368,4.0
80,2,-3.950310230255127,1.7582693099975586,4.0
80,3,-24.128694534301758,3111.618408203125,2972.0
80,4,-13.145391464233398,5.171557426452637,25.0
80,5,-5.285371780395508,3.7484519481658936,10.0
80,6,-7.735958576202393,4.6982574462890625,6.0
80,7,-12.281099319458008,7.743470668792725,34.0
80,8,-23.37079429626465,13.420120239257812,79.0
80,9,-22.957763671875,98.6474838256836,746.0
80,10,-8.822648048400879,9.076257705688477,21.0
80,11,-6.251638412475586,3.4914867877960205,7.0
80,12,-3.1348342895507812,1.2985342741012573,1.0
80,13,-14.097999572753906,1.8980330228805542,9.0
80,14,-0.15672749280929565,1.0197840929031372,1.0
80,15,-1.285966157913208,1.1743862628936768,2.0
80,16,-3.0543155670166016,4.605069637298584,3.0
80,17,-9.028141021728516,3.631822109222412,2.0
80,18,-5.169665813446045,3.641575574874878,7.0
80,19,-5.167548656463623,1.9077863693237305,6.0
80,20,-1.2833439111709595,1.2012165784835815,1.0
80,21,-11.959866523742676,1.9433962106704712,11.0
80,22,-18.781705856323242,22.880483627319336,5611.0
80,23,-26.69007110595703,5.925932884216309,59.0
80,24,-26.601947784423828,14.299076080322266,754.0
80,25,-32.38953399658203,221.02059936523438,239.0
80,26,-22.783077239990234,44.575279235839844,128.0
80,27,-9.716272354125977,5.049951553344727,9.0
80,28,-2.100552558898926,1.6906923055648804,2.0
80,29,-20.399742126464844,2.5275766849517822,9.0
80,30,-9.034576416015625,3.635162353515625,3.0
80,31,-7.503106594085693,12.195115089416504,6.0
80,32,-6.35867166519165,24.03078842163086,32.0
80,33,-1.9868590831756592,1.6433137655258179,1.0
80,34,-19.710107803344727,11.748946189880371,175.0
80,35,-3.7442355155944824,3.483642578125,3.0
80,36,-15.535367012023926,177.4086456298828,530.0
80,37,-4.4797444343566895,4.451531410217285,4.0
80,38,-0.26185449957847595,1.0676538944244385,1.0
80,39,-27.77506446838379,8.470109939575195,158.0
80,40,-7.364446640014648,1.84726083278656,21.0
80,41,-24.236751556396484,127.40234375,325.0
80,42,-10.346922874450684,2.8142402172088623,15.0
80,43,-9.0091552734375,3.0837438106536865,19.0
80,44,-8.617565155029297,2.9364333152770996,7.0
80,45,-10.24198055267334,167.50115966796875,42.0
80,46,-21.606910705566406,7.129668235778809,12.0
80,47,-15.448378562927246,3.6232259273529053,10.0
80,48,-15.357349395751953,21.573589324951172,655.0
80,49,-11.004440307617188,4.8165740966796875,7.0
80,50,-13.548652648925781,4.505982398986816,11.0
80,51,-9.442730903625488,23.279592514038086,24.0
80,52,-1.9002480506896973,1.6081140041351318,1.0
80,53,-16.434146881103516,10.461849212646484,96.0
80,54,-25.7987117767334,4.561134338378906,20.0
80,55,-12.189743041992188,11.449530601501465,78.0
80,56,-7.704473972320557,6.862820625305176,56.0
80,57,-9.440563201904297,4.823149681091309,11.0
80,58,-7.121372222900391,2.0383429527282715,3.0
80,59,-21.6534423828125,6.0766496658325195,130.0
80,60,-29.864051818847656,12.045258522033691,29.0
80,61,-8.231851577758789,3.943131685256958,8.0
80,62,-32.37503433227539,12.065947532653809,74.0
80,63,-59.367706298828125,8.333431243896484,72.0
80,64,-31.835918426513672,11.57580280303955,246.0
80,65,-3.6081299781799316,6.074289321899414,3.0
80,66,-2.8209502696990967,2.5607924461364746,3.0
82,0,-7.1288743019104,2.4378323554992676,4.0
82,1,-8.221330642700195,1.9839918613433838,4.0
82,2,-3.951200485229492,1.7584930658340454,4.0
82,3,-24.133224487304688,3116.3193359375,2975.0
82,4,-13.12563419342041,5.158801555633545,25.0
82,5,-5.277182579040527,3.7407853603363037,10.0
82,6,-7.82006311416626,4.777955055236816,6.0
82,7,-12.344590187072754,7.825844764709473,34.0
82,8,-23.28689193725586,13.295589447021484,79.0
82,9,-22.974958419799805,98.9873046875,757.0
82,10,-8.817784309387207,9.065228462219238,21.0
82,11,-6.117551326751709,3.3990983963012695,6.0
82,12,-3.060699939727783,1.290536880493164,1.0
82,13,-14.043824195861816,1.8933650255203247,10.0
82,14,-0.15882116556167603,1.0200510025024414,1.0
82,15,-1.3130784034729004,1.178373098373413,2.0
82,16,-3.0639891624450684,4.627397537231445,3.0
82,17,-9.059210777282715,3.647977828979492,2.0
82,18,-5.100698947906494,3.579326629638672,7.0
82,19,-5.203989028930664,1.9164961576461792,7.0
82,20,-1.2921743392944336,1.2027329206466675,1.0
82,21,-11.94760513305664,1.9420727491378784,11.0
82,22,-18.78070831298828,22.87668228149414,5475.0
82,23,-26.55569839477539,5.87308406829834,59.0
82,24,-26.683536529541016,14.416214942932129,776.0
82,25,-32.363677978515625,220.07009887695312,249.0
82,26,-22.952613830566406,45.8527717590332,136.0
82,27,-9.709988594055176,5.044665813446045,9.0
82,28,-2.1061079502105713,1.6930421590805054,2.0
82,29,-20.37578010559082,2.524825096130371,9.0
82,30,-9.038329124450684,3.6371116638183594,3.0
82,31,-7.511713027954102,12.230152130126953,6.0
82,32,-6.288882255554199,23.206703186035156,30.0
82,33,-1.9398491382598877,1.6241137981414795,1.0
82,34,-19.734737396240234,11.785173416137695,176.0
82,35,-3.791433811187744,3.5388832092285156,3.0
82,36,-15.564896583557129,179.16346740722656,536.0
82,37,-4.514505386352539,4.503411293029785,4.0
82,38,-0.2598714828491211,1.0671247243881226,1.0
82,39,-27.78244400024414,8.474919319152832,155.0
82,40,-7.3514404296875,1.8452597856521606,19.0
82,41,-24.183677673339844,126.05718994140625,326.0
82,42,-10.352279663085938,2.8157482147216797,15.0
82,43,-8.964635848999023,3.0666308403015137,19.0
82,44,-8.588349342346191,2.9257287979125977,6.0
82,45,-10.21234130859375,165.0371551513672,42.0
82,46,-21.609272003173828,7.131198883056641,12.0
82,47,-15.41273307800293,3.6124794483184814,10.0
82,48,-15.352602005004883,21.553115844726562,643.0
82,49,-11.065550804138184,4.858807563781738,6.0
82,50,-13.477117538452148,4.470308780670166,11.0
82,51,-9.450251579284668,23.33802032470703,25.0
82,52,-1.9035348892211914,1.609435796737671,1.0
82,53,-16.470861434936523,10.516864776611328,92.0
82,54,-25.913188934326172,4.591952323913574,20.0
82,55,-12.133334159851074,11.321083068847656,75.0
82,56,-7.731456756591797,6.909271717071533,56.0
82,57,-9.408428192138672,4.79738712310791,11.0
82,58,-7.047715663909912,2.0233843326568604,3.0
82,59,-21.72320556640625,6.112079620361328,130.0
82,60,-29.83015251159668,12.01127815246582,30.0
82,61,-8.135913848876953,3.8805837631225586,8.0
82,62,-32.36764907836914,12.059094429016113,72.0
82,63,-59.39350891113281,8.341113090515137,73.0
82,64,-31.78708267211914,11.532397270202637,241.0
82,65,-3.601257085800171,6.053451061248779,3.0
82,66,-2.843172073364258,2.579831600189209,3.0
84,0,-7.17189359664917,2.450977087020874,4.0
84,1,-8.262451171875,1.9908020496368408,4.0
84,2,-3.9710330963134766,1.7634823322296143,4.0
84,3,-24.135889053344727,3119.090576171875,2970.0
84,4,-13.121261596679688,5.155982494354248,25.0
84,5,-5.280152320861816,3.7435638904571533,10.0
84,6,-7.780691146850586,4.740479469299316,6.0
84,7,-12.303646087646484,7.772623062133789,34.0
84,8,-23.354103088378906,13.395252227783203,79.0
84,9,-22.99203872680664,99.32603454589844,759.0
84,10,-8.80385684967041,9.033720016479492,21.0
84,11,-6.163372993469238,3.430392265319824,7.0
84,12,-3.057224750518799,1.290163278579712,1.0
84,13,-14.188307762145996,1.9058403968811035,10.0
84,14,-0.15700264275074005,1.0198191404342651,1.0
84,15,-1.3139190673828125,1.1784969568252563,2.0
84,16,-3.060737133026123,4.619879245758057,3.0
84,17,-9.013391494750977,3.6241772174835205,2.0
84,18,-5.103864669799805,3.582160711288452,7.0
84,19,-5.206606864929199,1.9171234369277954,7.0
84,20,-1.2802428007125854,1.2006845474243164,1.0
84,21,-11.988914489746094,1.9465348720550537,11.0
84,22,-18.724454879760742,22.6632022857666,5503.0
84,23,-26.577272415161133,5.881537437438965,59.0
84,24,-26.792463302612305,14.574106216430664,770.0
84,25,-32.39612579345703,221.26353454589844,247.0
84,26,-22.869842529296875,45.22456741333008,135.0
84,27,-9.721090316772461,5.054008483886719,9.0
84,28,-2.095614433288574,1.6886065006256104,2.0
84,29,-20.52326774597168,2.5418083667755127,9.0
84,30,-9.064085006713867,3.6505188941955566,3.0
84,31,-7.49839448928833,12.17597484588623,6.0
84,32,-6.371684551239014,24.187652587890625,32.0
84,33,-1.930201768875122,1.6202013492584229,1.0
84,34,-19.652469635009766,11.66460132598877,173.0
84,35,-3.7661848068237305,3.5092239379882812,3.0
84,36,-15.522903442382812,176.673095703125,525.0
84,37,-4.50291633605957,4.486047744750977,4.0
84,38,-0.24852344393730164,1.0641016960144043,1.0
84,39,-27.774381637573242,8.469664573669434,153.0
84,40,-7.4114179611206055,1.8545056581497192,19.0
84,41,-24.173194885253906,125.79317474365234,329.0
84,42,-10.410788536071777,2.832270860671997,15.0
84,43,-8.998751640319824,3.0797362327575684,19.0
84,44,-8.579431533813477,2.9224693775177,7.0
84,45,-10.181488037109375,162.51072692871094,42.0
84,46,-21.68115234375,7.177950859069824,12.0
84,47,-15.4655179977417,3.6284050941467285,10.0
84,48,-15.349580764770508,21.54010009765625,640.0
84,49,-11.1483154296875,4.916595935821533,7.0
84,50,-13.557449340820312,4.510388374328613,12.0
84,51,-9.441668510437012,23.271345138549805,25.0
84,52,-1.8871067762374878,1.602839469909668,1.0
84,53,-16.5595645904541,10.650981903076172,95.0
84,54,-25.88345718383789,4.583928108215332,20.0
84,55,-12.203411102294922,11.480870246887207,76.0
84,56,-7.753046989440918,6.946665287017822,56.0
84,57,-9.465017318725586,4.8428473472595215,11.0
84,58,-7.126803398132324,2.0394504070281982,3.0
84,59,-21.570125579833984,6.034605503082275,125.0
84,60,-29.719247817993164,11.90078067779541,29.0
84,61,-8.15048599243164,3.890019655227661,8.0
84,62,-32.354698181152344,12.047088623046875,74.0
84,63,-59.23579788208008,8.294262886047363,72.0
84,64,-31.810754776000977,11.55341625213623,241.0
84,65,-3.6200127601623535,6.1104865074157715,3.0
84,66,-2.814805030822754,2.5555522441864014,3.0
86,0,-7.131621360778809,2.4386696815490723,4.0
86,1,-8.172061920166016,1.9758628606796265,4.0
86,2,-3.9726130962371826,1.7638802528381348,4.0
86,3,-24.091686248779297,3073.4697265625,2932.0
86,4,-13.159223556518555,5.180507183074951,25.0
86,5,-5.241503715515137,3.7075672149658203,10.0
86,6,-7.8022589683532715,4.760971546173096,7.0
86,7,-12.274153709411621,7.734510898590088,34.0
86,8,-23.300827026367188,13.316191673278809,81.0
86,9,-22.991830825805664,99.32191467285156,752.0
86,10,-8.830833435058594,9.094850540161133,20.0
86,11,-6.346248626708984,3.5581817626953125,8.0
86,12,-3.1252758502960205,1.2975003719329834,1.0
86,13,-14.11242961883545,1.8992784023284912,10.0
86,14,-0.15544393658638,1.019620418548584,1.0
86,15,-1.3590271472930908,1.1851606369018555,2.0
86,16,-3.0512449741363525,4.598005294799805,3.0
86,17,-9.043323516845703,3.6397078037261963,2.0
86,18,-5.125399589538574,3.6014978885650635,7.0
86,19,-5.1444573402404785,1.9022876024246216,6.0
86,20,-1.2956241369247437,1.2033257484436035,1.0
86,21,-11.940200805664062,1.9412741661071777,11.0
86,22,-18.782127380371094,22.882095336914062,5477.0
86,23,-26.558984756469727,5.874371528625488,59.0
86,24,-26.75860023498535,14.524834632873535,770.0
86,25,-32.29676055908203,217.62936401367188,241.0
86,26,-22.86996841430664,45.22551727294922,140.0
86,27,-9.661455154418945,5.004024505615234,9.0
86,28,-2.09909987449646,1.6900784969329834,2.0
86,29,-20.93592071533203,2.589934825897217,9.0
86,30,-9.083698272705078,3.660761594772339,3.0
86,31,-7.488562107086182,12.13613510131836,6.0
86,32,-6.321125507354736,23.583864212036133,32.0
86,33,-1.9499316215515137,1.6282126903533936,1.0
86,34,-19.70964241027832,11.748262405395508,172.0
86,35,-3.75620174407959,3.497565746307373,3.0
86,36,-15.530553817749023,177.12420654296875,540.0
86,37,-4.514124393463135,4.5028395652771,4.0
86,38,-0.24389757215976715,1.0628716945648193,1.0
86,39,-27.761804580688477,8.46147346496582,158.0
86,40,-7.414820671081543,1.8550316095352173,21.0
86,41,-24.075654983520508,123.36299896240234,317.0
86,42,-10.390254020690918,2.8264613151550293,15.0
86,43,-8.954480171203613,3.0627403259277344,19.0
86,44,-8.5879545211792,2.925584554672241,6.0
86,45,-10.196084976196289,163.70114135742188,42.0
86,46,-21.62604522705078,7.142080783843994,12.0
86,47,-15.380314826965332,3.6027333736419678,10.0
86,48,-15.350799560546875,21.54534912109375,640.0
86,49,-11.010308265686035,4.820613384246826,6.0
86,50,-13.559676170349121,4.511504650115967,12.0
86,51,-9.416927337646484,23.080217361450195,24.0
86,52,-1.9082632064819336,1.6113394498825073,1.0
86,53,-16.56388282775879,10.657552719116211,99.0
86,54,-25.887130737304688,4.584918975830078,20.0
86,55,-12.170226097106934,11.404926300048828,77.0
86,56,-7.742654800415039,6.928641319274902,57.0
86,57,-9.471506118774414,4.848087787628174,11.0
86,58,-7.141538619995117,2.0424578189849854,3.0
86,59,-21.631256103515625,6.065425395965576,128.0
86,60,-29.767019271850586,11.948250770568848,29.0
86,61,-8.167001724243164,3.900742769241333,8.0
86,62,-32.35123062133789,12.043874740600586,73.0
86,63,-59.442955017089844,8.355857849121094,74.0
86,64,-31.865463256835938,11.602139472961426,245.0
86,65,-3.580446243286133,5.99078893661499,3.0
86,66,-2.8326950073242188,2.5708372592926025,3.0
88,0,-7.227481842041016,2.468066930770874,4.0
88,1,-8.293142318725586,1.995900273323059,4.0
88,2,-3.938030242919922,1.7551876306533813,4.0
88,3,-24.153038024902344,3136.97119140625,2929.0
88,4,-13.134312629699707,5.164401054382324,25.0
88,5,-5.24934196472168,3.714839458465576,10.0
88,6,-7.86948299407959,4.825414657592773,7.0
88,7,-12.326711654663086,7.802560806274414,34.0
88,8,-23.249820709228516,13.240939140319824,79.0
88,9,-23.026857376098633,100.02012634277344,753.0
88,10,-8.75307559967041,8.919757843017578,20.0
88,11,-6.268795013427734,3.503488063812256,7.0
88,12,-3.0726239681243896,1.2918199300765991,1.0
88,13,-14.152689933776855,1.9027574062347412,10.0
88,14,-0.1594085395336151,1.0201259851455688,1.0
88,15,-1.3245929479599,1.180070400238037,2.0
88,16,-3.075476884841919,4.654052734375,3.0
88,17,-9.014907836914062,3.624962568283081,2.0
88,18,-5.1466827392578125,3.6207120418548584,7.0
88,19,-5.1791911125183105,1.91056489944458,7.0
88,20,-1.2854315042495728,1.2015748023986816,1.0
88,21,-12.040027618408203,1.9520699977874756,11.0
88,22,-18.688030242919922,22.526033401489258,5526.0
88,23,-26.68199920654297,5.922744274139404,62.0
88,24,-26.750356674194336,14.512868881225586,774.0
88,25,-32.35036849975586,219.58248901367188,242.0
88,26,-22.788219451904297,44.613502502441406,142.0
88,27,-9.70728874206543,5.042396068572998,9.0
88,28,-2.0970563888549805,1.6892151832580566,2.0
88,29,-20.87626838684082,2.5829219818115234,9.0
88,30,-9.163549423217773,3.7027597427368164,3.0
88,31,-7.485868453979492,12.125244140625,6.0
88,32,-6.324351787567139,23.621938705444336,30.0
88,33,-1.9861714839935303,1.6430312395095825,1.0
88,34,-19.647375106811523,11.657175064086914,172.0
88,35,-3.7729554176330566,3.517152786254883,3.0
88,36,-15.503157615661621,175.5140838623047,524.0
88,37,-4.492132663726807,4.469951152801514,4.0
88,38,-0.26758873462677,1.069185495376587,1.0
88,39,-27.825517654418945,8.503046989440918,157.0
88,40,-7.520511627197266,1.8714420795440674,21.0
88,41,-24.205556869506836,126.6099624633789,309.0
88,42,-10.41986083984375,2.834841728210449,16.0
88,43,-8.95704460144043,3.0637221336364746,19.0
88,44,-8.580744743347168,2.9229490756988525,6.0
88,45,-10.235252380371094,166.93861389160156,42.0
88,46,-21.59734344482422,7.123469829559326,12.0
88,47,-15.40720272064209,3.6108150482177734,10.0
88,48,-15.282059669494629,21.251169204711914,622.0
88,49,-11.116561889648438,4.894344329833984,7.0
88,50,-13.60234260559082,4.532942771911621,12.0
88,51,-9.42167854309082,23.11679458618164,23.0
88,52,-1.8883122205734253,1.6033225059509277,1.0
88,53,-16.472190856933594,10.518863677978516,98.0
88,54,-25.925201416015625,4.595198154449463,20.0
88,55,-12.202373504638672,11.47848892211914,77.0
88,56,-7.707100868225098,6.867329120635986,56.0
88,57,-9.394549369812012,4.78630256652832,11.0
88,58,-7.135983467102051,2.04132342338562,3.0
88,59,-21.622695922851562,6.061100482940674,126.0
88,60,-29.807483673095703,11.98861026763916,29.0
88,61,-8.175352096557617,3.906175136566162,8.0
88,62,-32.37086868286133,12.062082290649414,72.0
88,63,-59.39943313598633,8.342878341674805,71.0
88,64,-31.831859588623047,11.572187423706055,242.0
88,65,-3.6048941612243652,6.064469814300537,3.0
88,66,-2.81962251663208,2.559659481048584,3.0
90,0,-7.142617702484131,2.442023992538452,4.0
90,1,-8.264301300048828,1.9911091327667236,4.0
90,2,-3.9514811038970947,1.75856351852417,4.0
90,3,-24.228668212890625,3217.0576171875,2979.0
90,4,-13.088936805725098,5.135191440582275,25.0
90,5,-5.286165714263916,3.7491958141326904,10.0
90,6,-7.817975044250488,4.775960445404053,6.0
90,7,-12.285304069519043,7.748898506164551,34.0
90,8,-23.406661987304688,13.47370719909668,80.0
90,9,-23.056516647338867,100.61519622802734,757.0
90,10,-8.74496078491211,8.901681900024414,20.0
90,11,-6.244233131408691,3.4863195419311523,7.0
90,12,-3.1200437545776367,1.2969348430633545,1.0
90,13,-14.253433227539062,1.9114906787872314,10.0
90,14,-0.16289570927619934,1.0205706357955933,1.0
90,15,-1.4175447225570679,1.1938616037368774,2.0
90,16,-3.0762112140655518,4.655762195587158,3.0
90,17,-9.083720207214355,3.6607730388641357,2.0
90,18,-5.1446733474731445,3.618893623352051,7.0
90,19,-5.185529708862305,1.912079095840454,6.0
90,20,-1.289678931236267,1.2023042440414429,1.0
90,21,-11.911175727844238,1.9381461143493652,11.0
90,22,-18.744142532348633,22.737686157226562,5547.0
90,23,-26.640840530395508,5.906515598297119,59.0
90,24,-26.78400421142578,14.561783790588379,773.0
90,25,-32.34030532836914,219.2145538330078,247.0
90,26,-22.94486427307129,45.7935905456543,139.0
90,27,-9.701801300048828,5.037786960601807,9.0
90,28,-2.12201189994812,1.6997870206832886,2.0
90,29,-20.486948013305664,2.5376155376434326,9.0
90,30,-9.052603721618652,3.644536256790161,3.0
90,31,-7.490403175354004,12.143586158752441,6.0
90,32,-6.322749614715576,23.603023529052734,32.0
90,33,-1.9711815118789673,1.6368855237960815,1.0
90,34,-19.779441833496094,11.851213455200195,175.0
90,35,-3.7433605194091797,3.4826269149780273,3.0
90,36,-15.557126998901367,178.70008850097656,537.0
90,37,-4.515864849090576,4.5054521560668945,4.0
90,38,-0.2574562728404999,1.0664806365966797,1.0
90,39,-27.766429901123047,8.464486122131348,154.0
90,40,-7.399011611938477,1.8525893688201904,20.0
90,41,-24.168556213378906,125.67649841308594,323.0
90,42,-10.399469375610352,2.829066753387451,15.0
90,43,-8.980085372924805,3.072558879852295,19.0
90,44,-8.532415390014648,2.9053444862365723,6.0
90,45,-10.20011043548584,164.03097534179688,42.0
90,46,-21.597408294677734,7.12351131439209,12.0
90,47,-15.445652961730957,3.622403383255005,10.0
90,48,-15.3126859664917,21.381738662719727,641.0
90,49,-11.14598274230957,4.914958477020264,6.0
90,50,-13.532875061035156,4.498089790344238,12.0
90,51,-9.455436706542969,23.378395080566406,24.0
90,52,-1.8680362701416016,1.5952157974243164,1.0
90,53,-16.521883010864258,10.593802452087402,92.0
90,54,-25.88538360595703,4.584447860717773,20.0
90,55,-12.13968276977539,11.335467338562012,76.0
90,56,-7.750058174133301,6.941477298736572,56.0
90,57,-9.408522605895996,4.797462463378906,11.0
90,58,-7.148238182067871,2.0438265800476074,4.0
90,59,-21.617822647094727,6.058639049530029,129.0
90,60,-29.74311065673828,11.924469947814941,29.0
90,61,-8.196691513061523,3.9200921058654785,8.0
90,62,-32.17852020263672,11.88492488861084,73.0
90,63,-59.34093475341797,8.325468063354492,71.0
90,64,-31.839218139648438,11.578739166259766,244.0
90,65,-3.626969337463379,6.131777763366699,3.0
90,66,-2.8325681686401367,2.5707285404205322,3.0
92,0,-7.154568672180176,2.4456748962402344,4.0
92,1,-8.252419471740723,1.9891386032104492,4.0
92,2,-3.973278522491455,1.7640480995178223,4.0
92,3,-24.089540481567383,3071.272216796875,2902.0
92,4,-13.184723854064941,5.197046279907227,26.0
92,5,-5.268512725830078,3.7326862812042236,10.0
92,6,-7.818695545196533,4.776648044586182,7.0
92,7,-12.302133560180664,7.770664691925049,34.0
92,8,-23.302444458007812,13.318585395812988,79.0
92,9,-23.007633209228516,99.63632202148438,752.0
92,10,-8.805512428283691,9.037459373474121,21.0
92,11,-6.221743583679199,3.4706737995147705,7.0
92,12,-3.091644048690796,1.293869137763977,1.0
92,13,-14.20326042175293,1.9071362018585205,10.0
92,14,-0.16038361191749573,1.0202503204345703,1.0
92,15,-1.377044439315796,1.1878328323364258,2.0
92,16,-3.0814573764801025,4.667990207672119,3.0
92,17,-8.983654975891113,3.6088144779205322,2.0
92,18,-5.129619598388672,3.605299711227417,7.0
92,19,-5.1768388748168945,1.9100030660629272,7.0
92,20,-1.2868437767028809,1.201817274093628,1.0
92,21,-12.03521728515625,1.95154869556427,11.0
92,22,-18.787731170654297,22.903472900390625,5523.0
92,23,-26.72193145751953,5.938532829284668,59.0
92,24,-26.746685028076172,14.507540702819824,764.0
92,25,-32.35660171508789,219.81076049804688,249.0
92,26,-22.802566528320312,44.72030258178711,143.0
92,27,-9.651945114135742,4.996099472045898,9.0
92,28,-2.1268787384033203,1.7018563747406006,2.0
92,29,-21.083560943603516,2.607374429702759,9.0
92,30,-9.035783767700195,3.635789155960083,3.0
92,31,-7.4864654541015625,12.127655982971191,6.0
92,32,-6.36814546585083,24.14488983154297,32.0
92,33,-1.9704900979995728,1.6366026401519775,1.0
92,34,-19.761125564575195,11.82411003112793,176.0
92,35,-3.8063974380493164,3.556579113006592,3.0
92,36,-15.473991394042969,173.81597900390625,514.0
92,37,-4.509167671203613,4.495405673980713,4.0
92,38,-0.2469625324010849,1.063686490058899,1.0
92,39,-27.79909324645996,8.485779762268066,155.0
92,40,-7.375361919403076,1.8489418029785156,19.0
92,41,-24.142353057861328,125.01962280273438,318.0
92,42,-10.317628860473633,2.8060081005096436,14.0
92,43,-8.985854148864746,3.074775218963623,19.0
92,44,-8.617683410644531,2.936476707458496,6.0
92,45,-10.22647476196289,166.20755004882812,42.0
92,46,-21.630226135253906,7.144795894622803,12.0
92,47,-15.42444133758545,3.6160061359405518,10.0
92,48,-15.36790657043457,21.61918830871582,654.0
92,49,-11.076152801513672,4.866171836853027,7.0
92,50,-13.552162170410156,4.507740020751953,11.0
92,51,-9.443032264709473,23.28192710876465,25.0
92,52,-1.8819023370742798,1.6007553339004517,1.0
92,53,-16.519420623779297,10.59007453918457,96.0
92,54,-25.87549591064453,4.581782341003418,20.0
92,55,-12.148283958435059,11.35498332977295,75.0
92,56,-7.694812297821045,6.846263885498047,55.0
92,57,-9.418136596679688,4.8051557540893555,11.0
92,58,-7.124149322509766,2.0389091968536377,3.0
92,59,-21.67576026916504,6.087962627410889,128.0
92,60,-29.796382904052734,11.977524757385254,29.0
92,61,-8.224363327026367,3.938213348388672,8.0
92,62,-32.3259162902832,12.020445823669434,74.0
92,63,-59.331607818603516,8.32269287109375,74.0
92,64,-31.76024055480957,11.508610725402832,245.0
92,65,-3.6311988830566406,6.144758701324463,3.0
92,66,-2.8186962604522705,2.5588691234588623,3.0
94,0,-7.1439433097839355,2.4424285888671875,4.0
94,1,-8.33495807647705,2.0028674602508545,4.0
94,2,-3.955109119415283,1.7594752311706543,4.0
94,3,-24.155834197998047,3139.8955078125,2907.0
94,4,-13.094901084899902,5.139021396636963,25.0
94,5,-5.255862712860107,3.720900297164917,10.0
94,6,-7.775110721588135,4.735191345214844,7.0
94,7,-12.292778015136719,7.758557319641113,34.0
94,8,-23.345123291015625,13.3818941116333,81.0
94,9,-22.97817039489746,99.05091094970703,745.0
94,10,-8.832252502441406,9.098077774047852,22.0
94,11,-6.305322647094727,3.5291764736175537,8.0
94,12,-3.170609951019287,1.302411437034607,1.0
94,13,-14.10283088684082,1.8984500169754028,10.0
94,14,-0.15792196989059448,1.019936442375183,1.0
94,15,-1.3080894947052002,1.1776385307312012,2.0
94,16,-3.0758934020996094,4.655022621154785,3.0
94,17,-9.096918106079102,3.6676812171936035,2.0
94,18,-5.123781204223633,3.600041151046753,7.0
94,19,-5.193852424621582,1.914069414138794,7.0
94,20,-1.2883384227752686,1.2020739316940308,1.0
94,21,-11.850391387939453,1.931612253189087,11.0
94,22,-18.822298049926758,23.035804748535156,5641.0
94,23,-26.653179168701172,5.911375999450684,59.0
94,24,-26.694522857666016,14.432062149047852,778.0
94,25,-32.464866638183594,223.81301879882812,244.0
94,26,-22.878475189208984,45.289676666259766,136.0
94,27,-9.711357116699219,5.045816421508789,9.0
94,28,-2.1210405826568604,1.6993744373321533,2.0
94,29,-20.983348846435547,2.595524311065674,9.0
94,30,-9.151033401489258,3.6961450576782227,3.0
94,31,-7.4557085037231445,12.003954887390137,6.0
94,32,-6.362778186798096,24.080181121826172,32.0
94,33,-1.9659230709075928,1.634735107421875,1.0
94,34,-19.720762252807617,11.764603614807129,174.0
94,35,-3.785628318786621,3.5320417881011963,3.0
94,36,-15.53830623626709,177.58248901367188,518.0
94,37,-4.504096984863281,4.487813949584961,4.0
94,38,-0.24682040512561798,1.0636487007141113,1.0
94,39,-27.666919708251953,8.399940490722656,153.0
94,40,-7.419208526611328,1.8557100296020508,19.0
94,41,-24.198593139648438,126.43379211425781,332.0
94,42,-10.36614990234375,2.8196563720703125,14.0
94,43,-8.996935844421387,3.0790374279022217,19.0
94,44,-8.576996803283691,2.9215798377990723,7.0
94,45,-10.218940734863281,165.5826416015625,43.0
94,46,-21.704448699951172,7.193167686462402,12.0
94,47,-15.481183052062988,3.6331443786621094,10.0
94,48,-15.304122924804688,21.345151901245117,624.0
94,49,-11.083477020263672,4.871265888214111,7.0
94,50,-13.486658096313477,4.47504997253418,11.0
94,51,-9.36311149597168,22.66988182067871,23.0
94,52,-1.8945229053497314,1.605813980102539,1.0
94,53,-16.435848236083984,10.464393615722656,89.0
94,54,-25.892112731933594,4.5862627029418945,20.0
94,55,-12.261204719543457,11.614344596862793,77.0
94,56,-7.6791839599609375,6.8195672035217285,56.0
94,57,-9.511789321899414,4.880746364593506,11.0
94,58,-7.120909690856934,2.0382487773895264,3.0
94,59,-21.652055740356445,6.0759477615356445,129.0
94,60,-29.836124420166016,12.017255783081055,29.0
94,61,-8.2240629196167,3.938015937805176,8.0
94,62,-32.34293746948242,12.036194801330566,73.0
94,63,-59.30268859863281,8.314102172851562,69.0
94,64,-31.845653533935547,11.584471702575684,245.0
94,65,-3.598924398422241,6.0463948249816895,3.0
94,66,-2.823657751083374,2.5631048679351807,3.0
96,0,-7.202092170715332,2.4602465629577637,4.0
96,1,-8.242488861083984,1.9874930381774902,4.0
96,2,-3.9405038356781006,1.755807876586914,4.0
96,3,-24.167930603027344,3152.58154296875,2971.0
96,4,-13.180428504943848,5.194256782531738,26.0
96,5,-5.263647079467773,3.7281484603881836,10.0
96,6,-7.775765419006348,4.735811710357666,6.0
96,7,-12.208548545837402,7.650401592254639,34.0
96,8,-23.357585906982422,13.400437355041504,81.0
96,9,-23.0194149017334,99.871337890625,745.0
96,10,-8.82541275024414,9.082533836364746,20.0
96,11,-6.283979892730713,3.5141441822052,7.0
96,12,-3.1402673721313477,1.2991223335266113,1.0
96,13,-14.158834457397461,1.903288722038269,10.0
96,14,-0.1601485013961792,1.0202202796936035,1.0
96,15,-1.3447966575622559,1.1830544471740723,2.0
96,16,-3.052936315536499,4.601894855499268,3.0
96,17,-9.028481483459473,3.6319987773895264,2.0
96,18,-5.1647748947143555,3.6371254920959473,7.0
96,19,-5.246150493621826,1.9266232252120972,7.0
96,20,-1.3052204847335815,1.2049764394760132,1.0
96,21,-12.022418975830078,1.9501615762710571,11.0
96,22,-18.762184143066406,22.8061580657959,5527.0
96,23,-26.623260498046875,5.89959716796875,59.0
96,24,-26.76902198791504,14.539982795715332,767.0
96,25,-32.465431213378906,223.8341522216797,243.0
96,26,-22.79006004333496,44.627193450927734,136.0
96,27,-9.704170227050781,5.03977632522583,9.0
96,28,-2.1373989582061768,1.7063382863998413,2.0
96,29,-20.722204208374023,2.564897060394287,9.0
96,30,-9.110219955444336,3.6746578216552734,3.0
96,31,-7.478262901306152,12.094541549682617,6.0
96,32,-6.35555362701416,23.993350982666016,32.0
96,33,-1.9627041816711426,1.6334201097488403,1.0
96,34,-19.645174026489258,11.653968811035156,174.0
96,35,-3.753279685974121,3.4941608905792236,3.0
96,36,-15.486797332763672,174.5595245361328,508.0
96,37,-4.511752605438232,4.49928092956543,4.0
96,38,-0.24894629418849945,1.0642141103744507,1.0
96,39,-27.613059997558594,8.365211486816406,157.0
96,40,-7.341972827911377,1.8438044786453247,19.0
96,41,-24.199634552001953,126.4600830078125,328.0
96,42,-10.2908296585083,2.7984983921051025,16.0
96,43,-8.956716537475586,3.063596487045288,19.0
96,44,-8.571600914001465,2.9196102619171143,6.0
96,45,-10.214622497558594,165.2255096435547,42.0
96,46,-21.73318099975586,7.211981773376465,12.0
96,47,-15.471942901611328,3.6303482055664062,10.0
96,48,-15.317774772644043,21.403512954711914,627.0
96,49,-11.152351379394531,4.919432163238525,7.0
96,50,-13.580917358398438,4.522164344787598,12.0
96,51,-9.446615219116211,23.30974769592285,24.0
96,52,-1.8908250331878662,1.604330062866211,1.0
96,53,-16.5368709564209,10.616506576538086,103.0
96,54,-25.823875427246094,4.567890644073486,21.0
96,55,-12.159076690673828,11.379522323608398,76.0
96,56,-7.6883955001831055,6.83528995513916,55.0
96,57,-9.458423614501953,4.837528705596924,11.0
96,58,-7.1100969314575195,2.036046028137207,3.0
96,59,-21.64449691772461,6.072122097015381,130.0
96,60,-29.705766677856445,11.887417793273926,29.0
96,61,-8.20793342590332,3.9274444580078125,8.0
96,62,-32.31922912597656,12.014262199401855,74.0
96,63,-59.43008804321289,8.352017402648926,71.0
96,64,-31.836589813232422,11.576398849487305,243.0
96,65,-3.6010208129882812,6.052736282348633,3.0
96,66,-2.8375332355499268,2.5749869346618652,3.0
98,0,-7.186953544616699,2.4555952548980713,4.0
98,1,-8.238274574279785,1.98679518699646,4.0
98,2,-3.9492833614349365,1.7580114603042603,4.0
98,3,-24.138233184814453,3121.527587890625,2979.0
98,4,-13.153032302856445,5.176499366760254,25.0
98,5,-5.244844913482666,3.710665464401245,10.0
98,6,-7.852813720703125,4.809353828430176,7.0
98,7,-12.319873809814453,7.793673515319824,34.0
98,8,-23.316490173339844,13.339386940002441,81.0
98,9,-23.004302978515625,99.5699691772461,755.0
98,10,-8.762335777282715,8.94043254852295,20.0
98,11,-6.280786037445068,3.511899948120117,7.0
98,12,-3.1257500648498535,1.2975517511367798,1.0
98,13,-14.128242492675781,1.900644063949585,10.0
98,14,-0.1578885316848755,1.0199320316314697,1.0
98,15,-1.378946304321289,1.1881153583526611,2.0
98,16,-3.0736992359161377,4.649918079376221,3.0
98,17,-9.151383399963379,3.6963303089141846,2.0
98,18,-5.14317512512207,3.6175382137298584,7.0
98,19,-5.173473358154297,1.9091997146606445,7.0
98,20,-1.2972567081451416,1.203606367111206,1.0
98,21,-11.997591972351074,1.947473406791687,11.0
98,22,-18.698362350463867,22.564861297607422,5539.0
98,23,-26.523117065429688,5.8603410720825195,59.0
98,24,-26.696435928344727,14.43482494354248,767.0
98,25,-32.38036346435547,220.68295288085938,250.0
98,26,-22.833534240722656,44.951717376708984,135.0
98,27,-9.675029754638672,5.015358924865723,9.0
98,28,-2.1324462890625,1.7042268514633179,2.0
98,29,-20.6666316986084,2.5584263801574707,9.0
98,30,-9.08358097076416,3.6607000827789307,3.0
98,31,-7.487133979797363,12.130358695983887,6.0
98,32,-6.307706832885742,23.426162719726562,32.0
98,33,-1.998325228691101,1.6480311155319214,1.0
98,34,-19.77363395690918,11.842612266540527,176.0
98,35,-3.775181293487549,3.519763469696045,3.0
98,36,-15.447676658630371,172.29803466796875,512.0
98,37,-4.487326622009277,4.462796688079834,4.0
98,38,-0.25751444697380066,1.0664961338043213,1.0
98,39,-27.793922424316406,8.482405662536621,154.0
98,40,-7.447637557983398,1.8601114749908447,21.0
98,41,-24.17760467529297,125.90412902832031,329.0
98,42,-10.363301277160645,2.8188531398773193,14.0
98,43,-8.986045837402344,3.0748488903045654,19.0
98,44,-8.563009262084961,2.916476249694824,6.0
98,45,-10.256256103515625,168.70101928710938,43.0
98,46,-21.659914016723633,7.164104461669922,12.0
98,47,-15.376184463500977,3.6014938354492188,10.0
98,48,-15.336173057556152,21.482412338256836,643.0
98,49,-11.055370330810547,4.851746082305908,7.0
98,50,-13.572575569152832,4.517974853515625,12.0
98,51,-9.382952690124512,22.820310592651367,23.0
98,52,-1.8993566036224365,1.6077556610107422,1.0
98,53,-16.499923706054688,10.560620307922363,97.0
98,54,-25.88641929626465,4.5847272872924805,20.0
98,55,-12.198169708251953,11.468840599060059,77.0
98,56,-7.752152442932129,6.945112228393555,56.0
98,57,-9.45631217956543,4.835826396942139,11.0
98,58,-7.127730846405029,2.039639472961426,3.0
98,59,-21.613834381103516,6.0566253662109375,126.0
98,60,-29.919757843017578,12.101302146911621,29.0
98,61,-8.2066068649292,3.9265758991241455,8.0
98,62,-32.243408203125,11.94439697265625,72.0
98,63,-59.30377197265625,8.314424514770508,72.0
98,64,-31.725475311279297,11.477873802185059,243.0
98,65,-3.6184303760528564,6.105654239654541,3.0
98,66,-2.8439579010009766,2.580507278442383,3.0
100,0,-7.13212776184082,2.438823938369751,4.0
100,1,-8.233043670654297,1.9859291315078735,4.0
100,2,-3.9856834411621094,1.767176866531372,4.0
100,3,-24.13117027282715,3114.18603515625,2915.0
100,4,-13.111194610595703,5.149498462677002,25.0
100,5,-5.260196208953857,3.724933385848999,10.0
100,6,-7.829288482666016,4.786778450012207,7.0
100,7,-12.304487228393555,7.773712635040283,34.0
100,8,-23.351734161376953,13.391727447509766,79.0
100,9,-23.018959045410156,99.86224365234375,767.0
100,10,-8.840729713439941,9.117379188537598,22.0
100,11,-6.2570600509643555,3.4952750205993652,7.0
100,12,-3.112727403640747,1.2961443662643433,1.0
100,13,-14.145685195922852,1.9021515846252441,10.0
100,14,-0.16537880897521973,1.0208874940872192,1.0
100,15,-1.3355029821395874,1.1816809177398682,2.0
100,16,-3.057384490966797,4.6121416091918945,3.0
100,17,-9.046426773071289,3.6413216590881348,2.0
100,18,-5.118539810180664,3.595327138900757,7.0
100,19,-5.205715179443359,1.9169096946716309,7.0
100,20,-1.3029338121414185,1.204582929611206,1.0
100,21,-11.998536109924316,1.9475756883621216,11.0
100,22,-18.76498794555664,22.81682014465332,5613.0
100,23,-26.643674850463867,5.907631874084473,59.0
100,24,-26.65073013305664,14.368997573852539,769.0
100,25,-32.283653259277344,217.15451049804688,240.0
100,26,-22.825895309448242,44.8945198059082,141.0
100,27,-9.709202766418457,5.044004917144775,9.0
100,28,-2.115021228790283,1.6968190670013428,2.0
100,29,-20.662500381469727,2.557945966720581,9.0
100,30,-9.044347763061523,3.64024019241333,3.0
100,31,-7.491771221160889,12.149123191833496,6.0
100,32,-6.327849388122559,23.663284301757812,32.0
100,33,-1.9777857065200806,1.6395903825759888,1.0
100,34,-19.632553100585938,11.635597229003906,172.0
100,35,-3.7842001914978027,3.5303609371185303,3.0
100,36,-15.550276756286621,178.29248046875,526.0
100,37,-4.5151166915893555,4.504328727722168,4.0
100,38,-0.27221420407295227,1.0704225301742554,1.0
100,39,-27.726802825927734,8.438724517822266,158.0
100,40,-7.346853733062744,1.8445545434951782,20.0
100,41,-24.249914169311523,127.7381820678711,330.0
100,42,-10.389299392700195,2.8261911869049072,16.0
100,43,-9.000645637512207,3.08046555519104,19.0
100,44,-8.568288803100586,2.9184017181396484,6.0
100,45,-10.179901123046875,162.3818359375,42.0
100,46,-21.63284683227539,7.146498680114746,12.0
100,47,-15.374601364135742,3.6010186672210693,10.0
100,48,-15.333160400390625,21.469472885131836,655.0
100,49,-11.118637084960938,4.895795822143555,7.0
100,50,-13.555253028869629,4.5092878341674805,12.0
100,51,-9.41020679473877,23.02857208251953,23.0
100,52,-1.9072272777557373,1.6109222173690796,1.0
100,53,-16.476497650146484,10.525335311889648,96.0
100,54,-25.990985870361328,4.6130146980285645,20.0
100,55,-12.190336227416992,11.450886726379395,78.0
100,56,-7.724182605743408,6.896718502044678,56.0
100,57,-9.421234130859375,4.8076372146606445,11.0
100,58,-7.12744140625,2.0395805835723877,3.0
100,59,-21.669445037841797,6.084758758544922,132.0
100,60,-29.816497802734375,11.997617721557617,29.0
100,61,-8.12556266784668,3.8738951683044434,8.0
100,62,-32.26142501831055,11.960959434509277,73.0
100,63,-59.23910903930664,8.295244216918945,70.0
100,64,-31.804595947265625,11.547945022583008,244.0
100,65,-3.601090669631958,6.052947521209717,3.0
100,66,-2.8252665996551514,2.5644795894622803,3.0
