step,probe_index,mcqa_accuracy,predicted_idx,predicted_label,correct_idx
0,0,1.0,0,A,0
0,1,1.0,1,B,1
0,2,1.0,3,D,3
0,3,1.0,3,D,3
0,4,0.0,0,A,2
0,5,0.0,4,E,2
0,6,0.0,1,B,4
0,7,0.0,0,A,2
0,8,0.0,2,C,4
0,9,0.0,0,A,1
0,10,1.0,3,D,3
0,11,0.0,2,C,0
0,12,0.0,0,A,3
0,13,1.0,2,C,2
0,14,0.0,3,D,0
0,15,1.0,2,C,2
0,16,0.0,3,D,1
0,17,1.0,3,D,3
0,18,1.0,2,C,2
0,19,0.0,0,A,1
0,20,1.0,2,C,2
0,21,0.0,0,A,3
0,22,1.0,0,A,0
0,23,0.0,4,E,0
0,24,0.0,3,D,2
0,25,1.0,3,D,3
0,26,1.0,3,D,3
0,27,1.0,0,A,0
0,28,0.0,2,C,4
0,29,1.0,1,B,1
0,30,0.0,0,A,4
0,31,1.0,1,B,1
0,32,0.0,2,C,4
0,33,0.0,0,A,3
0,34,0.0,1,B,3
0,35,0.0,2,C,0
0,36,0.0,0,A,1
0,37,1.0,2,C,2
0,38,1.0,4,E,4
0,39,1.0,4,E,4
0,40,0.0,2,C,1
0,41,0.0,3,D,2
0,42,0.0,1,B,3
0,43,0.0,3,D,1
0,44,0.0,0,A,2
0,45,0.0,0,A,1
0,46,0.0,2,C,1
0,47,1.0,2,C,2
0,48,0.0,2,C,4
0,49,0.0,1,B,2
0,50,0.0,0,A,2
0,51,0.0,0,A,3
0,52,1.0,3,D,3
0,53,0.0,3,D,0
0,54,0.0,4,E,0
0,55,0.0,1,B,2
0,56,0.0,1,B,3
0,57,1.0,1,B,1
0,58,1.0,1,B,1
0,59,0.0,2,C,1
0,60,1.0,2,C,2
0,61,1.0,0,A,0
0,62,1.0,3,D,3
0,63,0.0,0,A,4
0,64,0.0,1,B,4
0,65,1.0,1,B,1
0,66,0.0,0,A,1
0,67,1.0,0,A,0
0,68,0.0,1,B,4
0,69,0.0,1,B,2
0,70,1.0,2,C,2
0,71,0.0,4,E,3
0,72,1.0,2,C,2
0,73,1.0,1,B,1
0,74,1.0,2,C,2
0,75,0.0,0,A,3
0,76,0.0,1,B,4
0,77,1.0,2,C,2
0,78,1.0,2,C,2
0,79,1.0,4,E,4
0,80,1.0,1,B,1
0,81,1.0,0,A,0
0,82,0.0,2,C,4
0,83,1.0,3,D,3
0,84,0.0,4,E,2
0,85,0.0,1,B,0
0,86,1.0,0,A,0
0,87,1.0,1,B,1
0,88,0.0,3,D,2
0,89,0.0,1,B,2
0,90,0.0,1,B,0
0,91,0.0,1,B,4
0,92,0.0,3,D,0
4,0,1.0,0,A,0
4,1,1.0,1,B,1
4,2,1.0,3,D,3
4,3,1.0,3,D,3
4,4,0.0,0,A,2
4,5,0.0,4,E,2
4,6,0.0,1,B,4
4,7,0.0,0,A,2
4,8,0.0,2,C,4
4,9,0.0,0,A,1
4,10,1.0,3,D,3
4,11,0.0,2,C,0
4,12,0.0,0,A,3
4,13,1.0,2,C,2
4,14,0.0,3,D,0
4,15,1.0,2,C,2
4,16,0.0,3,D,1
4,17,1.0,3,D,3
4,18,1.0,2,C,2
4,19,0.0,0,A,1
4,20,1.0,2,C,2
4,21,0.0,0,A,3
4,22,1.0,0,A,0
4,23,0.0,4,E,0
4,24,0.0,3,D,2
4,25,1.0,3,D,3
4,26,1.0,3,D,3
4,27,1.0,0,A,0
4,28,0.0,2,C,4
4,29,1.0,1,B,1
4,30,0.0,0,A,4
4,31,1.0,1,B,1
4,32,0.0,2,C,4
4,33,0.0,0,A,3
4,34,0.0,1,B,3
4,35,0.0,2,C,0
4,36,0.0,0,A,1
4,37,1.0,2,C,2
4,38,1.0,4,E,4
4,39,1.0,4,E,4
4,40,0.0,2,C,1
4,41,0.0,3,D,2
4,42,0.0,1,B,3
4,43,0.0,3,D,1
4,44,0.0,0,A,2
4,45,0.0,0,A,1
4,46,0.0,2,C,1
4,47,1.0,2,C,2
4,48,0.0,2,C,4
4,49,0.0,1,B,2
4,50,0.0,0,A,2
4,51,0.0,0,A,3
4,52,1.0,3,D,3
4,53,0.0,3,D,0
4,54,0.0,4,E,0
4,55,0.0,1,B,2
4,56,0.0,1,B,3
4,57,1.0,1,B,1
4,58,1.0,1,B,1
4,59,0.0,2,C,1
4,60,1.0,2,C,2
4,61,1.0,0,A,0
4,62,1.0,3,D,3
4,63,0.0,0,A,4
4,64,0.0,1,B,4
4,65,1.0,1,B,1
4,66,0.0,0,A,1
4,67,1.0,0,A,0
4,68,0.0,1,B,4
4,69,0.0,1,B,2
4,70,1.0,2,C,2
4,71,0.0,4,E,3
4,72,1.0,2,C,2
4,73,1.0,1,B,1
4,74,1.0,2,C,2
4,75,0.0,0,A,3
4,76,0.0,1,B,4
4,77,1.0,2,C,2
4,78,1.0,2,C,2
4,79,1.0,4,E,4
4,80,1.0,1,B,1
4,81,1.0,0,A,0
4,82,0.0,2,C,4
4,83,1.0,3,D,3
4,84,0.0,4,E,2
4,85,0.0,1,B,0
4,86,1.0,0,A,0
4,87,1.0,1,B,1
4,88,0.0,3,D,2
4,89,0.0,1,B,2
4,90,0.0,1,B,0
4,91,0.0,1,B,4
4,92,0.0,3,D,0
8,0,1.0,0,A,0
8,1,1.0,1,B,1
8,2,1.0,3,D,3
8,3,0.0,1,B,3
8,4,0.0,0,A,2
8,5,0.0,4,E,2
8,6,0.0,1,B,4
8,7,0.0,0,A,2
8,8,0.0,2,C,4
8,9,0.0,0,A,1
8,10,1.0,3,D,3
8,11,0.0,2,C,0
8,12,0.0,0,A,3
8,13,1.0,2,C,2
8,14,0.0,3,D,0
8,15,1.0,2,C,2
8,16,0.0,3,D,1
8,17,1.0,3,D,3
8,18,1.0,2,C,2
8,19,0.0,0,A,1
8,20,1.0,2,C,2
8,21,0.0,0,A,3
8,22,0.0,1,B,0
8,23,0.0,4,E,0
8,24,0.0,3,D,2
8,25,1.0,3,D,3
8,26,1.0,3,D,3
8,27,1.0,0,A,0
8,28,0.0,2,C,4
8,29,1.0,1,B,1
8,30,0.0,0,A,4
8,31,1.0,1,B,1
8,32,0.0,2,C,4
8,33,0.0,0,A,3
8,34,0.0,1,B,3
8,35,0.0,2,C,0
8,36,0.0,0,A,1
8,37,1.0,2,C,2
8,38,1.0,4,E,4
8,39,1.0,4,E,4
8,40,0.0,2,C,1
8,41,0.0,3,D,2
8,42,0.0,1,B,3
8,43,0.0,3,D,1
8,44,0.0,0,A,2
8,45,0.0,0,A,1
8,46,0.0,2,C,1
8,47,1.0,2,C,2
8,48,0.0,2,C,4
8,49,0.0,1,B,2
8,50,0.0,0,A,2
8,51,0.0,0,A,3
8,52,1.0,3,D,3
8,53,0.0,3,D,0
8,54,0.0,4,E,0
8,55,0.0,1,B,2
8,56,0.0,1,B,3
8,57,1.0,1,B,1
8,58,1.0,1,B,1
8,59,0.0,2,C,1
8,60,1.0,2,C,2
8,61,1.0,0,A,0
8,62,0.0,0,A,3
8,63,0.0,0,A,4
8,64,0.0,1,B,4
8,65,1.0,1,B,1
8,66,0.0,0,A,1
8,67,1.0,0,A,0
8,68,0.0,1,B,4
8,69,0.0,1,B,2
8,70,1.0,2,C,2
8,71,0.0,4,E,3
8,72,1.0,2,C,2
8,73,1.0,1,B,1
8,74,1.0,2,C,2
8,75,0.0,0,A,3
8,76,0.0,1,B,4
8,77,1.0,2,C,2
8,78,1.0,2,C,2
8,79,1.0,4,E,4
8,80,1.0,1,B,1
8,81,1.0,0,A,0
8,82,0.0,2,C,4
8,83,1.0,3,D,3
8,84,0.0,4,E,2
8,85,0.0,2,C,0
8,86,1.0,0,A,0
8,87,1.0,1,B,1
8,88,0.0,3,D,2
8,89,0.0,1,B,2
8,90,0.0,1,B,0
8,91,0.0,1,B,4
8,92,0.0,3,D,0
12,0,1.0,0,A,0
12,1,1.0,1,B,1
12,2,1.0,3,D,3
12,3,1.0,3,D,3
12,4,0.0,0,A,2
12,5,0.0,4,E,2
12,6,0.0,1,B,4
12,7,0.0,0,A,2
12,8,0.0,2,C,4
12,9,1.0,1,B,1
12,10,1.0,3,D,3
12,11,0.0,2,C,0
12,12,0.0,0,A,3
12,13,1.0,2,C,2
12,14,0.0,3,D,0
12,15,1.0,2,C,2
12,16,0.0,3,D,1
12,17,1.0,3,D,3
12,18,1.0,2,C,2
12,19,0.0,0,A,1
12,20,1.0,2,C,2
12,21,1.0,3,D,3
12,22,0.0,1,B,0
12,23,0.0,4,E,0
12,24,0.0,1,B,2
12,25,1.0,3,D,3
12,26,1.0,3,D,3
12,27,1.0,0,A,0
12,28,0.0,2,C,4
12,29,1.0,1,B,1
12,30,0.0,0,A,4
12,31,0.0,0,A,1
12,32,0.0,2,C,4
12,33,0.0,0,A,3
12,34,0.0,1,B,3
12,35,0.0,2,C,0
12,36,0.0,0,A,1
12,37,1.0,2,C,2
12,38,1.0,4,E,4
12,39,1.0,4,E,4
12,40,0.0,2,C,1
12,41,0.0,3,D,2
12,42,0.0,1,B,3
12,43,0.0,3,D,1
12,44,0.0,0,A,2
12,45,0.0,0,A,1
12,46,0.0,2,C,1
12,47,1.0,2,C,2
12,48,0.0,2,C,4
12,49,0.0,1,B,2
12,50,0.0,0,A,2
12,51,0.0,0,A,3
12,52,1.0,3,D,3
12,53,0.0,3,D,0
12,54,0.0,4,E,0
12,55,0.0,1,B,2
12,56,0.0,1,B,3
12,57,1.0,1,B,1
12,58,1.0,1,B,1
12,59,0.0,2,C,1
12,60,0.0,3,D,2
12,61,1.0,0,A,0
12,62,0.0,0,A,3
12,63,0.0,2,C,4
12,64,0.0,1,B,4
12,65,1.0,1,B,1
12,66,0.0,0,A,1
12,67,1.0,0,A,0
12,68,0.0,1,B,4
12,69,0.0,1,B,2
12,70,1.0,2,C,2
12,71,0.0,4,E,3
12,72,1.0,2,C,2
12,73,1.0,1,B,1
12,74,1.0,2,C,2
12,75,0.0,0,A,3
12,76,0.0,1,B,4
12,77,1.0,2,C,2
12,78,1.0,2,C,2
12,79,1.0,4,E,4
12,80,1.0,1,B,1
12,81,1.0,0,A,0
12,82,0.0,2,C,4
12,83,1.0,3,D,3
12,84,0.0,4,E,2
12,85,0.0,2,C,0
12,86,1.0,0,A,0
12,87,1.0,1,B,1
12,88,0.0,3,D,2
12,89,0.0,1,B,2
12,90,0.0,1,B,0
12,91,0.0,1,B,4
12,92,0.0,3,D,0
16,0,1.0,0,A,0
16,1,1.0,1,B,1
16,2,1.0,3,D,3
16,3,1.0,3,D,3
16,4,0.0,0,A,2
16,5,0.0,4,E,2
16,6,0.0,1,B,4
16,7,0.0,0,A,2
16,8,0.0,2,C,4
16,9,1.0,1,B,1
16,10,1.0,3,D,3
16,11,0.0,2,C,0
16,12,0.0,0,A,3
16,13,1.0,2,C,2
16,14,0.0,3,D,0
16,15,1.0,2,C,2
16,16,0.0,3,D,1
16,17,1.0,3,D,3
16,18,1.0,2,C,2
16,19,0.0,0,A,1
16,20,1.0,2,C,2
16,21,1.0,3,D,3
16,22,0.0,1,B,0
16,23,0.0,4,E,0
16,24,0.0,1,B,2
16,25,1.0,3,D,3
16,26,1.0,3,D,3
16,27,1.0,0,A,0
16,28,0.0,2,C,4
16,29,1.0,1,B,1
16,30,0.0,0,A,4
16,31,0.0,0,A,1
16,32,0.0,2,C,4
16,33,0.0,0,A,3
16,34,0.0,1,B,3
16,35,0.0,2,C,0
16,36,0.0,0,A,1
16,37,1.0,2,C,2
16,38,1.0,4,E,4
16,39,1.0,4,E,4
16,40,0.0,2,C,1
16,41,0.0,3,D,2
16,42,0.0,1,B,3
16,43,0.0,3,D,1
16,44,0.0,0,A,2
16,45,0.0,0,A,1
16,46,0.0,2,C,1
16,47,1.0,2,C,2
16,48,0.0,2,C,4
16,49,0.0,1,B,2
16,50,0.0,3,D,2
16,51,0.0,0,A,3
16,52,1.0,3,D,3
16,53,0.0,3,D,0
16,54,1.0,0,A,0
16,55,0.0,1,B,2
16,56,0.0,1,B,3
16,57,1.0,1,B,1
16,58,1.0,1,B,1
16,59,0.0,2,C,1
16,60,0.0,3,D,2
16,61,1.0,0,A,0
16,62,0.0,0,A,3
16,63,0.0,2,C,4
16,64,0.0,1,B,4
16,65,1.0,1,B,1
16,66,0.0,0,A,1
16,67,1.0,0,A,0
16,68,0.0,1,B,4
16,69,0.0,1,B,2
16,70,1.0,2,C,2
16,71,0.0,4,E,3
16,72,1.0,2,C,2
16,73,1.0,1,B,1
16,74,1.0,2,C,2
16,75,0.0,0,A,3
16,76,0.0,1,B,4
16,77,1.0,2,C,2
16,78,1.0,2,C,2
16,79,1.0,4,E,4
16,80,1.0,1,B,1
16,81,1.0,0,A,0
16,82,0.0,2,C,4
16,83,1.0,3,D,3
16,84,0.0,4,E,2
16,85,0.0,2,C,0
16,86,1.0,0,A,0
16,87,1.0,1,B,1
16,88,0.0,3,D,2
16,89,0.0,4,E,2
16,90,0.0,3,D,0
16,91,0.0,1,B,4
16,92,0.0,3,D,0
20,0,1.0,0,A,0
20,1,1.0,1,B,1
20,2,1.0,3,D,3
20,3,1.0,3,D,3
20,4,0.0,0,A,2
20,5,0.0,4,E,2
20,6,0.0,1,B,4
20,7,0.0,0,A,2
20,8,0.0,2,C,4
20,9,1.0,1,B,1
20,10,1.0,3,D,3
20,11,0.0,2,C,0
20,12,0.0,0,A,3
20,13,1.0,2,C,2
20,14,0.0,3,D,0
20,15,1.0,2,C,2
20,16,0.0,3,D,1
20,17,1.0,3,D,3
20,18,1.0,2,C,2
20,19,1.0,1,B,1
20,20,1.0,2,C,2
20,21,0.0,0,A,3
20,22,0.0,1,B,0
20,23,0.0,4,E,0
20,24,0.0,1,B,2
20,25,1.0,3,D,3
20,26,1.0,3,D,3
20,27,1.0,0,A,0
20,28,0.0,2,C,4
20,29,1.0,1,B,1
20,30,0.0,0,A,4
20,31,0.0,0,A,1
20,32,0.0,2,C,4
20,33,0.0,0,A,3
20,34,0.0,1,B,3
20,35,0.0,2,C,0
20,36,0.0,0,A,1
20,37,1.0,2,C,2
20,38,1.0,4,E,4
20,39,1.0,4,E,4
20,40,0.0,2,C,1
20,41,0.0,3,D,2
20,42,0.0,1,B,3
20,43,0.0,3,D,1
20,44,0.0,0,A,2
20,45,0.0,0,A,1
20,46,0.0,2,C,1
20,47,1.0,2,C,2
20,48,0.0,2,C,4
20,49,0.0,1,B,2
20,50,0.0,3,D,2
20,51,0.0,0,A,3
20,52,1.0,3,D,3
20,53,0.0,3,D,0
20,54,1.0,0,A,0
20,55,0.0,1,B,2
20,56,0.0,1,B,3
20,57,1.0,1,B,1
20,58,1.0,1,B,1
20,59,0.0,2,C,1
20,60,0.0,3,D,2
20,61,1.0,0,A,0
20,62,0.0,0,A,3
20,63,0.0,2,C,4
20,64,0.0,1,B,4
20,65,1.0,1,B,1
20,66,0.0,0,A,1
20,67,1.0,0,A,0
20,68,0.0,1,B,4
20,69,0.0,1,B,2
20,70,1.0,2,C,2
20,71,0.0,4,E,3
20,72,1.0,2,C,2
20,73,1.0,1,B,1
20,74,1.0,2,C,2
20,75,0.0,0,A,3
20,76,0.0,1,B,4
20,77,1.0,2,C,2
20,78,1.0,2,C,2
20,79,1.0,4,E,4
20,80,1.0,1,B,1
20,81,1.0,0,A,0
20,82,0.0,2,C,4
20,83,1.0,3,D,3
20,84,0.0,4,E,2
20,85,0.0,1,B,0
20,86,1.0,0,A,0
20,87,1.0,1,B,1
20,88,0.0,3,D,2
20,89,0.0,1,B,2
20,90,0.0,3,D,0
20,91,0.0,1,B,4
20,92,0.0,3,D,0
24,0,1.0,0,A,0
24,1,1.0,1,B,1
24,2,1.0,3,D,3
24,3,1.0,3,D,3
24,4,0.0,0,A,2
24,5,0.0,4,E,2
24,6,0.0,1,B,4
24,7,0.0,0,A,2
24,8,0.0,2,C,4
24,9,1.0,1,B,1
24,10,1.0,3,D,3
24,11,0.0,2,C,0
24,12,0.0,0,A,3
24,13,1.0,2,C,2
24,14,0.0,3,D,0
24,15,1.0,2,C,2
24,16,0.0,3,D,1
24,17,1.0,3,D,3
24,18,1.0,2,C,2
24,19,1.0,1,B,1
24,20,1.0,2,C,2
24,21,0.0,0,A,3
24,22,0.0,1,B,0
24,23,0.0,4,E,0
24,24,0.0,1,B,2
24,25,1.0,3,D,3
24,26,1.0,3,D,3
24,27,1.0,0,A,0
24,28,0.0,2,C,4
24,29,1.0,1,B,1
24,30,0.0,0,A,4
24,31,0.0,0,A,1
24,32,0.0,2,C,4
24,33,0.0,0,A,3
24,34,0.0,1,B,3
24,35,0.0,2,C,0
24,36,0.0,0,A,1
24,37,1.0,2,C,2
24,38,1.0,4,E,4
24,39,1.0,4,E,4
24,40,0.0,2,C,1
24,41,0.0,3,D,2
24,42,1.0,3,D,3
24,43,0.0,3,D,1
24,44,0.0,0,A,2
24,45,0.0,0,A,1
24,46,0.0,2,C,1
24,47,1.0,2,C,2
24,48,0.0,2,C,4
24,49,0.0,1,B,2
24,50,0.0,3,D,2
24,51,0.0,0,A,3
24,52,1.0,3,D,3
24,53,0.0,3,D,0
24,54,1.0,0,A,0
24,55,0.0,1,B,2
24,56,0.0,1,B,3
24,57,1.0,1,B,1
24,58,1.0,1,B,1
24,59,0.0,2,C,1
24,60,1.0,2,C,2
24,61,1.0,0,A,0
24,62,0.0,0,A,3
24,63,0.0,0,A,4
24,64,0.0,1,B,4
24,65,1.0,1,B,1
24,66,0.0,0,A,1
24,67,1.0,0,A,0
24,68,0.0,1,B,4
24,69,0.0,1,B,2
24,70,1.0,2,C,2
24,71,0.0,4,E,3
24,72,1.0,2,C,2
24,73,1.0,1,B,1
24,74,1.0,2,C,2
24,75,0.0,0,A,3
24,76,0.0,1,B,4
24,77,1.0,2,C,2
24,78,1.0,2,C,2
24,79,1.0,4,E,4
24,80,1.0,1,B,1
24,81,1.0,0,A,0
24,82,0.0,2,C,4
24,83,1.0,3,D,3
24,84,0.0,4,E,2
24,85,0.0,1,B,0
24,86,1.0,0,A,0
24,87,1.0,1,B,1
24,88,0.0,1,B,2
24,89,0.0,1,B,2
24,90,0.0,1,B,0
24,91,0.0,1,B,4
24,92,0.0,3,D,0
28,0,1.0,0,A,0
28,1,1.0,1,B,1
28,2,1.0,3,D,3
28,3,1.0,3,D,3
28,4,0.0,0,A,2
28,5,0.0,4,E,2
28,6,0.0,1,B,4
28,7,0.0,0,A,2
28,8,0.0,2,C,4
28,9,1.0,1,B,1
28,10,1.0,3,D,3
28,11,0.0,2,C,0
28,12,0.0,0,A,3
28,13,1.0,2,C,2
28,14,0.0,3,D,0
28,15,1.0,2,C,2
28,16,0.0,3,D,1
28,17,1.0,3,D,3
28,18,1.0,2,C,2
28,19,1.0,1,B,1
28,20,1.0,2,C,2
28,21,0.0,0,A,3
28,22,0.0,1,B,0
28,23,0.0,4,E,0
28,24,0.0,1,B,2
28,25,1.0,3,D,3
28,26,1.0,3,D,3
28,27,1.0,0,A,0
28,28,0.0,2,C,4
28,29,1.0,1,B,1
28,30,0.0,0,A,4
28,31,0.0,0,A,1
28,32,0.0,2,C,4
28,33,0.0,0,A,3
28,34,0.0,1,B,3
28,35,0.0,2,C,0
28,36,0.0,0,A,1
28,37,1.0,2,C,2
28,38,1.0,4,E,4
28,39,1.0,4,E,4
28,40,0.0,2,C,1
28,41,0.0,3,D,2
28,42,1.0,3,D,3
28,43,0.0,3,D,1
28,44,0.0,0,A,2
28,45,0.0,0,A,1
28,46,0.0,2,C,1
28,47,1.0,2,C,2
28,48,0.0,2,C,4
28,49,0.0,1,B,2
28,50,0.0,3,D,2
28,51,0.0,0,A,3
28,52,1.0,3,D,3
28,53,0.0,3,D,0
28,54,1.0,0,A,0
28,55,0.0,1,B,2
28,56,0.0,1,B,3
28,57,1.0,1,B,1
28,58,1.0,1,B,1
28,59,0.0,2,C,1
28,60,1.0,2,C,2
28,61,1.0,0,A,0
28,62,0.0,0,A,3
28,63,0.0,0,A,4
28,64,0.0,1,B,4
28,65,1.0,1,B,1
28,66,0.0,0,A,1
28,67,1.0,0,A,0
28,68,0.0,1,B,4
28,69,0.0,1,B,2
28,70,1.0,2,C,2
28,71,0.0,4,E,3
28,72,1.0,2,C,2
28,73,1.0,1,B,1
28,74,1.0,2,C,2
28,75,0.0,0,A,3
28,76,0.0,1,B,4
28,77,1.0,2,C,2
28,78,1.0,2,C,2
28,79,1.0,4,E,4
28,80,1.0,1,B,1
28,81,1.0,0,A,0
28,82,0.0,2,C,4
28,83,1.0,3,D,3
28,84,0.0,4,E,2
28,85,0.0,1,B,0
28,86,1.0,0,A,0
28,87,1.0,1,B,1
28,88,0.0,1,B,2
28,89,0.0,1,B,2
28,90,0.0,1,B,0
28,91,0.0,1,B,4
28,92,0.0,3,D,0
32,0,1.0,0,A,0
32,1,1.0,1,B,1
32,2,1.0,3,D,3
32,3,1.0,3,D,3
32,4,0.0,0,A,2
32,5,0.0,4,E,2
32,6,0.0,1,B,4
32,7,0.0,0,A,2
32,8,0.0,2,C,4
32,9,1.0,1,B,1
32,10,1.0,3,D,3
32,11,0.0,2,C,0
32,12,0.0,0,A,3
32,13,1.0,2,C,2
32,14,0.0,3,D,0
32,15,1.0,2,C,2
32,16,0.0,3,D,1
32,17,1.0,3,D,3
32,18,0.0,4,E,2
32,19,1.0,1,B,1
32,20,1.0,2,C,2
32,21,0.0,0,A,3
32,22,0.0,1,B,0
32,23,0.0,4,E,0
32,24,0.0,1,B,2
32,25,1.0,3,D,3
32,26,1.0,3,D,3
32,27,1.0,0,A,0
32,28,0.0,2,C,4
32,29,1.0,1,B,1
32,30,0.0,0,A,4
32,31,0.0,0,A,1
32,32,0.0,2,C,4
32,33,0.0,0,A,3
32,34,0.0,1,B,3
32,35,0.0,2,C,0
32,36,0.0,0,A,1
32,37,1.0,2,C,2
32,38,1.0,4,E,4
32,39,1.0,4,E,4
32,40,0.0,2,C,1
32,41,0.0,3,D,2
32,42,1.0,3,D,3
32,43,0.0,3,D,1
32,44,0.0,0,A,2
32,45,0.0,0,A,1
32,46,0.0,2,C,1
32,47,1.0,2,C,2
32,48,0.0,2,C,4
32,49,0.0,1,B,2
32,50,0.0,3,D,2
32,51,0.0,0,A,3
32,52,1.0,3,D,3
32,53,0.0,3,D,0
32,54,1.0,0,A,0
32,55,0.0,1,B,2
32,56,0.0,1,B,3
32,57,1.0,1,B,1
32,58,1.0,1,B,1
32,59,0.0,2,C,1
32,60,1.0,2,C,2
32,61,1.0,0,A,0
32,62,0.0,0,A,3
32,63,0.0,2,C,4
32,64,0.0,1,B,4
32,65,1.0,1,B,1
32,66,0.0,0,A,1
32,67,1.0,0,A,0
32,68,0.0,1,B,4
32,69,0.0,1,B,2
32,70,1.0,2,C,2
32,71,0.0,4,E,3
32,72,1.0,2,C,2
32,73,1.0,1,B,1
32,74,1.0,2,C,2
32,75,0.0,0,A,3
32,76,0.0,1,B,4
32,77,1.0,2,C,2
32,78,1.0,2,C,2
32,79,1.0,4,E,4
32,80,1.0,1,B,1
32,81,1.0,0,A,0
32,82,0.0,2,C,4
32,83,1.0,3,D,3
32,84,0.0,3,D,2
32,85,0.0,1,B,0
32,86,1.0,0,A,0
32,87,1.0,1,B,1
32,88,0.0,1,B,2
32,89,0.0,1,B,2
32,90,0.0,3,D,0
32,91,0.0,1,B,4
32,92,0.0,3,D,0
36,0,1.0,0,A,0
36,1,1.0,1,B,1
36,2,1.0,3,D,3
36,3,1.0,3,D,3
36,4,0.0,0,A,2
36,5,0.0,4,E,2
36,6,0.0,1,B,4
36,7,0.0,0,A,2
36,8,0.0,2,C,4
36,9,1.0,1,B,1
36,10,1.0,3,D,3
36,11,0.0,2,C,0
36,12,0.0,0,A,3
36,13,1.0,2,C,2
36,14,0.0,3,D,0
36,15,1.0,2,C,2
36,16,0.0,3,D,1
36,17,1.0,3,D,3
36,18,0.0,4,E,2
36,19,1.0,1,B,1
36,20,1.0,2,C,2
36,21,0.0,0,A,3
36,22,0.0,1,B,0
36,23,0.0,4,E,0
36,24,0.0,1,B,2
36,25,1.0,3,D,3
36,26,1.0,3,D,3
36,27,1.0,0,A,0
36,28,0.0,2,C,4
36,29,1.0,1,B,1
36,30,0.0,0,A,4
36,31,0.0,0,A,1
36,32,0.0,2,C,4
36,33,0.0,0,A,3
36,34,0.0,1,B,3
36,35,0.0,2,C,0
36,36,0.0,0,A,1
36,37,1.0,2,C,2
36,38,1.0,4,E,4
36,39,1.0,4,E,4
36,40,0.0,2,C,1
36,41,0.0,3,D,2
36,42,1.0,3,D,3
36,43,0.0,3,D,1
36,44,0.0,0,A,2
36,45,0.0,0,A,1
36,46,0.0,2,C,1
36,47,1.0,2,C,2
36,48,0.0,2,C,4
36,49,0.0,1,B,2
36,50,0.0,3,D,2
36,51,0.0,0,A,3
36,52,1.0,3,D,3
36,53,0.0,3,D,0
36,54,1.0,0,A,0
36,55,0.0,1,B,2
36,56,0.0,1,B,3
36,57,1.0,1,B,1
36,58,1.0,1,B,1
36,59,0.0,2,C,1
36,60,1.0,2,C,2
36,61,1.0,0,A,0
36,62,0.0,0,A,3
36,63,0.0,0,A,4
36,64,0.0,1,B,4
36,65,1.0,1,B,1
36,66,0.0,0,A,1
36,67,1.0,0,A,0
36,68,0.0,1,B,4
36,69,0.0,1,B,2
36,70,1.0,2,C,2
36,71,0.0,4,E,3
36,72,1.0,2,C,2
36,73,1.0,1,B,1
36,74,1.0,2,C,2
36,75,0.0,0,A,3
36,76,0.0,1,B,4
36,77,1.0,2,C,2
36,78,1.0,2,C,2
36,79,1.0,4,E,4
36,80,1.0,1,B,1
36,81,1.0,0,A,0
36,82,0.0,2,C,4
36,83,1.0,3,D,3
36,84,0.0,3,D,2
36,85,0.0,1,B,0
36,86,1.0,0,A,0
36,87,1.0,1,B,1
36,88,0.0,1,B,2
36,89,0.0,1,B,2
36,90,0.0,3,D,0
36,91,0.0,1,B,4
36,92,0.0,3,D,0
40,0,1.0,0,A,0
40,1,1.0,1,B,1
40,2,1.0,3,D,3
40,3,1.0,3,D,3
40,4,0.0,0,A,2
40,5,0.0,4,E,2
40,6,0.0,1,B,4
40,7,0.0,0,A,2
40,8,0.0,2,C,4
40,9,1.0,1,B,1
40,10,1.0,3,D,3
40,11,0.0,2,C,0
40,12,0.0,0,A,3
40,13,1.0,2,C,2
40,14,0.0,3,D,0
40,15,1.0,2,C,2
40,16,0.0,3,D,1
40,17,1.0,3,D,3
40,18,0.0,4,E,2
40,19,1.0,1,B,1
40,20,1.0,2,C,2
40,21,1.0,3,D,3
40,22,0.0,1,B,0
40,23,0.0,4,E,0
40,24,0.0,3,D,2
40,25,1.0,3,D,3
40,26,0.0,2,C,3
40,27,1.0,0,A,0
40,28,0.0,2,C,4
40,29,1.0,1,B,1
40,30,0.0,0,A,4
40,31,0.0,0,A,1
40,32,0.0,2,C,4
40,33,0.0,0,A,3
40,34,0.0,1,B,3
40,35,0.0,2,C,0
40,36,0.0,0,A,1
40,37,1.0,2,C,2
40,38,1.0,4,E,4
40,39,1.0,4,E,4
40,40,0.0,2,C,1
40,41,0.0,3,D,2
40,42,1.0,3,D,3
40,43,0.0,3,D,1
40,44,0.0,0,A,2
40,45,0.0,0,A,1
40,46,0.0,2,C,1
40,47,1.0,2,C,2
40,48,0.0,2,C,4
40,49,0.0,1,B,2
40,50,0.0,3,D,2
40,51,0.0,0,A,3
40,52,1.0,3,D,3
40,53,0.0,3,D,0
40,54,1.0,0,A,0
40,55,0.0,1,B,2
40,56,0.0,1,B,3
40,57,1.0,1,B,1
40,58,1.0,1,B,1
40,59,0.0,2,C,1
40,60,1.0,2,C,2
40,61,1.0,0,A,0
40,62,0.0,0,A,3
40,63,0.0,0,A,4
40,64,0.0,1,B,4
40,65,1.0,1,B,1
40,66,0.0,0,A,1
40,67,1.0,0,A,0
40,68,0.0,1,B,4
40,69,0.0,1,B,2
40,70,1.0,2,C,2
40,71,0.0,4,E,3
40,72,1.0,2,C,2
40,73,1.0,1,B,1
40,74,1.0,2,C,2
40,75,0.0,0,A,3
40,76,0.0,1,B,4
40,77,1.0,2,C,2
40,78,1.0,2,C,2
40,79,1.0,4,E,4
40,80,1.0,1,B,1
40,81,1.0,0,A,0
40,82,0.0,2,C,4
40,83,1.0,3,D,3
40,84,0.0,3,D,2
40,85,0.0,1,B,0
40,86,1.0,0,A,0
40,87,1.0,1,B,1
40,88,0.0,1,B,2
40,89,0.0,1,B,2
40,90,0.0,1,B,0
40,91,0.0,1,B,4
40,92,0.0,3,D,0
44,0,1.0,0,A,0
44,1,1.0,1,B,1
44,2,1.0,3,D,3
44,3,1.0,3,D,3
44,4,0.0,0,A,2
44,5,0.0,4,E,2
44,6,0.0,1,B,4
44,7,0.0,0,A,2
44,8,0.0,2,C,4
44,9,1.0,1,B,1
44,10,1.0,3,D,3
44,11,0.0,2,C,0
44,12,0.0,0,A,3
44,13,1.0,2,C,2
44,14,0.0,3,D,0
44,15,1.0,2,C,2
44,16,0.0,3,D,1
44,17,1.0,3,D,3
44,18,0.0,4,E,2
44,19,1.0,1,B,1
44,20,1.0,2,C,2
44,21,1.0,3,D,3
44,22,0.0,1,B,0
44,23,0.0,4,E,0
44,24,0.0,3,D,2
44,25,1.0,3,D,3
44,26,0.0,2,C,3
44,27,1.0,0,A,0
44,28,0.0,2,C,4
44,29,1.0,1,B,1
44,30,0.0,0,A,4
44,31,0.0,0,A,1
44,32,0.0,2,C,4
44,33,0.0,0,A,3
44,34,0.0,1,B,3
44,35,0.0,2,C,0
44,36,0.0,0,A,1
44,37,1.0,2,C,2
44,38,1.0,4,E,4
44,39,1.0,4,E,4
44,40,0.0,2,C,1
44,41,0.0,3,D,2
44,42,1.0,3,D,3
44,43,0.0,3,D,1
44,44,0.0,0,A,2
44,45,0.0,0,A,1
44,46,0.0,2,C,1
44,47,1.0,2,C,2
44,48,0.0,2,C,4
44,49,0.0,1,B,2
44,50,0.0,3,D,2
44,51,0.0,0,A,3
44,52,1.0,3,D,3
44,53,0.0,3,D,0
44,54,1.0,0,A,0
44,55,0.0,1,B,2
44,56,0.0,1,B,3
44,57,1.0,1,B,1
44,58,1.0,1,B,1
44,59,0.0,2,C,1
44,60,1.0,2,C,2
44,61,1.0,0,A,0
44,62,0.0,0,A,3
44,63,0.0,2,C,4
44,64,0.0,1,B,4
44,65,1.0,1,B,1
44,66,0.0,0,A,1
44,67,1.0,0,A,0
44,68,0.0,1,B,4
44,69,0.0,1,B,2
44,70,1.0,2,C,2
44,71,0.0,4,E,3
44,72,1.0,2,C,2
44,73,1.0,1,B,1
44,74,1.0,2,C,2
44,75,0.0,0,A,3
44,76,0.0,1,B,4
44,77,1.0,2,C,2
44,78,1.0,2,C,2
44,79,1.0,4,E,4
44,80,1.0,1,B,1
44,81,1.0,0,A,0
44,82,0.0,2,C,4
44,83,1.0,3,D,3
44,84,0.0,3,D,2
44,85,0.0,1,B,0
44,86,1.0,0,A,0
44,87,1.0,1,B,1
44,88,0.0,1,B,2
44,89,0.0,1,B,2
44,90,0.0,1,B,0
44,91,0.0,1,B,4
44,92,0.0,3,D,0
48,0,1.0,0,A,0
48,1,1.0,1,B,1
48,2,1.0,3,D,3
48,3,1.0,3,D,3
48,4,0.0,0,A,2
48,5,0.0,4,E,2
48,6,0.0,1,B,4
48,7,0.0,0,A,2
48,8,0.0,2,C,4
48,9,1.0,1,B,1
48,10,1.0,3,D,3
48,11,0.0,2,C,0
48,12,0.0,0,A,3
48,13,1.0,2,C,2
48,14,0.0,3,D,0
48,15,1.0,2,C,2
48,16,0.0,3,D,1
48,17,1.0,3,D,3
48,18,0.0,4,E,2
48,19,1.0,1,B,1
48,20,1.0,2,C,2
48,21,1.0,3,D,3
48,22,0.0,1,B,0
48,23,0.0,4,E,0
48,24,0.0,3,D,2
48,25,1.0,3,D,3
48,26,0.0,2,C,3
48,27,1.0,0,A,0
48,28,0.0,2,C,4
48,29,1.0,1,B,1
48,30,0.0,0,A,4
48,31,0.0,0,A,1
48,32,0.0,2,C,4
48,33,0.0,0,A,3
48,34,0.0,1,B,3
48,35,0.0,2,C,0
48,36,0.0,0,A,1
48,37,1.0,2,C,2
48,38,1.0,4,E,4
48,39,1.0,4,E,4
48,40,0.0,2,C,1
48,41,0.0,3,D,2
48,42,1.0,3,D,3
48,43,0.0,3,D,1
48,44,0.0,0,A,2
48,45,0.0,0,A,1
48,46,0.0,2,C,1
48,47,1.0,2,C,2
48,48,0.0,2,C,4
48,49,0.0,1,B,2
48,50,0.0,3,D,2
48,51,0.0,0,A,3
48,52,1.0,3,D,3
48,53,0.0,3,D,0
48,54,1.0,0,A,0
48,55,0.0,1,B,2
48,56,0.0,1,B,3
48,57,1.0,1,B,1
48,58,1.0,1,B,1
48,59,0.0,2,C,1
48,60,1.0,2,C,2
48,61,1.0,0,A,0
48,62,0.0,0,A,3
48,63,0.0,2,C,4
48,64,0.0,1,B,4
48,65,1.0,1,B,1
48,66,0.0,0,A,1
48,67,1.0,0,A,0
48,68,0.0,1,B,4
48,69,0.0,1,B,2
48,70,1.0,2,C,2
48,71,0.0,4,E,3
48,72,1.0,2,C,2
48,73,1.0,1,B,1
48,74,1.0,2,C,2
48,75,0.0,0,A,3
48,76,0.0,1,B,4
48,77,1.0,2,C,2
48,78,1.0,2,C,2
48,79,1.0,4,E,4
48,80,1.0,1,B,1
48,81,1.0,0,A,0
48,82,0.0,2,C,4
48,83,1.0,3,D,3
48,84,0.0,3,D,2
48,85,0.0,1,B,0
48,86,1.0,0,A,0
48,87,1.0,1,B,1
48,88,0.0,1,B,2
48,89,0.0,1,B,2
48,90,0.0,1,B,0
48,91,0.0,1,B,4
48,92,0.0,3,D,0
52,0,1.0,0,A,0
52,1,1.0,1,B,1
52,2,1.0,3,D,3
52,3,1.0,3,D,3
52,4,0.0,0,A,2
52,5,0.0,4,E,2
52,6,0.0,1,B,4
52,7,0.0,0,A,2
52,8,0.0,2,C,4
52,9,1.0,1,B,1
52,10,1.0,3,D,3
52,11,0.0,2,C,0
52,12,0.0,0,A,3
52,13,1.0,2,C,2
52,14,0.0,3,D,0
52,15,1.0,2,C,2
52,16,0.0,3,D,1
52,17,1.0,3,D,3
52,18,0.0,4,E,2
52,19,1.0,1,B,1
52,20,1.0,2,C,2
52,21,1.0,3,D,3
52,22,0.0,1,B,0
52,23,0.0,4,E,0
52,24,0.0,3,D,2
52,25,1.0,3,D,3
52,26,0.0,2,C,3
52,27,1.0,0,A,0
52,28,0.0,2,C,4
52,29,1.0,1,B,1
52,30,0.0,0,A,4
52,31,0.0,0,A,1
52,32,0.0,2,C,4
52,33,0.0,0,A,3
52,34,0.0,1,B,3
52,35,0.0,2,C,0
52,36,0.0,0,A,1
52,37,1.0,2,C,2
52,38,1.0,4,E,4
52,39,1.0,4,E,4
52,40,0.0,2,C,1
52,41,0.0,3,D,2
52,42,1.0,3,D,3
52,43,0.0,3,D,1
52,44,1.0,2,C,2
52,45,0.0,0,A,1
52,46,0.0,2,C,1
52,47,1.0,2,C,2
52,48,0.0,2,C,4
52,49,0.0,1,B,2
52,50,0.0,3,D,2
52,51,0.0,0,A,3
52,52,1.0,3,D,3
52,53,0.0,3,D,0
52,54,1.0,0,A,0
52,55,0.0,1,B,2
52,56,0.0,1,B,3
52,57,1.0,1,B,1
52,58,1.0,1,B,1
52,59,0.0,2,C,1
52,60,1.0,2,C,2
52,61,1.0,0,A,0
52,62,0.0,0,A,3
52,63,0.0,0,A,4
52,64,0.0,1,B,4
52,65,1.0,1,B,1
52,66,0.0,0,A,1
52,67,1.0,0,A,0
52,68,0.0,1,B,4
52,69,0.0,1,B,2
52,70,1.0,2,C,2
52,71,0.0,4,E,3
52,72,1.0,2,C,2
52,73,1.0,1,B,1
52,74,1.0,2,C,2
52,75,0.0,0,A,3
52,76,0.0,1,B,4
52,77,1.0,2,C,2
52,78,1.0,2,C,2
52,79,1.0,4,E,4
52,80,1.0,1,B,1
52,81,1.0,0,A,0
52,82,0.0,2,C,4
52,83,1.0,3,D,3
52,84,0.0,3,D,2
52,85,0.0,1,B,0
52,86,1.0,0,A,0
52,87,1.0,1,B,1
52,88,0.0,1,B,2
52,89,0.0,1,B,2
52,90,0.0,1,B,0
52,91,0.0,1,B,4
52,92,0.0,3,D,0
56,0,1.0,0,A,0
56,1,1.0,1,B,1
56,2,1.0,3,D,3
56,3,1.0,3,D,3
56,4,0.0,0,A,2
56,5,0.0,4,E,2
56,6,0.0,1,B,4
56,7,0.0,0,A,2
56,8,0.0,2,C,4
56,9,1.0,1,B,1
56,10,1.0,3,D,3
56,11,0.0,1,B,0
56,12,0.0,0,A,3
56,13,1.0,2,C,2
56,14,0.0,3,D,0
56,15,1.0,2,C,2
56,16,0.0,3,D,1
56,17,1.0,3,D,3
56,18,0.0,4,E,2
56,19,1.0,1,B,1
56,20,1.0,2,C,2
56,21,1.0,3,D,3
56,22,0.0,1,B,0
56,23,0.0,4,E,0
56,24,0.0,1,B,2
56,25,1.0,3,D,3
56,26,0.0,2,C,3
56,27,1.0,0,A,0
56,28,0.0,2,C,4
56,29,1.0,1,B,1
56,30,0.0,0,A,4
56,31,0.0,0,A,1
56,32,0.0,2,C,4
56,33,0.0,0,A,3
56,34,0.0,1,B,3
56,35,0.0,2,C,0
56,36,0.0,0,A,1
56,37,1.0,2,C,2
56,38,1.0,4,E,4
56,39,1.0,4,E,4
56,40,0.0,2,C,1
56,41,0.0,3,D,2
56,42,1.0,3,D,3
56,43,0.0,3,D,1
56,44,0.0,0,A,2
56,45,0.0,0,A,1
56,46,0.0,2,C,1
56,47,1.0,2,C,2
56,48,0.0,2,C,4
56,49,0.0,1,B,2
56,50,0.0,3,D,2
56,51,0.0,0,A,3
56,52,1.0,3,D,3
56,53,0.0,3,D,0
56,54,1.0,0,A,0
56,55,0.0,1,B,2
56,56,0.0,1,B,3
56,57,1.0,1,B,1
56,58,1.0,1,B,1
56,59,0.0,2,C,1
56,60,1.0,2,C,2
56,61,1.0,0,A,0
56,62,0.0,0,A,3
56,63,0.0,0,A,4
56,64,0.0,1,B,4
56,65,1.0,1,B,1
56,66,0.0,0,A,1
56,67,1.0,0,A,0
56,68,0.0,1,B,4
56,69,0.0,1,B,2
56,70,1.0,2,C,2
56,71,0.0,4,E,3
56,72,1.0,2,C,2
56,73,1.0,1,B,1
56,74,1.0,2,C,2
56,75,0.0,0,A,3
56,76,0.0,1,B,4
56,77,1.0,2,C,2
56,78,1.0,2,C,2
56,79,1.0,4,E,4
56,80,1.0,1,B,1
56,81,1.0,0,A,0
56,82,0.0,2,C,4
56,83,1.0,3,D,3
56,84,0.0,3,D,2
56,85,0.0,1,B,0
56,86,1.0,0,A,0
56,87,1.0,1,B,1
56,88,0.0,1,B,2
56,89,0.0,1,B,2
56,90,0.0,1,B,0
56,91,0.0,1,B,4
56,92,0.0,3,D,0
60,0,1.0,0,A,0
60,1,1.0,1,B,1
60,2,1.0,3,D,3
60,3,1.0,3,D,3
60,4,0.0,0,A,2
60,5,0.0,4,E,2
60,6,0.0,1,B,4
60,7,0.0,0,A,2
60,8,0.0,2,C,4
60,9,1.0,1,B,1
60,10,1.0,3,D,3
60,11,0.0,2,C,0
60,12,0.0,0,A,3
60,13,1.0,2,C,2
60,14,0.0,3,D,0
60,15,1.0,2,C,2
60,16,0.0,3,D,1
60,17,1.0,3,D,3
60,18,0.0,4,E,2
60,19,1.0,1,B,1
60,20,1.0,2,C,2
60,21,1.0,3,D,3
60,22,0.0,1,B,0
60,23,0.0,4,E,0
60,24,0.0,1,B,2
60,25,1.0,3,D,3
60,26,0.0,2,C,3
60,27,1.0,0,A,0
60,28,0.0,2,C,4
60,29,1.0,1,B,1
60,30,0.0,0,A,4
60,31,0.0,0,A,1
60,32,0.0,2,C,4
60,33,0.0,0,A,3
60,34,0.0,1,B,3
60,35,0.0,2,C,0
60,36,0.0,0,A,1
60,37,1.0,2,C,2
60,38,1.0,4,E,4
60,39,1.0,4,E,4
60,40,0.0,2,C,1
60,41,0.0,3,D,2
60,42,1.0,3,D,3
60,43,0.0,3,D,1
60,44,0.0,0,A,2
60,45,0.0,0,A,1
60,46,0.0,2,C,1
60,47,1.0,2,C,2
60,48,0.0,2,C,4
60,49,0.0,1,B,2
60,50,0.0,3,D,2
60,51,0.0,0,A,3
60,52,1.0,3,D,3
60,53,0.0,3,D,0
60,54,1.0,0,A,0
60,55,0.0,1,B,2
60,56,0.0,1,B,3
60,57,1.0,1,B,1
60,58,1.0,1,B,1
60,59,0.0,2,C,1
60,60,1.0,2,C,2
60,61,1.0,0,A,0
60,62,0.0,0,A,3
60,63,0.0,2,C,4
60,64,0.0,1,B,4
60,65,1.0,1,B,1
60,66,0.0,0,A,1
60,67,1.0,0,A,0
60,68,0.0,1,B,4
60,69,0.0,1,B,2
60,70,1.0,2,C,2
60,71,0.0,4,E,3
60,72,1.0,2,C,2
60,73,1.0,1,B,1
60,74,1.0,2,C,2
60,75,0.0,0,A,3
60,76,0.0,1,B,4
60,77,1.0,2,C,2
60,78,1.0,2,C,2
60,79,1.0,4,E,4
60,80,1.0,1,B,1
60,81,1.0,0,A,0
60,82,0.0,2,C,4
60,83,1.0,3,D,3
60,84,0.0,3,D,2
60,85,0.0,1,B,0
60,86,1.0,0,A,0
60,87,1.0,1,B,1
60,88,0.0,1,B,2
60,89,0.0,1,B,2
60,90,0.0,1,B,0
60,91,0.0,1,B,4
60,92,0.0,3,D,0
64,0,1.0,0,A,0
64,1,1.0,1,B,1
64,2,1.0,3,D,3
64,3,1.0,3,D,3
64,4,0.0,0,A,2
64,5,0.0,4,E,2
64,6,0.0,1,B,4
64,7,0.0,0,A,2
64,8,0.0,2,C,4
64,9,1.0,1,B,1
64,10,1.0,3,D,3
64,11,0.0,1,B,0
64,12,0.0,0,A,3
64,13,1.0,2,C,2
64,14,0.0,3,D,0
64,15,1.0,2,C,2
64,16,0.0,3,D,1
64,17,1.0,3,D,3
64,18,0.0,4,E,2
64,19,1.0,1,B,1
64,20,1.0,2,C,2
64,21,1.0,3,D,3
64,22,0.0,1,B,0
64,23,0.0,4,E,0
64,24,0.0,3,D,2
64,25,1.0,3,D,3
64,26,0.0,2,C,3
64,27,1.0,0,A,0
64,28,0.0,2,C,4
64,29,1.0,1,B,1
64,30,0.0,0,A,4
64,31,0.0,0,A,1
64,32,0.0,2,C,4
64,33,0.0,0,A,3
64,34,0.0,1,B,3
64,35,0.0,2,C,0
64,36,0.0,0,A,1
64,37,1.0,2,C,2
64,38,1.0,4,E,4
64,39,1.0,4,E,4
64,40,0.0,2,C,1
64,41,0.0,3,D,2
64,42,0.0,1,B,3
64,43,0.0,3,D,1
64,44,0.0,0,A,2
64,45,0.0,0,A,1
64,46,0.0,2,C,1
64,47,1.0,2,C,2
64,48,0.0,2,C,4
64,49,0.0,1,B,2
64,50,0.0,3,D,2
64,51,0.0,0,A,3
64,52,1.0,3,D,3
64,53,0.0,3,D,0
64,54,1.0,0,A,0
64,55,0.0,1,B,2
64,56,0.0,1,B,3
64,57,1.0,1,B,1
64,58,1.0,1,B,1
64,59,0.0,2,C,1
64,60,1.0,2,C,2
64,61,1.0,0,A,0
64,62,0.0,0,A,3
64,63,0.0,2,C,4
64,64,0.0,1,B,4
64,65,1.0,1,B,1
64,66,0.0,0,A,1
64,67,1.0,0,A,0
64,68,0.0,1,B,4
64,69,0.0,1,B,2
64,70,1.0,2,C,2
64,71,0.0,4,E,3
64,72,1.0,2,C,2
64,73,1.0,1,B,1
64,74,1.0,2,C,2
64,75,0.0,0,A,3
64,76,0.0,1,B,4
64,77,1.0,2,C,2
64,78,1.0,2,C,2
64,79,1.0,4,E,4
64,80,1.0,1,B,1
64,81,1.0,0,A,0
64,82,0.0,2,C,4
64,83,1.0,3,D,3
64,84,0.0,3,D,2
64,85,0.0,1,B,0
64,86,1.0,0,A,0
64,87,1.0,1,B,1
64,88,0.0,1,B,2
64,89,0.0,4,E,2
64,90,0.0,1,B,0
64,91,0.0,1,B,4
64,92,0.0,3,D,0
68,0,1.0,0,A,0
68,1,1.0,1,B,1
68,2,1.0,3,D,3
68,3,1.0,3,D,3
68,4,0.0,0,A,2
68,5,0.0,4,E,2
68,6,0.0,1,B,4
68,7,0.0,0,A,2
68,8,0.0,2,C,4
68,9,1.0,1,B,1
68,10,1.0,3,D,3
68,11,0.0,1,B,0
68,12,0.0,0,A,3
68,13,1.0,2,C,2
68,14,0.0,3,D,0
68,15,1.0,2,C,2
68,16,0.0,3,D,1
68,17,1.0,3,D,3
68,18,0.0,4,E,2
68,19,1.0,1,B,1
68,20,1.0,2,C,2
68,21,1.0,3,D,3
68,22,0.0,1,B,0
68,23,0.0,4,E,0
68,24,0.0,3,D,2
68,25,1.0,3,D,3
68,26,0.0,2,C,3
68,27,1.0,0,A,0
68,28,0.0,2,C,4
68,29,1.0,1,B,1
68,30,0.0,0,A,4
68,31,0.0,0,A,1
68,32,0.0,2,C,4
68,33,0.0,0,A,3
68,34,0.0,1,B,3
68,35,0.0,2,C,0
68,36,0.0,0,A,1
68,37,1.0,2,C,2
68,38,1.0,4,E,4
68,39,1.0,4,E,4
68,40,0.0,2,C,1
68,41,0.0,3,D,2
68,42,0.0,1,B,3
68,43,0.0,3,D,1
68,44,0.0,0,A,2
68,45,0.0,0,A,1
68,46,0.0,2,C,1
68,47,1.0,2,C,2
68,48,0.0,2,C,4
68,49,0.0,1,B,2
68,50,0.0,3,D,2
68,51,0.0,0,A,3
68,52,1.0,3,D,3
68,53,0.0,3,D,0
68,54,1.0,0,A,0
68,55,0.0,1,B,2
68,56,0.0,1,B,3
68,57,1.0,1,B,1
68,58,1.0,1,B,1
68,59,0.0,2,C,1
68,60,1.0,2,C,2
68,61,1.0,0,A,0
68,62,0.0,0,A,3
68,63,0.0,2,C,4
68,64,0.0,1,B,4
68,65,1.0,1,B,1
68,66,0.0,0,A,1
68,67,1.0,0,A,0
68,68,0.0,1,B,4
68,69,0.0,1,B,2
68,70,1.0,2,C,2
68,71,0.0,4,E,3
68,72,1.0,2,C,2
68,73,1.0,1,B,1
68,74,1.0,2,C,2
68,75,0.0,0,A,3
68,76,0.0,1,B,4
68,77,1.0,2,C,2
68,78,1.0,2,C,2
68,79,1.0,4,E,4
68,80,1.0,1,B,1
68,81,1.0,0,A,0
68,82,0.0,2,C,4
68,83,1.0,3,D,3
68,84,0.0,3,D,2
68,85,0.0,1,B,0
68,86,1.0,0,A,0
68,87,1.0,1,B,1
68,88,0.0,1,B,2
68,89,0.0,1,B,2
68,90,0.0,1,B,0
68,91,0.0,1,B,4
68,92,0.0,3,D,0
72,0,1.0,0,A,0
72,1,1.0,1,B,1
72,2,1.0,3,D,3
72,3,1.0,3,D,3
72,4,0.0,0,A,2
72,5,0.0,4,E,2
72,6,0.0,1,B,4
72,7,0.0,0,A,2
72,8,0.0,2,C,4
72,9,1.0,1,B,1
72,10,1.0,3,D,3
72,11,0.0,1,B,0
72,12,0.0,0,A,3
72,13,1.0,2,C,2
72,14,0.0,3,D,0
72,15,1.0,2,C,2
72,16,0.0,3,D,1
72,17,1.0,3,D,3
72,18,0.0,4,E,2
72,19,1.0,1,B,1
72,20,1.0,2,C,2
72,21,1.0,3,D,3
72,22,0.0,1,B,0
72,23,0.0,4,E,0
72,24,0.0,3,D,2
72,25,1.0,3,D,3
72,26,0.0,2,C,3
72,27,1.0,0,A,0
72,28,0.0,2,C,4
72,29,1.0,1,B,1
72,30,0.0,0,A,4
72,31,0.0,0,A,1
72,32,0.0,2,C,4
72,33,0.0,0,A,3
72,34,0.0,1,B,3
72,35,0.0,2,C,0
72,36,0.0,0,A,1
72,37,1.0,2,C,2
72,38,1.0,4,E,4
72,39,1.0,4,E,4
72,40,0.0,2,C,1
72,41,0.0,3,D,2
72,42,0.0,1,B,3
72,43,0.0,3,D,1
72,44,0.0,0,A,2
72,45,0.0,0,A,1
72,46,0.0,2,C,1
72,47,1.0,2,C,2
72,48,0.0,2,C,4
72,49,0.0,1,B,2
72,50,0.0,3,D,2
72,51,0.0,0,A,3
72,52,1.0,3,D,3
72,53,0.0,3,D,0
72,54,1.0,0,A,0
72,55,0.0,1,B,2
72,56,0.0,1,B,3
72,57,1.0,1,B,1
72,58,1.0,1,B,1
72,59,0.0,2,C,1
72,60,1.0,2,C,2
72,61,1.0,0,A,0
72,62,0.0,0,A,3
72,63,0.0,2,C,4
72,64,0.0,1,B,4
72,65,1.0,1,B,1
72,66,0.0,0,A,1
72,67,1.0,0,A,0
72,68,0.0,1,B,4
72,69,0.0,1,B,2
72,70,1.0,2,C,2
72,71,0.0,4,E,3
72,72,1.0,2,C,2
72,73,1.0,1,B,1
72,74,1.0,2,C,2
72,75,0.0,0,A,3
72,76,0.0,1,B,4
72,77,1.0,2,C,2
72,78,1.0,2,C,2
72,79,1.0,4,E,4
72,80,1.0,1,B,1
72,81,1.0,0,A,0
72,82,0.0,2,C,4
72,83,1.0,3,D,3
72,84,0.0,3,D,2
72,85,0.0,1,B,0
72,86,1.0,0,A,0
72,87,1.0,1,B,1
72,88,0.0,1,B,2
72,89,0.0,1,B,2
72,90,0.0,1,B,0
72,91,0.0,1,B,4
72,92,0.0,3,D,0
76,0,1.0,0,A,0
76,1,1.0,1,B,1
76,2,1.0,3,D,3
76,3,1.0,3,D,3
76,4,0.0,0,A,2
76,5,0.0,4,E,2
76,6,0.0,1,B,4
76,7,0.0,0,A,2
76,8,0.0,2,C,4
76,9,1.0,1,B,1
76,10,1.0,3,D,3
76,11,0.0,2,C,0
76,12,0.0,0,A,3
76,13,1.0,2,C,2
76,14,0.0,3,D,0
76,15,1.0,2,C,2
76,16,0.0,3,D,1
76,17,1.0,3,D,3
76,18,0.0,4,E,2
76,19,1.0,1,B,1
76,20,1.0,2,C,2
76,21,1.0,3,D,3
76,22,0.0,1,B,0
76,23,0.0,4,E,0
76,24,0.0,1,B,2
76,25,1.0,3,D,3
76,26,0.0,2,C,3
76,27,1.0,0,A,0
76,28,0.0,2,C,4
76,29,1.0,1,B,1
76,30,0.0,0,A,4
76,31,0.0,0,A,1
76,32,0.0,2,C,4
76,33,0.0,0,A,3
76,34,0.0,1,B,3
76,35,0.0,2,C,0
76,36,0.0,0,A,1
76,37,1.0,2,C,2
76,38,1.0,4,E,4
76,39,1.0,4,E,4
76,40,0.0,2,C,1
76,41,0.0,3,D,2
76,42,0.0,1,B,3
76,43,0.0,3,D,1
76,44,0.0,0,A,2
76,45,0.0,0,A,1
76,46,0.0,2,C,1
76,47,1.0,2,C,2
76,48,0.0,2,C,4
76,49,0.0,1,B,2
76,50,0.0,3,D,2
76,51,0.0,0,A,3
76,52,1.0,3,D,3
76,53,0.0,3,D,0
76,54,1.0,0,A,0
76,55,0.0,1,B,2
76,56,0.0,1,B,3
76,57,1.0,1,B,1
76,58,1.0,1,B,1
76,59,0.0,2,C,1
76,60,1.0,2,C,2
76,61,1.0,0,A,0
76,62,0.0,0,A,3
76,63,0.0,2,C,4
76,64,0.0,1,B,4
76,65,1.0,1,B,1
76,66,0.0,0,A,1
76,67,1.0,0,A,0
76,68,0.0,1,B,4
76,69,0.0,1,B,2
76,70,1.0,2,C,2
76,71,0.0,4,E,3
76,72,1.0,2,C,2
76,73,1.0,1,B,1
76,74,1.0,2,C,2
76,75,0.0,0,A,3
76,76,0.0,1,B,4
76,77,1.0,2,C,2
76,78,1.0,2,C,2
76,79,1.0,4,E,4
76,80,1.0,1,B,1
76,81,1.0,0,A,0
76,82,0.0,2,C,4
76,83,1.0,3,D,3
76,84,0.0,3,D,2
76,85,0.0,1,B,0
76,86,1.0,0,A,0
76,87,1.0,1,B,1
76,88,0.0,1,B,2
76,89,0.0,1,B,2
76,90,0.0,1,B,0
76,91,0.0,1,B,4
76,92,0.0,3,D,0
80,0,1.0,0,A,0
80,1,1.0,1,B,1
80,2,1.0,3,D,3
80,3,1.0,3,D,3
80,4,0.0,0,A,2
80,5,0.0,4,E,2
80,6,0.0,1,B,4
80,7,0.0,0,A,2
80,8,0.0,2,C,4
80,9,1.0,1,B,1
80,10,1.0,3,D,3
80,11,0.0,1,B,0
80,12,0.0,0,A,3
80,13,1.0,2,C,2
80,14,0.0,3,D,0
80,15,1.0,2,C,2
80,16,0.0,3,D,1
80,17,1.0,3,D,3
80,18,0.0,4,E,2
80,19,1.0,1,B,1
80,20,1.0,2,C,2
80,21,1.0,3,D,3
80,22,0.0,1,B,0
80,23,0.0,4,E,0
80,24,0.0,3,D,2
80,25,1.0,3,D,3
80,26,0.0,2,C,3
80,27,1.0,0,A,0
80,28,0.0,2,C,4
80,29,1.0,1,B,1
80,30,0.0,0,A,4
80,31,0.0,0,A,1
80,32,0.0,2,C,4
80,33,0.0,0,A,3
80,34,0.0,1,B,3
80,35,0.0,2,C,0
80,36,0.0,0,A,1
80,37,1.0,2,C,2
80,38,1.0,4,E,4
80,39,1.0,4,E,4
80,40,0.0,2,C,1
80,41,0.0,3,D,2
80,42,1.0,3,D,3
80,43,0.0,3,D,1
80,44,0.0,0,A,2
80,45,0.0,0,A,1
80,46,0.0,2,C,1
80,47,1.0,2,C,2
80,48,0.0,2,C,4
80,49,0.0,1,B,2
80,50,0.0,3,D,2
80,51,0.0,0,A,3
80,52,1.0,3,D,3
80,53,0.0,3,D,0
80,54,1.0,0,A,0
80,55,0.0,1,B,2
80,56,0.0,1,B,3
80,57,1.0,1,B,1
80,58,1.0,1,B,1
80,59,0.0,2,C,1
80,60,1.0,2,C,2
80,61,1.0,0,A,0
80,62,0.0,0,A,3
80,63,0.0,2,C,4
80,64,0.0,1,B,4
80,65,1.0,1,B,1
80,66,0.0,0,A,1
80,67,1.0,0,A,0
80,68,0.0,1,B,4
80,69,0.0,1,B,2
80,70,1.0,2,C,2
80,71,0.0,4,E,3
80,72,1.0,2,C,2
80,73,1.0,1,B,1
80,74,1.0,2,C,2
80,75,0.0,0,A,3
80,76,0.0,1,B,4
80,77,1.0,2,C,2
80,78,1.0,2,C,2
80,79,1.0,4,E,4
80,80,1.0,1,B,1
80,81,1.0,0,A,0
80,82,0.0,2,C,4
80,83,1.0,3,D,3
80,84,0.0,3,D,2
80,85,0.0,1,B,0
80,86,1.0,0,A,0
80,87,1.0,1,B,1
80,88,0.0,1,B,2
80,89,0.0,1,B,2
80,90,0.0,1,B,0
80,91,0.0,1,B,4
80,92,0.0,3,D,0
84,0,1.0,0,A,0
84,1,1.0,1,B,1
84,2,1.0,3,D,3
84,3,1.0,3,D,3
84,4,0.0,0,A,2
84,5,0.0,4,E,2
84,6,0.0,1,B,4
84,7,0.0,0,A,2
84,8,0.0,2,C,4
84,9,1.0,1,B,1
84,10,1.0,3,D,3
84,11,0.0,1,B,0
84,12,0.0,0,A,3
84,13,1.0,2,C,2
84,14,0.0,3,D,0
84,15,1.0,2,C,2
84,16,0.0,3,D,1
84,17,1.0,3,D,3
84,18,0.0,4,E,2
84,19,1.0,1,B,1
84,20,1.0,2,C,2
84,21,1.0,3,D,3
84,22,0.0,1,B,0
84,23,0.0,4,E,0
84,24,0.0,3,D,2
84,25,1.0,3,D,3
84,26,0.0,2,C,3
84,27,1.0,0,A,0
84,28,0.0,2,C,4
84,29,1.0,1,B,1
84,30,0.0,0,A,4
84,31,0.0,0,A,1
84,32,0.0,2,C,4
84,33,0.0,0,A,3
84,34,0.0,1,B,3
84,35,0.0,2,C,0
84,36,0.0,0,A,1
84,37,1.0,2,C,2
84,38,1.0,4,E,4
84,39,1.0,4,E,4
84,40,0.0,2,C,1
84,41,0.0,3,D,2
84,42,1.0,3,D,3
84,43,0.0,3,D,1
84,44,0.0,0,A,2
84,45,0.0,0,A,1
84,46,0.0,2,C,1
84,47,1.0,2,C,2
84,48,0.0,2,C,4
84,49,0.0,1,B,2
84,50,0.0,3,D,2
84,51,0.0,0,A,3
84,52,1.0,3,D,3
84,53,0.0,3,D,0
84,54,1.0,0,A,0
84,55,0.0,1,B,2
84,56,0.0,1,B,3
84,57,1.0,1,B,1
84,58,1.0,1,B,1
84,59,0.0,2,C,1
84,60,1.0,2,C,2
84,61,1.0,0,A,0
84,62,0.0,0,A,3
84,63,0.0,2,C,4
84,64,0.0,1,B,4
84,65,1.0,1,B,1
84,66,0.0,0,A,1
84,67,1.0,0,A,0
84,68,0.0,1,B,4
84,69,0.0,1,B,2
84,70,1.0,2,C,2
84,71,0.0,4,E,3
84,72,1.0,2,C,2
84,73,1.0,1,B,1
84,74,1.0,2,C,2
84,75,0.0,0,A,3
84,76,0.0,1,B,4
84,77,1.0,2,C,2
84,78,1.0,2,C,2
84,79,1.0,4,E,4
84,80,1.0,1,B,1
84,81,1.0,0,A,0
84,82,0.0,2,C,4
84,83,1.0,3,D,3
84,84,0.0,3,D,2
84,85,0.0,1,B,0
84,86,1.0,0,A,0
84,87,1.0,1,B,1
84,88,0.0,1,B,2
84,89,0.0,1,B,2
84,90,0.0,1,B,0
84,91,0.0,1,B,4
84,92,0.0,3,D,0
88,0,1.0,0,A,0
88,1,1.0,1,B,1
88,2,1.0,3,D,3
88,3,1.0,3,D,3
88,4,0.0,0,A,2
88,5,0.0,4,E,2
88,6,0.0,1,B,4
88,7,0.0,0,A,2
88,8,0.0,2,C,4
88,9,1.0,1,B,1
88,10,1.0,3,D,3
88,11,0.0,1,B,0
88,12,0.0,0,A,3
88,13,1.0,2,C,2
88,14,0.0,3,D,0
88,15,1.0,2,C,2
88,16,0.0,3,D,1
88,17,1.0,3,D,3
88,18,0.0,4,E,2
88,19,1.0,1,B,1
88,20,1.0,2,C,2
88,21,1.0,3,D,3
88,22,0.0,1,B,0
88,23,0.0,4,E,0
88,24,0.0,3,D,2
88,25,1.0,3,D,3
88,26,0.0,2,C,3
88,27,1.0,0,A,0
88,28,0.0,2,C,4
88,29,1.0,1,B,1
88,30,0.0,0,A,4
88,31,0.0,0,A,1
88,32,0.0,2,C,4
88,33,0.0,0,A,3
88,34,0.0,1,B,3
88,35,0.0,2,C,0
88,36,0.0,0,A,1
88,37,1.0,2,C,2
88,38,1.0,4,E,4
88,39,1.0,4,E,4
88,40,0.0,2,C,1
88,41,0.0,3,D,2
88,42,1.0,3,D,3
88,43,0.0,3,D,1
88,44,0.0,0,A,2
88,45,0.0,0,A,1
88,46,0.0,2,C,1
88,47,1.0,2,C,2
88,48,0.0,2,C,4
88,49,0.0,1,B,2
88,50,0.0,3,D,2
88,51,0.0,0,A,3
88,52,1.0,3,D,3
88,53,0.0,3,D,0
88,54,1.0,0,A,0
88,55,0.0,1,B,2
88,56,0.0,1,B,3
88,57,1.0,1,B,1
88,58,1.0,1,B,1
88,59,0.0,2,C,1
88,60,1.0,2,C,2
88,61,1.0,0,A,0
88,62,0.0,0,A,3
88,63,0.0,2,C,4
88,64,0.0,1,B,4
88,65,1.0,1,B,1
88,66,0.0,0,A,1
88,67,1.0,0,A,0
88,68,0.0,1,B,4
88,69,0.0,1,B,2
88,70,1.0,2,C,2
88,71,0.0,4,E,3
88,72,1.0,2,C,2
88,73,1.0,1,B,1
88,74,1.0,2,C,2
88,75,0.0,0,A,3
88,76,0.0,1,B,4
88,77,1.0,2,C,2
88,78,1.0,2,C,2
88,79,1.0,4,E,4
88,80,1.0,1,B,1
88,81,1.0,0,A,0
88,82,0.0,2,C,4
88,83,1.0,3,D,3
88,84,0.0,3,D,2
88,85,0.0,1,B,0
88,86,1.0,0,A,0
88,87,1.0,1,B,1
88,88,0.0,1,B,2
88,89,0.0,1,B,2
88,90,0.0,1,B,0
88,91,0.0,1,B,4
88,92,0.0,3,D,0
92,0,1.0,0,A,0
92,1,1.0,1,B,1
92,2,1.0,3,D,3
92,3,1.0,3,D,3
92,4,0.0,0,A,2
92,5,0.0,4,E,2
92,6,0.0,1,B,4
92,7,0.0,0,A,2
92,8,0.0,2,C,4
92,9,1.0,1,B,1
92,10,1.0,3,D,3
92,11,0.0,1,B,0
92,12,0.0,0,A,3
92,13,1.0,2,C,2
92,14,0.0,3,D,0
92,15,1.0,2,C,2
92,16,0.0,3,D,1
92,17,1.0,3,D,3
92,18,0.0,4,E,2
92,19,1.0,1,B,1
92,20,1.0,2,C,2
92,21,1.0,3,D,3
92,22,0.0,1,B,0
92,23,0.0,4,E,0
92,24,0.0,3,D,2
92,25,1.0,3,D,3
92,26,0.0,2,C,3
92,27,1.0,0,A,0
92,28,0.0,2,C,4
92,29,1.0,1,B,1
92,30,0.0,0,A,4
92,31,0.0,0,A,1
92,32,0.0,2,C,4
92,33,0.0,0,A,3
92,34,0.0,1,B,3
92,35,0.0,2,C,0
92,36,0.0,0,A,1
92,37,1.0,2,C,2
92,38,1.0,4,E,4
92,39,1.0,4,E,4
92,40,0.0,2,C,1
92,41,0.0,3,D,2
92,42,0.0,1,B,3
92,43,0.0,3,D,1
92,44,0.0,0,A,2
92,45,0.0,0,A,1
92,46,0.0,2,C,1
92,47,1.0,2,C,2
92,48,0.0,2,C,4
92,49,0.0,1,B,2
92,50,0.0,3,D,2
92,51,0.0,0,A,3
92,52,1.0,3,D,3
92,53,0.0,3,D,0
92,54,1.0,0,A,0
92,55,0.0,1,B,2
92,56,0.0,1,B,3
92,57,1.0,1,B,1
92,58,1.0,1,B,1
92,59,0.0,2,C,1
92,60,1.0,2,C,2
92,61,1.0,0,A,0
92,62,0.0,0,A,3
92,63,0.0,2,C,4
92,64,0.0,1,B,4
92,65,1.0,1,B,1
92,66,0.0,0,A,1
92,67,1.0,0,A,0
92,68,0.0,1,B,4
92,69,0.0,1,B,2
92,70,1.0,2,C,2
92,71,0.0,4,E,3
92,72,1.0,2,C,2
92,73,1.0,1,B,1
92,74,1.0,2,C,2
92,75,0.0,0,A,3
92,76,0.0,1,B,4
92,77,1.0,2,C,2
92,78,1.0,2,C,2
92,79,1.0,4,E,4
92,80,1.0,1,B,1
92,81,1.0,0,A,0
92,82,0.0,2,C,4
92,83,1.0,3,D,3
92,84,0.0,3,D,2
92,85,0.0,1,B,0
92,86,1.0,0,A,0
92,87,1.0,1,B,1
92,88,0.0,1,B,2
92,89,0.0,1,B,2
92,90,0.0,1,B,0
92,91,0.0,1,B,4
92,92,0.0,3,D,0
96,0,1.0,0,A,0
96,1,1.0,1,B,1
96,2,1.0,3,D,3
96,3,1.0,3,D,3
96,4,0.0,0,A,2
96,5,0.0,4,E,2
96,6,0.0,1,B,4
96,7,0.0,0,A,2
96,8,0.0,2,C,4
96,9,1.0,1,B,1
96,10,1.0,3,D,3
96,11,0.0,1,B,0
96,12,0.0,0,A,3
96,13,1.0,2,C,2
96,14,0.0,3,D,0
96,15,1.0,2,C,2
96,16,0.0,3,D,1
96,17,1.0,3,D,3
96,18,0.0,4,E,2
96,19,1.0,1,B,1
96,20,1.0,2,C,2
96,21,1.0,3,D,3
96,22,0.0,1,B,0
96,23,0.0,4,E,0
96,24,0.0,3,D,2
96,25,1.0,3,D,3
96,26,0.0,2,C,3
96,27,1.0,0,A,0
96,28,0.0,2,C,4
96,29,1.0,1,B,1
96,30,0.0,0,A,4
96,31,0.0,0,A,1
96,32,0.0,2,C,4
96,33,0.0,0,A,3
96,34,0.0,1,B,3
96,35,0.0,2,C,0
96,36,0.0,0,A,1
96,37,1.0,2,C,2
96,38,1.0,4,E,4
96,39,1.0,4,E,4
96,40,0.0,2,C,1
96,41,0.0,3,D,2
96,42,1.0,3,D,3
96,43,0.0,3,D,1
96,44,0.0,0,A,2
96,45,0.0,0,A,1
96,46,0.0,2,C,1
96,47,1.0,2,C,2
96,48,0.0,2,C,4
96,49,0.0,1,B,2
96,50,0.0,3,D,2
96,51,0.0,0,A,3
96,52,1.0,3,D,3
96,53,0.0,3,D,0
96,54,1.0,0,A,0
96,55,0.0,1,B,2
96,56,0.0,1,B,3
96,57,1.0,1,B,1
96,58,1.0,1,B,1
96,59,0.0,2,C,1
96,60,1.0,2,C,2
96,61,1.0,0,A,0
96,62,0.0,0,A,3
96,63,0.0,2,C,4
96,64,0.0,1,B,4
96,65,1.0,1,B,1
96,66,0.0,0,A,1
96,67,1.0,0,A,0
96,68,0.0,1,B,4
96,69,0.0,1,B,2
96,70,1.0,2,C,2
96,71,0.0,4,E,3
96,72,1.0,2,C,2
96,73,1.0,1,B,1
96,74,1.0,2,C,2
96,75,0.0,0,A,3
96,76,0.0,1,B,4
96,77,1.0,2,C,2
96,78,1.0,2,C,2
96,79,1.0,4,E,4
96,80,1.0,1,B,1
96,81,1.0,0,A,0
96,82,0.0,2,C,4
96,83,1.0,3,D,3
96,84,0.0,3,D,2
96,85,0.0,1,B,0
96,86,1.0,0,A,0
96,87,1.0,1,B,1
96,88,0.0,1,B,2
96,89,0.0,1,B,2
96,90,0.0,1,B,0
96,91,0.0,1,B,4
96,92,0.0,3,D,0
100,0,1.0,0,A,0
100,1,1.0,1,B,1
100,2,1.0,3,D,3
100,3,1.0,3,D,3
100,4,0.0,0,A,2
100,5,0.0,4,E,2
100,6,0.0,1,B,4
100,7,0.0,0,A,2
100,8,0.0,2,C,4
100,9,1.0,1,B,1
100,10,1.0,3,D,3
100,11,0.0,1,B,0
100,12,0.0,0,A,3
100,13,1.0,2,C,2
100,14,0.0,3,D,0
100,15,1.0,2,C,2
100,16,0.0,3,D,1
100,17,1.0,3,D,3
100,18,0.0,4,E,2
100,19,1.0,1,B,1
100,20,1.0,2,C,2
100,21,1.0,3,D,3
100,22,0.0,1,B,0
100,23,0.0,4,E,0
100,24,0.0,1,B,2
100,25,1.0,3,D,3
100,26,0.0,2,C,3
100,27,1.0,0,A,0
100,28,0.0,2,C,4
100,29,1.0,1,B,1
100,30,0.0,0,A,4
100,31,0.0,0,A,1
100,32,0.0,2,C,4
100,33,0.0,0,A,3
100,34,0.0,1,B,3
100,35,0.0,2,C,0
100,36,0.0,0,A,1
100,37,1.0,2,C,2
100,38,1.0,4,E,4
100,39,1.0,4,E,4
100,40,0.0,2,C,1
100,41,0.0,3,D,2
100,42,0.0,1,B,3
100,43,0.0,3,D,1
100,44,0.0,0,A,2
100,45,0.0,0,A,1
100,46,0.0,2,C,1
100,47,1.0,2,C,2
100,48,0.0,2,C,4
100,49,0.0,1,B,2
100,50,0.0,3,D,2
100,51,0.0,0,A,3
100,52,1.0,3,D,3
100,53,0.0,3,D,0
100,54,1.0,0,A,0
100,55,0.0,1,B,2
100,56,0.0,1,B,3
100,57,1.0,1,B,1
100,58,1.0,1,B,1
100,59,0.0,2,C,1
100,60,1.0,2,C,2
100,61,1.0,0,A,0
100,62,0.0,0,A,3
100,63,0.0,2,C,4
100,64,0.0,1,B,4
100,65,1.0,1,B,1
100,66,0.0,0,A,1
100,67,1.0,0,A,0
100,68,0.0,1,B,4
100,69,0.0,1,B,2
100,70,1.0,2,C,2
100,71,0.0,4,E,3
100,72,1.0,2,C,2
100,73,1.0,1,B,1
100,74,1.0,2,C,2
100,75,0.0,0,A,3
100,76,0.0,1,B,4
100,77,1.0,2,C,2
100,78,1.0,2,C,2
100,79,1.0,4,E,4
100,80,1.0,1,B,1
100,81,1.0,0,A,0
100,82,0.0,2,C,4
100,83,1.0,3,D,3
100,84,0.0,3,D,2
100,85,0.0,1,B,0
100,86,1.0,0,A,0
100,87,1.0,1,B,1
100,88,0.0,1,B,2
100,89,0.0,1,B,2
100,90,0.0,1,B,0
100,91,0.0,1,B,4
100,92,0.0,3,D,0
