step,probe_index,log_prob,perplexity,target_rank
0,0,-10.782835006713867,8.641422271728516,36.0
0,1,-12.199026107788086,11.470807075500488,98.0
0,2,-15.64462947845459,3.682968854904175,15.0
0,3,-10.5548734664917,5.807473659515381,31.0
0,4,-9.129562377929688,9.800080299377441,48.0
0,5,-13.852025985717773,101.22461700439453,46.0
0,6,-4.893795967102051,2.6611521244049072,2.0
0,7,-8.279779434204102,5.238084316253662,7.0
0,8,-13.97942066192627,16.37710189819336,43.0
0,9,-11.742215156555176,10.469256401062012,730.0
0,10,-3.06123948097229,4.621039867401123,2.0
0,11,-6.268957138061523,4.793396949768066,28.0
0,12,-28.46592903137207,23.63859748840332,289.0
0,13,-13.890847206115723,10.12635326385498,25.0
0,14,-7.642453193664551,4.611211776733398,5.0
0,15,-16.431238174438477,26.74233055114746,224.0
0,16,-13.9304780960083,32.544864654541016,55.0
0,17,-16.607810974121094,6.330077171325684,19.0
0,18,-6.919503211975098,31.80907440185547,28.0
0,19,-18.80247688293457,42.96970748901367,32.0
0,20,-13.192630767822266,27.062734603881836,558.0
0,21,-13.554340362548828,29.624008178710938,1966.0
0,22,-35.31304168701172,34.168495178222656,3445.0
0,23,-13.574106216430664,15.101911544799805,20.0
0,24,-34.23631286621094,72.2071533203125,46.0
0,25,-13.43946647644043,14.700675010681152,21.0
0,26,-4.60771369934082,2.513164520263672,2.0
0,27,-21.14347267150879,10.477967262268066,782.0
0,28,-7.257424354553223,6.1371235847473145,10.0
0,29,-4.990499496459961,3.482062816619873,7.0
0,30,-4.687682151794434,4.771022319793701,3.0
0,31,-21.91693115234375,38.5833854675293,350.0
0,32,-5.749115467071533,17.717586517333984,24.0
0,33,-7.137449741363525,5.955781936645508,12.0
0,34,-18.31675910949707,7.65374755859375,24.0
0,35,-3.1449811458587646,2.852874517440796,1.0
0,36,-8.559819221496582,17.34446144104004,95.0
0,37,-5.146537780761719,5.5595245361328125,6.0
0,38,-6.772107124328613,5.435909271240234,3.0
0,39,-10.898687362670898,6.149974346160889,108.0
0,40,-10.47589111328125,8.126888275146484,9.0
0,41,-12.345975875854492,61.272151947021484,321.0
0,42,-4.944896697998047,3.4425902366638184,3.0
0,43,-11.402700424194336,299.2712097167969,44.0
0,44,-8.403881072998047,5.369722366333008,51.0
0,45,-14.02347183227539,16.52202606201172,161.0
0,46,-9.880298614501953,4.101985931396484,6.0
0,47,-4.414684295654297,2.087110757827759,5.0
0,48,-3.850167751312256,2.6183438301086426,3.0
0,49,-29.863292694091797,15.102265357971191,309.0
0,50,-20.22317886352539,12.527137756347656,33.0
0,51,-11.266050338745117,4.08881950378418,6.0
0,52,-5.667165756225586,2.5715982913970947,15.0
0,53,-27.44951057434082,30.913372039794922,70.0
0,54,-17.03213119506836,17.093334197998047,7.0
0,55,-8.797768592834473,4.333150386810303,33.0
0,56,-10.971125602722168,38.746551513671875,26.0
0,57,-18.794389724731445,109.79307556152344,409.0
0,58,-15.429045677185059,6.880083084106445,71.0
0,59,-6.759731769561768,2.6265623569488525,7.0
0,60,-37.452083587646484,22.6691951751709,2015.0
0,61,-6.871755123138428,5.573029518127441,4.0
0,62,-25.049528121948242,22.901241302490234,374.0
0,63,-26.470653533935547,43.88277816772461,381.0
0,64,-29.131242752075195,18.414241790771484,623.0
0,65,-6.954673767089844,4.018604755401611,2.0
0,66,-25.56818199157715,24.435152053833008,668.0
0,67,-34.02222442626953,43.826873779296875,4353.0
0,68,-16.61489486694336,10.735504150390625,41.0
0,69,-51.506736755371094,15.042522430419922,679.0
0,70,-14.349380493164062,17.63483428955078,148.0
0,71,-11.735641479492188,4.336012840270996,9.0
0,72,-11.004345893859863,3.957225799560547,6.0
0,73,-28.38983917236328,23.439592361450195,145.0
0,74,-2.184074878692627,1.7263661623001099,2.0
0,75,-5.616774559020996,4.07224178314209,30.0
0,76,-35.53473663330078,25.290544509887695,5103.0
0,77,-33.455684661865234,65.49413299560547,1868.0
0,78,-30.950855255126953,83.2252426147461,1040.0
0,79,-5.729618072509766,17.54570198059082,16.0
0,80,-15.122599601745605,43.84452819824219,64.0
0,81,-10.042720794677734,3.052185297012329,3.0
0,82,-18.735923767089844,108.19995880126953,32.0
0,83,-40.41960144042969,39.42930221557617,186.0
0,84,-2.904331684112549,2.632964849472046,2.0
0,85,-8.228134155273438,15.529031753540039,25.0
0,86,-7.696359157562256,46.907596588134766,100.0
0,87,-17.281726837158203,8.673009872436523,19.0
0,88,-11.789874076843262,50.90484619140625,20.0
0,89,-10.532423973083496,33.475303649902344,62.0
0,90,-5.632002830505371,16.709901809692383,7.0
0,91,-11.707992553710938,18.671497344970703,23.0
0,92,-8.027606964111328,3.8111634254455566,8.0
0,93,-30.196996688842773,153.3668212890625,269.0
0,94,-14.079769134521484,5.812269687652588,90.0
0,95,-5.043753147125244,3.528730869293213,4.0
0,96,-9.591769218444824,11.000517845153809,9.0
0,97,-4.7039361000061035,4.796942710876465,2.0
0,98,-2.9126577377319336,2.071274995803833,3.0
0,99,-8.36031723022461,2.5317838191986084,10.0
0,100,-2.5901336669921875,3.6512398719787598,3.0
0,101,-9.8620023727417,7.187910079956055,514.0
0,102,-25.636966705322266,24.64615249633789,406.0
0,103,-4.758037567138672,2.589869499206543,11.0
0,104,-17.869056701660156,12.842019081115723,29.0
0,105,-10.348730087280273,31.487058639526367,56.0
0,106,-11.190657615661621,9.3757963180542,17.0
0,107,-18.790802001953125,22.91520118713379,4609.0
0,108,-27.525394439697266,15.682405471801758,716.0
0,109,-10.786245346069336,8.647315979003906,19.0
0,110,-7.597523212432861,6.681755542755127,7.0
0,111,-8.050593376159668,2.735527276992798,10.0
0,112,-7.960264682769775,7.316018104553223,19.0
0,113,-26.939218521118164,9.439800262451172,165.0
0,114,-6.4932098388671875,8.709403038024902,7.0
0,115,-6.638514041900635,3.772367477416992,2.0
0,116,-9.733713150024414,11.397890090942383,4.0
0,117,-25.34311294555664,68.29606628417969,238.0
0,118,-23.09939193725586,101.48168182373047,174.0
0,119,-29.333209991455078,11.524027824401855,49.0
0,120,-16.83648681640625,11.08078384399414,491.0
0,121,-3.3323607444763184,3.0367469787597656,6.0
0,122,-6.42952823638916,24.897418975830078,12.0
0,123,-36.71007537841797,98.372314453125,1056.0
0,124,-20.575536727905273,7.826800346374512,1185.0
0,125,-21.130878448486328,33.845741271972656,308.0
0,126,-11.525291442871094,46.60760498046875,63.0
0,127,-26.513824462890625,756.3135986328125,1768.0
0,128,-4.141543865203857,2.2894434928894043,10.0
0,129,-13.693946838378906,941.0285034179688,238.0
0,130,-6.409543037414551,1.8982915878295898,11.0
0,131,-20.987186431884766,8.155713081359863,45.0
0,132,-18.88146209716797,14.840377807617188,319.0
0,133,-17.904054641723633,5.091850757598877,35.0
0,134,-5.910528182983398,3.2612338066101074,4.0
0,135,-23.26389503479004,104.87604522705078,189.0
0,136,-20.776283264160156,31.9034423828125,581.0
0,137,-11.269868850708008,16.734413146972656,44.0
0,138,-9.737932205200195,11.409918785095215,396.0
0,139,-8.715445518493652,78.07913208007812,166.0
0,140,-45.7301025390625,26.217729568481445,807.0
0,141,-8.26612377166748,5.223797798156738,19.0
0,142,-5.078236103057861,2.7611498832702637,3.0
0,143,-4.137641906738281,2.8134469985961914,3.0
0,144,-10.946949005126953,56780.546875,1202.0
0,145,-15.120994567871094,6.62019157409668,18.0
0,146,-15.585982322692871,3.0443408489227295,15.0
0,147,-16.210655212402344,25.588193893432617,495.0
0,148,-20.412710189819336,18.469144821166992,54.0
2,0,-10.770669937133789,8.620421409606934,35.0
2,1,-12.175453186035156,11.416852951049805,97.0
2,2,-15.542688369750977,3.6518139839172363,14.0
2,3,-10.54229736328125,5.795313835144043,31.0
2,4,-9.041568756103516,9.586848258972168,46.0
2,5,-13.809618949890137,99.80379486083984,46.0
2,6,-4.830360412597656,2.627603054046631,2.0
2,7,-8.233413696289062,5.189735412597656,7.0
2,8,-14.057682037353516,16.635456085205078,44.0
2,9,-11.682154655456543,10.344252586364746,718.0
2,10,-3.035947322845459,4.56296968460083,2.0
2,11,-6.242705821990967,4.7620415687561035,28.0
2,12,-28.39940643310547,23.46452522277832,287.0
2,13,-13.854196548461914,10.06468391418457,25.0
2,14,-7.639127731323242,4.608145713806152,5.0
2,15,-16.500152587890625,27.113466262817383,231.0
2,16,-13.90201187133789,32.31407928466797,55.0
2,17,-16.58038902282715,6.310819149017334,19.0
2,18,-6.928258419036865,31.948627471923828,28.0
2,19,-18.830154418945312,43.208221435546875,31.0
2,20,-13.137542724609375,26.692581176757812,540.0
2,21,-13.506706237792969,29.2733211517334,1931.0
2,22,-35.239662170410156,33.918697357177734,3284.0
2,23,-13.576042175292969,15.107760429382324,20.0
2,24,-34.116790771484375,71.1363754272461,46.0
2,25,-13.375015258789062,14.512393951416016,21.0
2,26,-4.634925842285156,2.5268795490264893,2.0
2,27,-21.18932342529297,10.53148365020752,808.0
2,28,-7.276799201965332,6.166922092437744,10.0
2,29,-4.977811813354492,3.4710354804992676,7.0
2,30,-4.6787309646606445,4.756808757781982,3.0
2,31,-21.810527801513672,37.905189514160156,331.0
2,32,-5.778363227844238,17.97859001159668,24.0
2,33,-7.117681503295898,5.92642068862915,12.0
2,34,-18.24567222595215,7.593533039093018,24.0
2,35,-3.1394011974334717,2.8475730419158936,1.0
2,36,-8.57126522064209,17.41075897216797,96.0
2,37,-5.114272594451904,5.500051975250244,6.0
2,38,-6.772599220275879,5.436578273773193,3.0
2,39,-10.866108894348145,6.116672039031982,108.0
2,40,-10.474313735961914,8.124324798583984,9.0
2,41,-12.341039657592773,61.17140579223633,320.0
2,42,-4.957057952880859,3.4530727863311768,3.0
2,43,-11.395384788513184,298.17852783203125,44.0
2,44,-8.362082481384277,5.325019836425781,51.0
2,45,-14.043522834777832,16.588415145874023,168.0
2,46,-9.903081893920898,4.115358829498291,6.0
2,47,-4.43467378616333,2.094075918197632,5.0
2,48,-3.8288657665252686,2.6044368743896484,3.0
2,49,-29.81021499633789,15.029569625854492,299.0
2,50,-20.20520782470703,12.499029159545898,32.0
2,51,-11.208272933959961,4.0593953132629395,6.0
2,52,-5.696770668029785,2.5843183994293213,16.0
2,53,-27.425378799438477,30.820262908935547,71.0
2,54,-17.00693130493164,17.02169418334961,7.0
2,55,-8.770723342895508,4.313662052154541,32.0
2,56,-10.972492218017578,38.76420974731445,26.0
2,57,-18.803951263427734,110.05583953857422,413.0
2,58,-15.443124771118164,6.892201900482178,73.0
2,59,-6.758139610290527,2.625965118408203,7.0
2,60,-37.43043899536133,22.628345489501953,1930.0
2,61,-6.871201992034912,5.572258472442627,4.0
2,62,-25.008010864257812,22.782697677612305,383.0
2,63,-26.403270721435547,43.46238708496094,363.0
2,64,-28.97968292236328,18.137258529663086,565.0
2,65,-6.956772804260254,4.020292282104492,2.0
2,66,-25.4522705078125,24.083663940429688,653.0
2,67,-33.843204498291016,42.963714599609375,3953.0
2,68,-16.570417404174805,10.667509078979492,41.0
2,69,-51.41769790649414,14.97219181060791,639.0
2,70,-14.314563751220703,17.512460708618164,147.0
2,71,-11.690250396728516,4.311480522155762,9.0
2,72,-11.024665832519531,3.967289924621582,6.0
2,73,-28.24188995361328,23.05742645263672,140.0
2,74,-2.2087645530700684,1.7370549440383911,2.0
2,75,-5.6431498527526855,4.09918212890625,31.0
2,76,-35.330101013183594,24.824405670166016,4726.0
2,77,-33.38410186767578,64.91071319580078,1776.0
2,78,-30.871421813964844,82.28616333007812,1012.0
2,79,-5.689730167388916,17.199237823486328,16.0
2,80,-15.10651683807373,43.66859436035156,62.0
2,81,-10.035244941711426,3.0496511459350586,3.0
2,82,-18.657419204711914,106.09710693359375,30.0
2,83,-40.46677780151367,39.5987663269043,191.0
2,84,-2.9035325050354004,2.6322638988494873,2.0
2,85,-8.23693561553955,15.574661254882812,25.0
2,86,-7.681359767913818,46.5571174621582,99.0
2,87,-17.255844116210938,8.644994735717773,19.0
2,88,-11.784615516662598,50.815696716308594,20.0
2,89,-10.542747497558594,33.590694427490234,62.0
2,90,-5.644016265869141,16.81057357788086,7.0
2,91,-11.737749099731445,18.810914993286133,24.0
2,92,-8.064645767211914,3.8347628116607666,8.0
2,93,-30.239009857177734,154.44451904296875,268.0
2,94,-14.060152053833008,5.79803466796875,90.0
2,95,-5.039928436279297,3.525358200073242,4.0
2,96,-9.556896209716797,10.905029296875,9.0
2,97,-4.738587856292725,4.852671146392822,2.0
2,98,-2.9136080741882324,2.0717673301696777,3.0
2,99,-8.351637840270996,2.529343366622925,10.0
2,100,-2.5773656368255615,3.628004550933838,3.0
2,101,-9.849998474121094,7.1706743240356445,514.0
2,102,-25.55868148803711,24.406150817871094,402.0
2,103,-4.751168727874756,2.5863142013549805,11.0
2,104,-17.854228973388672,12.81484317779541,29.0
2,105,-10.370208740234375,31.71330451965332,57.0
2,106,-11.167251586914062,9.332009315490723,17.0
2,107,-18.733898162841797,22.698898315429688,4525.0
2,108,-27.600078582763672,15.799967765808105,725.0
2,109,-10.804064750671387,8.678189277648926,20.0
2,110,-7.58695125579834,6.664119243621826,7.0
2,111,-8.029069900512695,2.728177309036255,10.0
2,112,-7.972446918487549,7.338333606719971,19.0
2,113,-26.889137268066406,9.400486946105957,165.0
2,114,-6.506990432739258,8.749502182006836,7.0
2,115,-6.628753662109375,3.7650108337402344,2.0
2,116,-9.744181632995605,11.427759170532227,4.0
2,117,-25.24884796142578,67.23146057128906,217.0
2,118,-23.1046199798584,101.58785247802734,173.0
2,119,-29.31418228149414,11.505768775939941,49.0
2,120,-16.94593620300293,11.255401611328125,513.0
2,121,-3.318486213684082,3.022735118865967,6.0
2,122,-6.479671955108643,25.5295352935791,13.0
2,123,-36.72400665283203,98.54376983642578,1035.0
2,124,-20.53252601623535,7.793208599090576,1177.0
2,125,-21.14861297607422,33.945926666259766,315.0
2,126,-11.540067672729492,46.837738037109375,63.0
2,127,-26.54957389831543,763.1033325195312,1769.0
2,128,-4.135668754577637,2.286755084991455,9.0
2,129,-13.613434791564941,903.8987426757812,227.0
2,130,-6.398044586181641,1.8961100578308105,11.0
2,131,-20.954133987426758,8.128801345825195,46.0
2,132,-18.868370056152344,14.812649726867676,323.0
2,133,-17.848928451538086,5.066396713256836,33.0
2,134,-5.936316013336182,3.278097629547119,4.0
2,135,-23.227458953857422,104.11454010009766,183.0
2,136,-20.897083282470703,32.55227279663086,616.0
2,137,-11.224311828613281,16.54490089416504,42.0
2,138,-9.713388442993164,11.340123176574707,389.0
2,139,-8.683882713317871,76.85659790039062,163.0
2,140,-45.691497802734375,26.145532608032227,811.0
2,141,-8.26469612121582,5.222306728363037,19.0
2,142,-5.098381042480469,2.772296905517578,3.0
2,143,-4.132379531860352,2.809748411178589,2.0
2,144,-10.946761131286621,56769.87890625,1203.0
2,145,-15.10568618774414,6.6075358390808105,18.0
2,146,-15.51338005065918,3.0285942554473877,15.0
2,147,-16.2233829498291,25.653411865234375,497.0
2,148,-20.402406692504883,18.44197654724121,52.0
4,0,-10.737418174743652,8.563282012939453,35.0
4,1,-12.03882884979248,11.109113693237305,93.0
4,2,-15.593027114868164,3.6671648025512695,16.0
4,3,-10.450428009033203,5.707254409790039,30.0
4,4,-9.142844200134277,9.832674980163574,48.0
4,5,-13.7799654006958,98.82215118408203,46.0
4,6,-4.7652153968811035,2.593590259552002,2.0
4,7,-8.190260887145996,5.145137786865234,7.0
4,8,-13.960342407226562,16.31473159790039,42.0
4,9,-11.630491256713867,10.23791790008545,719.0
4,10,-3.0908408164978027,4.689942836761475,2.0
4,11,-6.280897617340088,4.807726860046387,31.0
4,12,-27.229143142700195,20.603485107421875,161.0
4,13,-13.773120880126953,9.929598808288574,25.0
4,14,-7.612033843994141,4.583242893218994,5.0
4,15,-16.42121124267578,26.688749313354492,224.0
4,16,-13.646116256713867,30.31155776977539,55.0
4,17,-16.56494140625,6.299996376037598,19.0
4,18,-6.919916152954102,31.815641403198242,28.0
4,19,-18.75503158569336,42.56389617919922,31.0
4,20,-13.167417526245117,26.89268684387207,562.0
4,21,-13.519266128540039,29.36538314819336,1964.0
4,22,-33.362754821777344,28.11422348022461,1402.0
4,23,-13.538166046142578,14.99374771118164,21.0
4,24,-33.42703628540039,65.26001739501953,47.0
4,25,-13.399924278259277,14.584871292114258,22.0
4,26,-4.53853178024292,2.478631019592285,2.0
4,27,-21.150766372680664,10.48646354675293,792.0
4,28,-7.247161388397217,6.121397495269775,9.0
4,29,-4.936957836151123,3.4357643127441406,7.0
4,30,-4.7005815505981445,4.791581630706787,3.0
4,31,-21.121055603027344,33.790374755859375,257.0
4,32,-5.728062152862549,17.532058715820312,24.0
4,33,-6.971651554107666,5.713963508605957,11.0
4,34,-18.26321029663086,7.608345031738281,24.0
4,35,-3.11194109916687,2.821627140045166,1.0
4,36,-8.539405822753906,17.22684097290039,97.0
4,37,-5.114330768585205,5.500158309936523,6.0
4,38,-6.782973289489746,5.450695991516113,3.0
4,39,-10.784051895141602,6.033588409423828,105.0
4,40,-10.204256057739258,7.697157859802246,9.0
4,41,-12.245296478271484,59.24999237060547,309.0
4,42,-4.9040117263793945,3.4075818061828613,3.0
4,43,-11.39317512512207,297.8492736816406,45.0
4,44,-8.466180801391602,5.437047004699707,53.0
4,45,-14.047574996948242,16.601863861083984,172.0
4,46,-9.907866477966309,4.1181721687316895,6.0
4,47,-4.320679664611816,2.054666042327881,5.0
4,48,-3.806246042251587,2.589750289916992,3.0
4,49,-29.685388565063477,14.859978675842285,304.0
4,50,-20.055469512939453,12.267257690429688,32.0
4,51,-10.805521965026855,3.86008882522583,6.0
4,52,-5.654596328735352,2.5662167072296143,16.0
4,53,-26.898521423339844,28.855920791625977,66.0
4,54,-16.952472686767578,16.86789321899414,7.0
4,55,-8.786955833435059,4.325348377227783,33.0
4,56,-11.003113746643066,39.16191101074219,29.0
4,57,-18.787487030029297,109.60376739501953,414.0
4,58,-15.425918579101562,6.877394199371338,72.0
4,59,-6.787078857421875,2.6368439197540283,7.0
4,60,-36.879669189453125,21.613235473632812,1590.0
4,61,-6.856932640075684,5.5524163246154785,4.0
4,62,-23.916210174560547,19.876264572143555,223.0
4,63,-25.316181182861328,37.21073913574219,229.0
4,64,-27.891345977783203,16.266935348510742,353.0
4,65,-6.945940017700195,4.011591911315918,2.0
4,66,-24.52773666381836,21.4552001953125,402.0
4,67,-32.48252487182617,36.93536376953125,2194.0
4,68,-15.856062889099121,9.632585525512695,41.0
4,69,-50.143310546875,14.000899314880371,397.0
4,70,-14.209810256958008,17.149381637573242,141.0
4,71,-11.730146408081055,4.333035469055176,9.0
4,72,-11.054210662841797,3.981968402862549,6.0
4,73,-27.259105682373047,20.672195434570312,101.0
4,74,-2.2166953086853027,1.7405024766921997,2.0
4,75,-5.536014556884766,3.990847587585449,30.0
4,76,-33.88130187988281,21.76097869873047,2564.0
4,77,-31.796875,53.22932052612305,855.0
4,78,-30.378713607788086,76.69343566894531,764.0
4,79,-5.674727439880371,17.070703506469727,16.0
4,80,-15.114211082458496,43.75267791748047,65.0
4,81,-10.005887031555176,3.039719581604004,3.0
4,82,-18.075817108154297,91.73961639404297,25.0
4,83,-39.69841766357422,36.92715072631836,195.0
4,84,-2.885096549987793,2.6161370277404785,2.0
4,85,-8.267156600952148,15.732346534729004,24.0
4,86,-7.667632579803467,46.2386589050293,99.0
4,87,-17.129802703857422,8.509859085083008,19.0
4,88,-11.796393394470215,51.01557540893555,20.0
4,89,-10.502808570861816,33.1464729309082,61.0
4,90,-5.653098106384277,16.887083053588867,7.0
4,91,-11.600933074951172,18.17838478088379,23.0
4,92,-7.957012176513672,3.766584634780884,8.0
4,93,-30.24142837524414,154.50677490234375,261.0
4,94,-14.10840129852295,5.833109378814697,100.0
4,95,-4.960588455200195,3.4561219215393066,3.0
4,96,-9.5785493850708,10.964221000671387,9.0
4,97,-4.722860336303711,4.827297687530518,2.0
4,98,-2.933924436569214,2.0823168754577637,3.0
4,99,-8.32205581665039,2.521043300628662,9.0
4,100,-2.5834944248199463,3.639139413833618,3.0
4,101,-9.830620765686035,7.142938137054443,504.0
4,102,-24.590740203857422,21.62483787536621,247.0
4,103,-4.691342830657959,2.5555527210235596,10.0
4,104,-17.79523277282715,12.707291603088379,28.0
4,105,-10.401578903198242,32.04665756225586,59.0
4,106,-11.230504989624023,9.450814247131348,17.0
4,107,-18.802568435668945,22.960180282592773,4690.0
4,108,-27.557567596435547,15.732943534851074,696.0
4,109,-10.738602638244629,8.565311431884766,19.0
4,110,-7.697250843048096,6.850438594818115,9.0
4,111,-8.05327320098877,2.7364437580108643,10.0
4,112,-7.9178924560546875,7.238928318023682,19.0
4,113,-26.234779357910156,8.901605606079102,164.0
4,114,-6.507964611053467,8.752344131469727,7.0
4,115,-6.6197919845581055,3.7582685947418213,2.0
4,116,-9.70782470703125,11.324360847473145,4.0
4,117,-24.754213333129883,61.911277770996094,163.0
4,118,-22.42466926574707,88.67108154296875,128.0
4,119,-29.242107391357422,11.436868667602539,47.0
4,120,-16.863178253173828,11.123115539550781,507.0
4,121,-3.3590497970581055,3.0638835430145264,6.0
4,122,-6.466735363006592,25.36493492126465,12.0
4,123,-35.89286422729492,88.81966400146484,800.0
4,124,-20.508148193359375,7.774233341217041,1195.0
4,125,-21.209854125976562,34.29418182373047,309.0
4,126,-11.46638298034668,45.70133972167969,63.0
4,127,-26.56317138671875,765.7018432617188,1813.0
4,128,-4.061171054840088,2.2529358863830566,9.0
4,129,-13.631782531738281,912.2291870117188,242.0
4,130,-6.336320877075195,1.884442687034607,11.0
4,131,-20.484115600585938,7.755572319030762,38.0
4,132,-18.751239776611328,14.566853523254395,320.0
4,133,-17.686492919921875,4.992131233215332,32.0
4,134,-5.939000129699707,3.279857635498047,4.0
4,135,-22.577735900878906,91.4275894165039,129.0
4,136,-20.67319107055664,31.359956741333008,589.0
4,137,-11.146187782287598,16.224897384643555,40.0
4,138,-9.789971351623535,11.55932903289795,408.0
4,139,-8.732219696044922,78.73674011230469,167.0
4,140,-45.10762023925781,25.077547073364258,664.0
4,141,-8.334356307983398,5.295573711395264,19.0
4,142,-4.987965106964111,2.7117466926574707,3.0
4,143,-4.136438369750977,2.81260085105896,2.0
4,144,-10.946420669555664,56750.5546875,1216.0
4,145,-15.107828140258789,6.609305381774902,18.0
4,146,-15.448148727416992,3.0145156383514404,14.0
4,147,-16.232534408569336,25.700410842895508,502.0
4,148,-19.691246032714844,16.660409927368164,41.0
6,0,-10.633020401000977,8.38633918762207,36.0
6,1,-11.313191413879395,9.608406066894531,78.0
6,2,-15.451058387756348,3.624035596847534,17.0
6,3,-10.095785140991211,5.379691123962402,25.0
6,4,-9.276799201965332,10.167534828186035,51.0
6,5,-13.589162826538086,92.732666015625,46.0
6,6,-4.567699432373047,2.4931323528289795,2.0
6,7,-8.124261856079102,5.077669620513916,7.0
6,8,-13.86518669128418,16.00718116760254,39.0
6,9,-11.571725845336914,10.118294715881348,752.0
6,10,-3.0583338737487793,4.614331245422363,2.0
6,11,-6.191214561462402,4.701133728027344,31.0
6,12,-23.871572494506836,14.188005447387695,38.0
6,13,-13.533147811889648,9.540297508239746,24.0
6,14,-7.499985694885254,4.48167610168457,5.0
6,15,-16.418310165405273,26.67327308654785,205.0
6,16,-13.371733665466309,28.302026748657227,54.0
6,17,-16.302810668945312,6.119151592254639,19.0
6,18,-6.874037742614746,31.0941219329834,24.0
6,19,-18.57740020751953,41.07830047607422,32.0
6,20,-13.282880783081055,27.680278778076172,636.0
6,21,-13.356863975524902,28.197010040283203,1936.0
6,22,-28.002975463867188,16.449539184570312,86.0
6,23,-13.419816970825195,14.643013000488281,21.0
6,24,-31.332412719726562,50.22694396972656,51.0
6,25,-13.259849548339844,14.181947708129883,21.0
6,26,-4.220043659210205,2.3256711959838867,2.0
6,27,-21.222644805908203,10.570548057556152,857.0
6,28,-7.227416038513184,6.091254234313965,9.0
6,29,-4.722062587738037,3.2560527324676514,7.0
6,30,-4.702474594116211,4.7946062088012695,3.0
6,31,-18.584407806396484,22.14034080505371,96.0
6,32,-5.659108638763428,16.937910079956055,24.0
6,33,-6.612688064575195,5.223522663116455,11.0
6,34,-18.13593101501465,7.501502990722656,24.0
6,35,-3.063800811767578,2.7767105102539062,1.0
6,36,-8.445014953613281,16.693260192871094,96.0
6,37,-5.111700057983398,5.495337009429932,6.0
6,38,-6.686527729034424,5.3208441734313965,3.0
6,39,-10.077359199523926,5.363194942474365,90.0
6,40,-9.512372970581055,6.702460765838623,8.0
6,41,-12.161032676696777,57.60892868041992,299.0
6,42,-4.724710464477539,3.258208751678467,3.0
6,43,-11.507179260253906,315.32049560546875,41.0
6,44,-8.382627487182617,5.346945285797119,50.0
6,45,-14.016956329345703,16.50050926208496,187.0
6,46,-9.902047157287598,4.114750385284424,6.0
6,47,-4.181628704071045,2.007596254348755,5.0
6,48,-3.654261589050293,2.4931960105895996,3.0
6,49,-29.407073974609375,14.48871898651123,296.0
6,50,-19.595989227294922,11.582538604736328,29.0
6,51,-9.905369758605957,3.4492995738983154,6.0
6,52,-5.380801200866699,2.4517455101013184,16.0
6,53,-25.566301345825195,24.429407119750977,51.0
6,54,-16.8753604888916,16.652496337890625,7.0
6,55,-8.878988265991211,4.392204761505127,31.0
6,56,-11.053033828735352,39.81901550292969,29.0
6,57,-18.773113250732422,109.21062469482422,435.0
6,58,-15.321454048156738,6.788172721862793,71.0
6,59,-6.776352405548096,2.6328065395355225,7.0
6,60,-35.245582580566406,18.861671447753906,720.0
6,61,-6.860004901885986,5.556682109832764,4.0
6,62,-20.723979949951172,13.336404800415039,55.0
6,63,-22.23940086364746,23.976093292236328,126.0
6,64,-24.54338264465332,11.6387300491333,81.0
6,65,-7.018064022064209,4.0698771476745605,2.0
6,66,-21.464391708374023,14.629630088806152,87.0
6,67,-28.186309814453125,22.915468215942383,228.0
6,68,-13.856405258178711,7.239024639129639,41.0
6,69,-46.34825897216797,11.465953826904297,108.0
6,70,-14.084636688232422,16.72538185119629,137.0
6,71,-11.637950897216797,4.28338623046875,8.0
6,72,-10.929046630859375,3.9201533794403076,6.0
6,73,-23.737537384033203,13.978271484375,31.0
6,74,-2.2506089210510254,1.755321741104126,2.0
6,75,-5.313806056976318,3.775193214416504,29.0
6,76,-28.948688507080078,13.897359848022461,218.0
6,77,-27.342979431152344,30.504444122314453,796.0
6,78,-28.4451904296875,58.18331527709961,261.0
6,79,-5.544686794281006,15.996075630187988,16.0
6,80,-15.30501651763916,45.890316009521484,75.0
6,81,-9.603473663330078,2.90679931640625,3.0
6,82,-15.868949890136719,52.83835983276367,10.0
6,83,-37.30775451660156,29.713871002197266,194.0
6,84,-2.7338497638702393,2.4875125885009766,2.0
6,85,-8.573535919189453,17.42394256591797,29.0
6,86,-7.573177337646484,44.10568618774414,91.0
6,87,-16.955015182495117,8.325947761535645,19.0
6,88,-11.871142387390137,52.302669525146484,20.0
6,89,-10.461882591247559,32.69735336303711,61.0
6,90,-5.573228359222412,16.22598648071289,7.0
6,91,-11.519479751586914,17.81195640563965,25.0
6,92,-7.633116245269775,3.5686452388763428,8.0
6,93,-30.406597137451172,158.8191680908203,254.0
6,94,-14.05743408203125,5.796065330505371,99.0
6,95,-4.74263858795166,3.2728447914123535,2.0
6,96,-9.780284881591797,11.5313720703125,9.0
6,97,-4.719664573669434,4.822158336639404,2.0
6,98,-3.0977118015289307,2.1693508625030518,3.0
6,99,-8.28585147857666,2.510922431945801,9.0
6,100,-2.6240742206573486,3.713731050491333,3.0
6,101,-9.795519828796387,7.092968463897705,479.0
6,102,-21.376893997192383,14.470495223999023,57.0
6,103,-4.57305908203125,2.4958062171936035,10.0
6,104,-17.635229110717773,12.420127868652344,27.0
6,105,-10.512504577636719,33.25377655029297,69.0
6,106,-11.410924911499023,9.798067092895508,18.0
6,107,-18.657451629638672,22.411523818969727,4667.0
6,108,-27.452529907226562,15.56855297088623,707.0
6,109,-10.4490966796875,8.083456039428711,19.0
6,110,-7.754484176635742,6.949162006378174,8.0
6,111,-7.919660568237305,2.6911203861236572,10.0
6,112,-7.891449451446533,7.1912312507629395,18.0
6,113,-24.050674438476562,7.42032527923584,159.0
6,114,-6.513092517852783,8.767315864562988,7.0
6,115,-6.473880767822266,3.650178909301758,2.0
6,116,-9.64753246307373,11.154947280883789,4.0
6,117,-22.583106994628906,43.1141471862793,143.0
6,118,-20.225666046142578,57.11878967285156,129.0
6,119,-29.080101013183594,11.283503532409668,45.0
6,120,-16.774280548095703,10.982749938964844,519.0
6,121,-3.459033250808716,3.1677167415618896,6.0
6,122,-6.469108581542969,25.395051956176758,12.0
6,123,-33.712188720703125,67.62809753417969,376.0
6,124,-20.2716007232666,7.592494487762451,1143.0
6,125,-21.206134796142578,34.27293014526367,288.0
6,126,-11.292028427124023,43.120975494384766,60.0
6,127,-26.547527313232422,762.7130126953125,1947.0
6,128,-3.9196221828460693,2.1900501251220703,9.0
6,129,-13.621343612670898,907.4802856445312,247.0
6,130,-6.165488243103027,1.852523684501648,11.0
6,131,-18.366622924804688,6.275557041168213,21.0
6,132,-18.452003479003906,13.957268714904785,327.0
6,133,-17.141769409179688,4.750940799713135,27.0
6,134,-5.962864875793457,3.2955496311187744,4.0
6,135,-20.654329299926758,62.23179626464844,48.0
6,136,-20.3657283782959,29.793434143066406,603.0
6,137,-10.613598823547363,14.202239990234375,33.0
6,138,-9.831255912780762,11.679252624511719,423.0
6,139,-8.739723205566406,79.0326919555664,167.0
6,140,-43.122650146484375,21.76251983642578,327.0
6,141,-8.220848083496094,5.1767096519470215,19.0
6,142,-4.7046685218811035,2.562372922897339,3.0
6,143,-4.119550704956055,2.800751209259033,3.0
6,144,-10.825571060180664,50290.48046875,1143.0
6,145,-15.060190200805664,6.570065498352051,18.0
6,146,-15.066300392150879,2.933406352996826,15.0
6,147,-16.183387756347656,25.44902992248535,529.0
6,148,-17.675212860107422,12.491273880004883,23.0
8,0,-10.429061889648438,8.051129341125488,35.0
8,1,-10.292874336242676,7.834796905517578,65.0
8,2,-15.554443359375,3.655393123626709,21.0
8,3,-9.534756660461426,4.899465560913086,20.0
8,4,-9.242889404296875,10.081704139709473,54.0
8,5,-13.269655227661133,83.36414337158203,43.0
8,6,-4.136041164398193,2.2869253158569336,2.0
8,7,-8.039007186889648,4.991824150085449,7.0
8,8,-13.657225608825684,15.355060577392578,37.0
8,9,-11.417701721191406,9.81135368347168,744.0
8,10,-3.0787203311920166,4.661606788635254,2.0
8,11,-6.2002692222595215,4.711787223815918,35.0
8,12,-16.259366989135742,6.08968448638916,28.0
8,13,-13.165573120117188,8.97337818145752,24.0
8,14,-7.391524314880371,4.385505199432373,5.0
8,15,-16.10047149658203,25.03047752380371,170.0
8,16,-12.91430950164795,25.24371910095215,53.0
8,17,-16.233137130737305,6.071962356567383,21.0
8,18,-6.687302589416504,28.322351455688477,24.0
8,19,-18.360286712646484,39.33274459838867,30.0
8,20,-13.299112319946289,27.792831420898438,726.0
8,21,-13.266477584838867,27.566999435424805,1962.0
8,22,-18.418474197387695,6.3081817626953125,27.0
8,23,-13.078740119934082,13.67744255065918,21.0
8,24,-28.119842529296875,33.615264892578125,52.0
8,25,-12.970125198364258,13.38353443145752,20.0
8,26,-3.7940127849578857,2.1357171535491943,2.0
8,27,-21.320833206176758,10.686500549316406,886.0
8,28,-7.26730489730835,6.152301788330078,10.0
8,29,-4.453769207000732,3.0448217391967773,7.0
8,30,-4.771495342254639,4.906193733215332,3.0
8,31,-11.48581600189209,6.78220796585083,21.0
8,32,-5.523798942565918,15.829882621765137,22.0
8,33,-5.9844818115234375,4.4643354415893555,11.0
8,34,-18.002077102661133,7.390761375427246,25.0
8,35,-2.9992523193359375,2.717604398727417,1.0
8,36,-8.415007591247559,16.527116775512695,96.0
8,37,-5.180027961730957,5.6219353675842285,6.0
8,38,-6.642519950866699,5.262625217437744,3.0
8,39,-9.35073184967041,4.751476287841797,74.0
8,40,-8.50057601928711,5.474577903747559,8.0
8,41,-12.11972713470459,56.8211669921875,303.0
8,42,-4.45784854888916,3.0479283332824707,3.0
8,43,-11.41989803314209,301.8556823730469,36.0
8,44,-8.147875785827637,5.1017069816589355,48.0
8,45,-13.885010719299316,16.070770263671875,182.0
8,46,-9.794695854187012,4.052128314971924,6.0
8,47,-3.8193295001983643,1.8899585008621216,4.0
8,48,-3.3195528984069824,2.293062448501587,3.0
8,49,-29.04178237915039,14.015474319458008,299.0
8,50,-18.601299285888672,10.228342056274414,18.0
8,51,-9.377323150634766,3.2289769649505615,6.0
8,52,-5.049980640411377,2.320223331451416,14.0
8,53,-24.027629852294922,20.155027389526367,41.0
8,54,-16.963829040527344,16.899850845336914,7.0
8,55,-8.920326232910156,4.42257022857666,29.0
8,56,-11.071423530578613,40.0638542175293,29.0
8,57,-18.542098999023438,103.08199310302734,412.0
8,58,-15.045814514160156,6.55826997756958,71.0
8,59,-6.716677665710449,2.610457181930542,7.0
8,60,-31.738082885742188,14.081195831298828,114.0
8,61,-6.789370536804199,5.459420680999756,4.0
8,62,-13.058085441589355,5.115426063537598,10.0
8,63,-14.776098251342773,8.2554292678833,138.0
8,64,-16.226192474365234,5.066343307495117,11.0
8,65,-7.093337059020996,4.131611347198486,4.0
8,66,-13.683148384094238,5.531137943267822,37.0
8,67,-18.956981658935547,8.218036651611328,46.0
8,68,-9.473515510559082,3.870405673980713,38.0
8,69,-38.185516357421875,7.461556434631348,94.0
8,70,-13.871284484863281,16.026714324951172,131.0
8,71,-11.318113327026367,4.11551570892334,7.0
8,72,-10.801788330078125,3.858287811279297,6.0
8,73,-16.266040802001953,6.094202518463135,21.0
8,74,-2.3619744777679443,1.804879069328308,2.0
8,75,-5.08143424987793,3.562129497528076,23.0
8,76,-19.65137481689453,5.968458652496338,9.0
8,77,-18.063337326049805,9.563150405883789,771.0
8,78,-21.9832763671875,23.11468505859375,169.0
8,79,-5.506358623504639,15.69244384765625,16.0
8,80,-15.850111961364746,52.59010314941406,92.0
8,81,-9.06051254272461,2.7366201877593994,3.0
8,82,-11.085224151611328,15.979490280151367,9.0
8,83,-31.613880157470703,17.707515716552734,196.0
8,84,-2.5008413791656494,2.301621437072754,2.0
8,85,-8.974335670471191,19.91444206237793,34.0
8,86,-7.517262935638428,42.88969039916992,88.0
8,87,-16.87457275390625,8.242647171020508,17.0
8,88,-11.94583511352539,53.6212272644043,22.0
8,89,-10.279502868652344,30.768795013427734,55.0
8,90,-5.414538383483887,14.988289833068848,5.0
8,91,-10.841866493225098,15.036291122436523,23.0
8,92,-7.14312219619751,3.288792133331299,6.0
8,93,-30.24870491027832,154.69430541992188,240.0
8,94,-14.027849197387695,5.774670124053955,106.0
8,95,-4.411716938018799,3.0129787921905518,2.0
8,96,-9.982969284057617,12.13073444366455,9.0
8,97,-4.692331790924072,4.778423309326172,2.0
8,98,-3.2911219596862793,2.2768216133117676,3.0
8,99,-8.154814720153809,2.4746291637420654,10.0
8,100,-2.6081390380859375,3.6842594146728516,3.0
8,101,-9.786151885986328,7.079691410064697,454.0
8,102,-13.141261100769043,5.168888568878174,6.0
8,103,-4.3975605964660645,2.4097237586975098,10.0
8,104,-17.231948852539062,11.724807739257812,24.0
8,105,-10.71065616607666,35.52436447143555,89.0
8,106,-11.562707901000977,10.10006046295166,17.0
8,107,-18.520587921142578,21.90608787536621,4830.0
8,108,-27.212116241455078,15.198726654052734,672.0
8,109,-10.02228832244873,7.422067642211914,17.0
8,110,-7.775739669799805,6.986186981201172,9.0
8,111,-7.738564491271973,2.6308858394622803,9.0
8,112,-7.777144432067871,6.988641262054443,17.0
8,113,-19.608707427978516,5.124633312225342,164.0
8,114,-6.509160995483398,8.75583553314209,7.0
8,115,-6.303899765014648,3.528172254562378,2.0
8,116,-9.563631057739258,10.923405647277832,4.0
8,117,-16.662334442138672,16.071632385253906,155.0
8,118,-14.433281898498535,17.933244705200195,122.0
8,119,-29.09006118774414,11.292871475219727,48.0
8,120,-16.580543518066406,10.682950019836426,472.0
8,121,-3.529356002807617,3.2428481578826904,7.0
8,122,-6.326428413391113,23.6464786529541,10.0
8,123,-28.978206634521484,37.422637939453125,98.0
8,124,-19.796279907226562,7.240049362182617,1011.0
8,125,-21.225238800048828,34.382225036621094,292.0
8,126,-11.051427841186523,39.797706604003906,57.0
8,127,-27.131864547729492,882.6829833984375,2544.0
8,128,-3.7353227138519287,2.11079478263855,8.0
8,129,-13.546764373779297,874.2637939453125,273.0
8,130,-5.867222785949707,1.79808509349823,7.0
8,131,-15.227384567260742,4.584763526916504,9.0
8,132,-17.829029083251953,12.768794059753418,320.0
8,133,-16.357839584350586,4.424141883850098,16.0
8,134,-6.028487682342529,3.3390872478485107,4.0
8,135,-16.41288185119629,26.64432716369629,23.0
8,136,-19.851078033447266,27.344430923461914,611.0
8,137,-9.907304763793945,11.903426170349121,20.0
8,138,-10.027626037597656,12.266923904418945,481.0
8,139,-8.827839851379395,82.59259033203125,171.0
8,140,-36.110992431640625,13.188650131225586,66.0
8,141,-7.908958911895752,4.8636627197265625,17.0
8,142,-4.250479698181152,2.3398711681365967,3.0
8,143,-3.9725866317749023,2.699716329574585,2.0
8,144,-10.736669540405273,46012.5546875,1078.0
8,145,-14.926980972290039,6.46157169342041,19.0
8,146,-14.713560104370117,2.8604202270507812,16.0
8,147,-15.927848815917969,24.181060791015625,501.0
8,148,-14.528321266174316,7.968326568603516,8.0
10,0,-10.016002655029297,7.412743091583252,27.0
10,1,-8.883947372436523,5.910849094390869,40.0
10,2,-15.809438705444336,3.7339000701904297,27.0
10,3,-8.856117248535156,4.375494003295898,15.0
10,4,-8.424898147583008,8.217159271240234,23.0
10,5,-13.096122741699219,78.6788330078125,35.0
10,6,-3.0550320148468018,1.8422844409942627,2.0
10,7,-7.89487361907959,4.84998083114624,6.0
10,8,-13.584601402282715,15.133644104003906,36.0
10,9,-11.39558219909668,9.768045425415039,785.0
10,10,-3.1419262886047363,4.811280250549316,2.0
10,11,-6.268782615661621,4.793187618255615,35.0
10,12,-14.137805938720703,4.810819149017334,26.0
10,13,-12.485147476196289,8.011340141296387,22.0
10,14,-7.221554279327393,4.2389302253723145,4.0
10,15,-15.819792747497559,23.664085388183594,142.0
10,16,-12.222343444824219,21.23362159729004,46.0
10,17,-16.324853897094727,6.134157657623291,20.0
10,18,-6.603483200073242,27.15989875793457,23.0
10,19,-17.97345733642578,36.40446853637695,29.0
10,20,-13.007932662963867,25.841537475585938,684.0
10,21,-13.144500732421875,26.73905372619629,1872.0
10,22,-17.473892211914062,5.739598274230957,35.0
10,23,-12.924090385437012,13.26087760925293,25.0
10,24,-23.58072280883789,19.05997085571289,56.0
10,25,-12.748692512512207,12.803753852844238,20.0
10,26,-2.9373972415924072,1.7994471788406372,2.0
10,27,-21.52651596069336,10.933540344238281,764.0
10,28,-7.100740432739258,5.901373863220215,6.0
10,29,-4.148712158203125,2.821244478225708,5.0
10,30,-4.773250579833984,4.909065246582031,3.0
10,31,-10.389347076416016,5.649447917938232,19.0
10,32,-5.329808235168457,14.366572380065918,20.0
10,33,-5.446225643157959,3.902261972427368,10.0
10,34,-17.745525360107422,7.183056354522705,27.0
10,35,-2.9259533882141113,2.652009963989258,1.0
10,36,-8.472599029541016,16.847455978393555,104.0
10,37,-5.108727931976318,5.489896297454834,6.0
10,38,-6.538059234619141,5.126969814300537,3.0
10,39,-8.099933624267578,3.8573830127716064,57.0
10,40,-8.062714576721191,5.015549182891846,9.0
10,41,-12.133458137512207,57.08184051513672,298.0
10,42,-4.160752773284912,2.829749345779419,3.0
10,43,-10.810626983642578,222.58599853515625,25.0
10,44,-7.801620006561279,4.7603631019592285,46.0
10,45,-13.694831848144531,15.470986366271973,156.0
10,46,-9.694194793701172,3.994366407394409,5.0
10,47,-3.3062052726745605,1.735046625137329,3.0
10,48,-3.016514301300049,2.125758409500122,3.0
10,49,-28.335723876953125,13.144125938415527,273.0
10,50,-17.67098617553711,9.105451583862305,18.0
10,51,-9.444063186645508,3.2560274600982666,6.0
10,52,-4.773978233337402,2.215909957885742,13.0
10,53,-23.37208366394043,18.56931495666504,32.0
10,54,-17.384769439697266,18.128070831298828,7.0
10,55,-8.903525352478027,4.41020393371582,27.0
10,56,-11.040739059448242,39.656166076660156,28.0
10,57,-18.26819610595703,96.25962829589844,351.0
10,58,-14.884458541870117,6.427318096160889,70.0
10,59,-6.505417346954346,2.5328502655029297,6.0
10,60,-25.088886260986328,8.090903282165527,40.0
10,61,-6.6429290771484375,5.2631635665893555,4.0
10,62,-10.040755271911621,3.508169412612915,9.0
10,63,-12.30907917022705,5.8033766746521,144.0
10,64,-12.907047271728516,3.635347366333008,11.0
10,65,-7.086957931518555,4.126343250274658,4.0
10,66,-10.828521728515625,3.8712027072906494,37.0
10,67,-14.634495735168457,5.083780288696289,46.0
10,68,-8.195138931274414,3.2243587970733643,29.0
10,69,-33.06200408935547,5.697944641113281,95.0
10,70,-13.789468765258789,15.766600608825684,133.0
10,71,-11.114860534667969,4.012271881103516,5.0
10,72,-10.651914596557617,3.7866787910461426,5.0
10,73,-13.558738708496094,4.5110344886779785,19.0
10,74,-2.4085350036621094,1.8260109424591064,2.0
10,75,-4.618613243103027,3.1729233264923096,17.0
10,76,-17.33530044555664,4.835267543792725,9.0
10,77,-15.645307540893555,7.068606853485107,757.0
10,78,-18.57073974609375,14.196038246154785,110.0
10,79,-5.530488967895508,15.882922172546387,18.0
10,80,-16.404375076293945,60.40632629394531,115.0
10,81,-8.357739448547363,2.5310587882995605,2.0
10,82,-8.613130569458008,8.613085746765137,9.0
10,83,-28.626506805419922,13.496219635009766,163.0
10,84,-2.1557602882385254,2.0515317916870117,1.0
10,85,-9.39715576171875,22.928604125976562,39.0
10,86,-7.40239953994751,40.4958610534668,76.0
10,87,-16.641368865966797,8.005838394165039,18.0
10,88,-12.30233383178711,60.38725662231445,23.0
10,89,-10.0363187789917,28.373046875,48.0
10,90,-5.2266387939453125,13.644266128540039,5.0
10,91,-10.009865760803223,12.212578773498535,16.0
10,92,-6.535664081573486,2.97212553024292,5.0
10,93,-30.308412551879883,156.2413787841797,289.0
10,94,-14.281148910522461,5.9604363441467285,131.0
10,95,-3.8268511295318604,2.6031253337860107,2.0
10,96,-10.328470230102539,13.225113868713379,9.0
10,97,-4.7039642333984375,4.796987056732178,2.0
10,98,-3.548269510269165,2.4279987812042236,4.0
10,99,-8.007744789123535,2.4345195293426514,10.0
10,100,-2.503305196762085,3.4961159229278564,3.0
10,101,-9.504293441772461,6.6916375160217285,385.0
10,102,-10.71323299407959,3.81581449508667,8.0
10,103,-4.183376312255859,2.30867862701416,10.0
10,104,-16.99852752685547,11.340282440185547,23.0
10,105,-10.687092781066895,35.24643325805664,99.0
10,106,-11.621448516845703,10.219419479370117,15.0
10,107,-18.363059997558594,21.33843421936035,4630.0
10,108,-26.98090362548828,14.851343154907227,637.0
10,109,-9.446228981018066,6.614378452301025,14.0
10,110,-7.774169445037842,6.983445167541504,8.0
10,111,-7.424201488494873,2.5295090675354004,9.0
10,112,-7.718352317810059,6.8866729736328125,17.0
10,113,-14.769059181213379,3.4238133430480957,163.0
10,114,-6.496796607971191,8.71982192993164,5.0
10,115,-5.892560958862305,3.2495360374450684,2.0
10,116,-9.391403198242188,10.463058471679688,3.0
10,117,-12.53835391998291,8.082697868347168,158.0
10,118,-10.242453575134277,7.756186485290527,94.0
10,119,-28.75096321105957,10.978222846984863,50.0
10,120,-16.450767517089844,10.48671817779541,394.0
10,121,-3.382187604904175,3.0876052379608154,6.0
10,122,-5.917832374572754,19.277067184448242,6.0
10,123,-21.717622756958008,15.100122451782227,89.0
10,124,-19.638341903686523,7.1265997886657715,822.0
10,125,-21.163585662841797,34.03074264526367,313.0
10,126,-10.836320877075195,37.04402542114258,43.0
10,127,-27.325599670410156,926.4868774414062,2795.0
10,128,-3.5946247577667236,2.0522258281707764,6.0
10,129,-13.33535385131836,786.5662231445312,281.0
10,130,-5.723462104797363,1.7724206447601318,6.0
10,131,-12.266855239868164,3.4099085330963135,4.0
10,132,-17.121654510498047,11.541518211364746,285.0
10,133,-15.590301513671875,4.125965595245361,8.0
10,134,-5.903291702270508,3.2565174102783203,3.0
10,135,-11.696794509887695,10.374582290649414,25.0
10,136,-19.56344223022461,26.064483642578125,634.0
10,137,-9.09764289855957,9.722187995910645,13.0
10,138,-10.2821044921875,13.072700500488281,546.0
10,139,-8.637041091918945,75.07747650146484,151.0
10,140,-32.8258171081543,10.430156707763672,46.0
10,141,-7.550463676452637,4.527150630950928,16.0
10,142,-3.416494846343994,1.9804000854492188,3.0
10,143,-3.8319201469421387,2.606426239013672,2.0
10,144,-10.794855117797852,48769.2421875,1045.0
10,145,-14.596715927124023,6.200249671936035,18.0
10,146,-14.242905616760254,2.7658567428588867,13.0
10,147,-15.41350269317627,21.81723976135254,366.0
10,148,-11.573927879333496,5.224809646606445,8.0
12,0,-9.260366439819336,6.373019218444824,17.0
12,1,-8.191898345947266,5.146823406219482,34.0
12,2,-15.606825828552246,3.671384572982788,23.0
12,3,-8.44406795501709,4.085093975067139,13.0
12,4,-7.026553153991699,5.792930603027344,12.0
12,5,-12.943116188049316,74.76666259765625,28.0
12,6,-1.9424024820327759,1.4747381210327148,1.0
12,7,-7.787764072418213,4.747189998626709,6.0
12,8,-13.328619956970215,14.37835693359375,31.0
12,9,-11.339622497558594,9.659332275390625,925.0
12,10,-3.3310914039611816,5.288558483123779,2.0
12,11,-6.501623630523682,5.080480575561523,37.0
12,12,-12.86239242553711,4.175168991088867,16.0
12,13,-11.862062454223633,7.2211222648620605,21.0
12,14,-7.102363586425781,4.1390767097473145,4.0
12,15,-15.696279525756836,23.086685180664062,143.0
12,16,-11.756135940551758,18.8975830078125,33.0
12,17,-16.384458541870117,6.174916744232178,19.0
12,18,-6.446684837341309,25.111915588378906,24.0
12,19,-17.158206939697266,30.9273624420166,27.0
12,20,-12.660348892211914,23.69080924987793,541.0
12,21,-13.0593843460083,26.17608070373535,1833.0
12,22,-17.408803939819336,5.702361583709717,39.0
12,23,-12.58354377746582,12.387760162353516,19.0
12,24,-22.313255310058594,16.26729965209961,51.0
12,25,-12.514517784118652,12.217916488647461,19.0
12,26,-2.1989879608154297,1.5523929595947266,2.0
12,27,-21.540002822875977,10.949936866760254,643.0
12,28,-6.830532073974609,5.515890121459961,7.0
12,29,-3.876685857772827,2.6357598304748535,4.0
12,30,-4.736836910247803,4.849839210510254,3.0
12,31,-9.322786331176758,4.729396820068359,20.0
12,32,-5.416592121124268,15.00368881225586,21.0
12,33,-4.920580863952637,3.4217264652252197,9.0
12,34,-18.042869567871094,7.4243364334106445,38.0
12,35,-2.94651198387146,2.670246124267578,1.0
12,36,-8.328792572021484,16.058916091918945,105.0
12,37,-4.790217399597168,4.9369072914123535,6.0
12,38,-6.439518928527832,5.002209663391113,3.0
12,39,-6.979766845703125,3.2004597187042236,29.0
12,40,-7.910584926605225,4.865244388580322,7.0
12,41,-12.02221393585205,55.00394058227539,265.0
12,42,-3.9369451999664307,2.675767660140991,2.0
12,43,-9.827409744262695,136.14288330078125,17.0
12,44,-7.343186378479004,4.3433122634887695,34.0
12,45,-12.944463729858398,13.315019607543945,101.0
12,46,-9.49017333984375,3.879626750946045,5.0
12,47,-2.8239405155181885,1.6010453701019287,2.0
12,48,-2.6855568885803223,1.956954002380371,3.0
12,49,-27.60708999633789,12.301674842834473,244.0
12,50,-16.6591796875,8.023682594299316,19.0
12,51,-9.90634536743164,3.4497203826904297,7.0
12,52,-4.688947677612305,2.184727907180786,13.0
12,53,-22.53252410888672,16.719329833984375,36.0
12,54,-17.957561492919922,19.9439697265625,8.0
12,55,-8.879481315612793,4.392566204071045,26.0
12,56,-10.859243392944336,37.328155517578125,26.0
12,57,-17.6190128326416,81.83894348144531,221.0
12,58,-15.155374526977539,6.648703575134277,73.0
12,59,-6.549342155456543,2.5487940311431885,6.0
12,60,-22.541242599487305,6.543269157409668,21.0
12,61,-6.567607879638672,5.164984226226807,3.0
12,62,-8.68716049194336,2.962089776992798,7.0
12,63,-11.017741203308105,4.825734615325928,149.0
12,64,-11.201868057250977,3.065426826477051,11.0
12,65,-7.067770957946777,4.110539436340332,6.0
12,66,-9.597429275512695,3.3190500736236572,43.0
12,67,-13.425215721130371,4.444603443145752,45.0
12,68,-6.845047950744629,2.658770799636841,19.0
12,69,-31.470458984375,5.2400970458984375,85.0
12,70,-13.567794799804688,15.08285903930664,133.0
12,71,-10.534443855285645,3.7314820289611816,5.0
12,72,-10.186697959899902,3.572756052017212,5.0
12,73,-11.586134910583496,3.623166084289551,9.0
12,74,-2.3469810485839844,1.798126459121704,2.0
12,75,-4.278007507324219,2.9139277935028076,12.0
12,76,-15.75320053100586,4.187521934509277,8.0
12,77,-13.827171325683594,5.631616115570068,700.0
12,78,-16.277671813964844,10.230585098266602,38.0
12,79,-5.42990779876709,15.103913307189941,18.0
12,80,-16.61036491394043,63.59858322143555,141.0
12,81,-7.636673927307129,2.3361852169036865,2.0
12,82,-6.953987121582031,5.688785552978516,8.0
12,83,-25.984317779541016,10.614391326904297,117.0
12,84,-1.9006123542785645,1.884264349937439,1.0
12,85,-9.738842010498047,25.694595336914062,44.0
12,86,-7.3380937576293945,39.21451187133789,67.0
12,87,-16.435449600219727,7.802398681640625,16.0
12,88,-12.364960670471191,61.66111755371094,22.0
12,89,-9.685175895690918,25.239036560058594,41.0
12,90,-4.75588321685791,10.782685279846191,5.0
12,91,-8.983331680297852,9.448282241821289,11.0
12,92,-5.748518943786621,2.606703758239746,5.0
12,93,-30.24774169921875,154.66944885253906,378.0
12,94,-14.176262855529785,5.882800579071045,129.0
12,95,-3.1274757385253906,2.1855530738830566,2.0
12,96,-10.448860168457031,13.629206657409668,10.0
12,97,-4.72107458114624,4.824424743652344,2.0
12,98,-3.8358027935028076,2.608957529067993,8.0
12,99,-7.820544719696045,2.384404420852661,10.0
12,100,-2.388192892074585,3.3005740642547607,3.0
12,101,-9.04526138305664,6.104659080505371,301.0
12,102,-9.734106063842773,3.37624192237854,10.0
12,103,-3.87166166305542,2.1691434383392334,8.0
12,104,-16.89862060546875,11.179577827453613,24.0
12,105,-10.750393867492676,35.998043060302734,109.0
12,106,-11.474288940429688,9.92302417755127,14.0
12,107,-18.29178237915039,21.08644676208496,4531.0
12,108,-26.492141723632812,14.142921447753906,680.0
12,109,-8.393929481506348,5.35904598236084,11.0
12,110,-7.954776763916016,7.305987358093262,7.0
12,111,-7.128003120422363,2.4375669956207275,8.0
12,112,-7.785744667053223,7.003683567047119,17.0
12,113,-13.509474754333496,3.0826497077941895,144.0
12,114,-6.464189529418945,8.62555980682373,6.0
12,115,-5.340491771697998,2.9098405838012695,2.0
12,116,-9.359374046325684,10.37961196899414,3.0
12,117,-11.402586936950684,6.688777923583984,152.0
12,118,-8.405665397644043,5.371638774871826,74.0
12,119,-28.003847122192383,10.315566062927246,53.0
12,120,-16.020217895507812,9.8611478805542,286.0
12,121,-2.885870933532715,2.6168124675750732,4.0
12,122,-5.33868408203125,14.430472373962402,4.0
12,123,-20.229604721069336,12.53720474243164,73.0
12,124,-19.009876251220703,6.692500591278076,593.0
12,125,-20.59783935546875,30.96858024597168,313.0
12,126,-10.58613395690918,34.080020904541016,33.0
12,127,-27.260929107666016,911.6282348632812,2912.0
12,128,-3.509303092956543,2.017503023147583,6.0
12,129,-12.883405685424805,627.474365234375,267.0
12,130,-5.7012481689453125,1.7684876918792725,5.0
12,131,-11.697305679321289,3.2211244106292725,5.0
12,132,-16.44242286682129,10.474225044250488,248.0
12,133,-15.272968292236328,4.008638858795166,6.0
12,134,-5.749643802642822,3.157968282699585,3.0
12,135,-10.728859901428223,8.548638343811035,30.0
12,136,-19.43257713317871,25.502153396606445,624.0
12,137,-8.327706336975098,8.019905090332031,5.0
12,138,-10.340859413146973,13.266139030456543,559.0
12,139,-8.307418823242188,63.66973876953125,131.0
12,140,-30.625757217407227,8.913385391235352,35.0
12,141,-6.551405429840088,3.7072155475616455,13.0
12,142,-2.817361354827881,1.756761908531189,3.0
12,143,-3.574892520904541,2.4442129135131836,2.0
12,144,-10.875748634338379,52878.31640625,1072.0
12,145,-14.217031478881836,5.912855625152588,16.0
12,146,-13.34117603302002,2.5933258533477783,6.0
12,147,-14.526491165161133,18.27069091796875,230.0
12,148,-10.678450584411621,4.597409248352051,7.0
14,0,-8.727113723754883,5.728322505950928,15.0
14,1,-8.076495170593262,5.029391288757324,36.0
14,2,-15.94729995727539,3.7770440578460693,29.0
14,3,-8.334259033203125,4.011010646820068,13.0
14,4,-6.311768054962158,4.844974517822266,10.0
14,5,-12.918664932250977,74.15974426269531,26.0
14,6,-1.6535136699676514,1.3919458389282227,1.0
14,7,-7.70148229598999,4.66597318649292,6.0
14,8,-12.914478302001953,13.2354097366333,30.0
14,9,-11.296645164489746,9.576662063598633,1054.0
14,10,-3.484926223754883,5.711394309997559,2.0
14,11,-6.616404056549072,5.228377342224121,39.0
14,12,-11.888235092163086,3.7468478679656982,8.0
14,13,-11.700048446655273,7.028744220733643,17.0
14,14,-7.074366092681885,4.115964889526367,4.0
14,15,-16.060321807861328,24.830289840698242,171.0
14,16,-11.884695053100586,19.514812469482422,35.0
14,17,-16.38300323486328,6.1739182472229,19.0
14,18,-6.276320457458496,23.061399459838867,25.0
14,19,-16.57604217529297,27.52813148498535,24.0
14,20,-12.123422622680664,20.714950561523438,361.0
14,21,-13.119423866271973,26.571945190429688,1863.0
14,22,-16.657249450683594,5.289506912231445,24.0
14,23,-12.278107643127441,11.653674125671387,10.0
14,24,-21.277420043945312,14.291679382324219,42.0
14,25,-12.526366233825684,12.246906280517578,22.0
14,26,-2.0382261276245117,1.5032737255096436,2.0
14,27,-21.526037216186523,10.932957649230957,571.0
14,28,-6.528102874755859,5.114223957061768,7.0
14,29,-3.8919336795806885,2.6458263397216797,3.0
14,30,-4.846810817718506,5.030923366546631,3.0
14,31,-8.94179630279541,4.438424110412598,19.0
14,32,-5.7216572761535645,17.476001739501953,22.0
14,33,-4.796707630157471,3.317385196685791,7.0
14,34,-18.265777587890625,7.6105146408081055,43.0
14,35,-2.9588518142700195,2.6812524795532227,1.0
14,36,-8.280762672424316,15.803858757019043,110.0
14,37,-4.4765167236328125,4.446744441986084,5.0
14,38,-6.307005882263184,4.83920955657959,3.0
14,39,-6.611016273498535,3.0096869468688965,26.0
14,40,-7.845747947692871,4.802562236785889,8.0
14,41,-11.936360359191895,53.45214080810547,252.0
14,42,-3.7852377891540527,2.5761847496032715,2.0
14,43,-9.133474349975586,96.22962188720703,16.0
14,44,-6.547927379608154,3.7046377658843994,18.0
14,45,-12.255674362182617,11.601506233215332,69.0
14,46,-9.469240188598633,3.8680427074432373,5.0
14,47,-2.5409040451049805,1.5272732973098755,2.0
14,48,-2.555205821990967,1.8942092657089233,3.0
14,49,-27.31249237060547,11.976588249206543,207.0
14,50,-16.210861206054688,7.586403846740723,23.0
14,51,-10.043746948242188,3.50948166847229,7.0
14,52,-4.671183109283447,2.1782689094543457,12.0
14,53,-21.384384155273438,14.484049797058105,42.0
14,54,-18.475208282470703,21.74103355407715,8.0
14,55,-8.914209365844727,4.418064117431641,26.0
14,56,-10.735379219055176,35.818328857421875,25.0
14,57,-17.204402923583984,73.78096008300781,173.0
14,58,-15.506085395812988,6.946658134460449,80.0
14,59,-6.696401596069336,2.6029067039489746,5.0
14,60,-21.16559600830078,5.834565162658691,20.0
14,61,-6.632926940917969,5.250019073486328,3.0
14,62,-7.920698165893555,2.691469430923462,5.0
14,63,-10.34501838684082,4.383553504943848,150.0
14,64,-10.24201774597168,2.7848713397979736,10.0
14,65,-7.062198638916016,4.105960845947266,5.0
14,66,-9.11509895324707,3.1248533725738525,46.0
14,67,-12.68055534362793,4.0916595458984375,42.0
14,68,-6.138798713684082,2.403608798980713,10.0
14,69,-30.4702091217041,4.97136926651001,83.0
14,70,-12.969648361206055,13.382257461547852,125.0
14,71,-10.047159194946289,3.510978937149048,5.0
14,72,-9.669597625732422,3.3491270542144775,5.0
14,73,-10.173115730285645,3.0967283248901367,5.0
14,74,-2.3178415298461914,1.7850749492645264,2.0
14,75,-4.276586055755615,2.9128923416137695,11.0
14,76,-14.88969898223877,3.8713717460632324,7.0
14,77,-12.882530212402344,5.004393577575684,673.0
14,78,-15.207088470458984,8.779690742492676,19.0
14,79,-5.304398536682129,14.185201644897461,17.0
14,80,-16.403518676757812,60.39338684082031,145.0
14,81,-7.178062915802002,2.220122814178467,2.0
14,82,-6.159244537353516,4.66370964050293,8.0
14,83,-24.344261169433594,9.144153594970703,97.0
14,84,-1.9202786684036255,1.8966569900512695,1.0
14,85,-9.823486328125,26.429885864257812,43.0
14,86,-7.253169059753418,37.584228515625,62.0
14,87,-16.404382705688477,7.772157669067383,15.0
14,88,-12.372041702270508,61.80683517456055,21.0
14,89,-9.374232292175293,22.754074096679688,35.0
14,90,-4.508179664611816,9.526618957519531,5.0
14,91,-8.08203125,7.542154312133789,7.0
14,92,-5.37977933883667,2.4513280391693115,5.0
14,93,-30.114545822143555,151.2737579345703,428.0
14,94,-13.922640800476074,5.699224472045898,115.0
14,95,-2.7924816608428955,2.0099713802337646,1.0
14,96,-10.563465118408203,14.025348663330078,11.0
14,97,-4.847628593444824,5.032295227050781,2.0
14,98,-3.9424891471862793,2.679478883743286,8.0
14,99,-7.540398597717285,2.3113276958465576,9.0
14,100,-2.399761199951172,3.319720506668091,3.0
14,101,-8.438472747802734,5.40700101852417,216.0
14,102,-8.925309181213379,3.0515928268432617,8.0
14,103,-3.750325918197632,2.117138147354126,5.0
14,104,-16.43700408935547,10.466119766235352,24.0
14,105,-10.791576385498047,36.49561309814453,101.0
14,106,-11.20238971710205,9.397822380065918,14.0
14,107,-18.288467407226562,21.074796676635742,4573.0
14,108,-26.153453826904297,13.6719388961792,717.0
14,109,-7.400834083557129,4.393678665161133,10.0
14,110,-8.189784049987793,7.7480878829956055,8.0
14,111,-7.051292419433594,2.4143052101135254,8.0
14,112,-7.9190497398376465,7.24102258682251,16.0
14,113,-13.11903190612793,2.983963966369629,124.0
14,114,-6.521294593811035,8.79132080078125,7.0
14,115,-5.074226379394531,2.7589364051818848,2.0
14,116,-9.398774147033691,10.482356071472168,3.0
14,117,-10.923043251037598,6.174989700317383,126.0
14,118,-7.381894111633301,4.377066612243652,50.0
14,119,-26.875682830810547,9.389952659606934,44.0
14,120,-15.694804191589355,9.413217544555664,232.0
14,121,-2.415925979614258,2.23738694190979,1.0
14,122,-4.877671241760254,11.45969009399414,2.0
14,123,-19.571964263916016,11.547807693481445,58.0
14,124,-18.3951358795166,6.293476581573486,434.0
14,125,-20.042572021484375,28.23122215270996,314.0
14,126,-10.395927429199219,31.986347198486328,29.0
14,127,-27.000022888183594,854.0635986328125,2821.0
14,128,-3.5137526988983154,2.0192995071411133,6.0
14,129,-12.489603042602539,515.3269653320312,258.0
14,130,-5.775721073150635,1.7817074060440063,4.0
14,131,-11.684292793273926,3.216935873031616,8.0
14,132,-15.78270435333252,9.532166481018066,206.0
14,133,-14.893289566040039,3.87263560295105,6.0
14,134,-5.688466548919678,3.1195640563964844,3.0
14,135,-10.199283599853516,7.689507484436035,26.0
14,136,-19.406661987304688,25.392242431640625,596.0
14,137,-8.24730110168457,7.86030387878418,5.0
14,138,-10.388190269470215,13.42404556274414,577.0
14,139,-8.270357131958008,62.50075149536133,122.0
14,140,-29.898944854736328,8.462451934814453,35.0
14,141,-5.796432971954346,3.1876585483551025,13.0
14,142,-2.634338140487671,1.6936190128326416,3.0
14,143,-3.3648719787597656,2.31919002532959,2.0
14,144,-10.750167846679688,46637.85546875,1012.0
14,145,-14.147500991821289,5.861688137054443,15.0
14,146,-12.797767639160156,2.4945948123931885,6.0
14,147,-13.649635314941406,15.331768989562988,153.0
14,148,-10.285684585571289,4.346554756164551,6.0
16,0,-8.569446563720703,5.550507545471191,13.0
16,1,-7.544363021850586,4.52163028717041,22.0
16,2,-16.135499954223633,3.836747407913208,32.0
16,3,-7.880926132202148,3.7191221714019775,12.0
16,4,-5.864538192749023,4.332456111907959,9.0
16,5,-12.90523910522461,73.82861328125,22.0
16,6,-1.5394811630249023,1.3605597019195557,1.0
16,7,-7.554504871368408,4.530810832977295,5.0
16,8,-12.513277053833008,12.214887619018555,27.0
16,9,-11.276354789733887,9.537877082824707,1078.0
16,10,-3.595567226409912,6.036253929138184,2.0
16,11,-6.6960906982421875,5.333580017089844,42.0
16,12,-11.079893112182617,3.424992322921753,6.0
16,13,-11.187116622924805,6.452834129333496,14.0
16,14,-6.87213134765625,3.952807903289795,5.0
16,15,-16.744020462036133,28.468666076660156,193.0
16,16,-11.976524353027344,19.968000411987305,36.0
16,17,-16.43920135498047,6.21259069442749,18.0
16,18,-6.270909309387207,22.99909210205078,29.0
16,19,-16.16681480407715,25.36481475830078,24.0
16,20,-11.78499698638916,19.034427642822266,275.0
16,21,-13.389803886413574,28.430171966552734,1945.0
16,22,-15.747385025024414,4.829478740692139,13.0
16,23,-12.163914680480957,11.39053726196289,9.0
16,24,-20.73089599609375,13.347938537597656,46.0
16,25,-12.49036693572998,12.159045219421387,24.0
16,26,-2.097681760787964,1.5212560892105103,2.0
16,27,-21.53226089477539,10.940522193908691,517.0
16,28,-6.119182109832764,4.617232799530029,5.0
16,29,-3.698746681213379,2.52107834815979,2.0
16,30,-4.828118324279785,4.999673843383789,3.0
16,31,-8.818889617919922,4.348430156707764,18.0
16,32,-5.820372581481934,18.360218048095703,22.0
16,33,-4.65717887878418,3.203662633895874,5.0
16,34,-18.42723846435547,7.748281002044678,52.0
16,35,-2.8554022312164307,2.5903701782226562,1.0
16,36,-8.34567928314209,16.149564743041992,116.0
16,37,-4.511007785797119,4.49816370010376,5.0
16,38,-6.125342845916748,4.624349594116211,3.0
16,39,-6.328058242797852,2.8710460662841797,20.0
16,40,-7.8513994216918945,4.807993412017822,8.0
16,41,-12.122986793518066,56.8829460144043,257.0
16,42,-3.575578451156616,2.444632053375244,2.0
16,43,-8.675570487976074,76.537841796875,16.0
16,44,-5.34512186050415,2.912536382675171,8.0
16,45,-12.065593719482422,11.168740272521973,63.0
16,46,-9.213165283203125,3.729098320007324,5.0
16,47,-2.289478063583374,1.4645962715148926,2.0
16,48,-2.3335413932800293,1.7920950651168823,3.0
16,49,-26.54928207397461,11.173792839050293,176.0
16,50,-15.785173416137695,7.1932759284973145,32.0
16,51,-10.011581420898438,3.4953997135162354,5.0
16,52,-4.610774517059326,2.1564478874206543,11.0
16,53,-20.365272521972656,12.751629829406738,43.0
16,54,-18.26580047607422,20.995330810546875,8.0
16,55,-8.845118522644043,4.367481231689453,24.0
16,56,-10.696525573730469,35.35742950439453,24.0
16,57,-17.15660858154297,72.90463256835938,164.0
16,58,-15.419857025146484,6.872185230255127,83.0
16,59,-6.473587989807129,2.52135968208313,6.0
16,60,-19.868242263793945,5.236675262451172,18.0
16,61,-6.431634902954102,4.9923601150512695,3.0
16,62,-7.057912826538086,2.416304111480713,3.0
16,63,-9.688763618469238,3.9912688732147217,154.0
16,64,-9.425777435302734,2.566588878631592,10.0
16,65,-6.96118688583374,4.023843288421631,3.0
16,66,-8.74488353729248,2.983539581298828,49.0
16,67,-11.87924861907959,3.7431087493896484,42.0
16,68,-5.517960548400879,2.1996099948883057,8.0
16,69,-29.38684844970703,4.695836544036865,81.0
16,70,-12.478952407836914,12.131319046020508,112.0
16,71,-9.414450645446777,3.243997573852539,5.0
16,72,-9.192808151245117,3.155355215072632,5.0
16,73,-8.948326110839844,2.7027196884155273,4.0
16,74,-2.252467632293701,1.756137728691101,2.0
16,75,-4.193303108215332,2.8528707027435303,11.0
16,76,-13.866653442382812,3.527554512023926,6.0
16,77,-12.025130271911621,4.495789527893066,550.0
16,78,-14.292024612426758,7.703831672668457,18.0
16,79,-5.2116923332214355,13.542680740356445,18.0
16,80,-16.62249755859375,63.79178237915039,161.0
16,81,-6.414429664611816,2.039519786834717,2.0
16,82,-5.5137834548950195,3.968728542327881,6.0
16,83,-23.143260955810547,8.198348999023438,79.0
16,84,-2.0488767623901367,1.9797269105911255,1.0
16,85,-9.92812728881836,27.3680362701416,47.0
16,86,-6.930193901062012,31.97956085205078,46.0
16,87,-16.148754119873047,7.527735710144043,13.0
16,88,-12.500290870666504,64.50635528564453,17.0
16,89,-9.325017929077148,22.383840560913086,31.0
16,90,-4.3695969581604,8.888856887817383,5.0
16,91,-7.704133033752441,6.862236022949219,6.0
16,92,-4.872154235839844,2.2524662017822266,5.0
16,93,-30.154422760009766,152.28248596191406,479.0
16,94,-13.761438369750977,5.5855326652526855,120.0
16,95,-2.522205352783203,1.8786460161209106,1.0
16,96,-10.712491989135742,14.55774211883545,11.0
16,97,-4.804345607757568,4.960212230682373,2.0
16,98,-4.370416641235352,2.982029676437378,9.0
16,99,-7.205772399902344,2.226968765258789,8.0
16,100,-2.367474317550659,3.266558885574341,3.0
16,101,-7.923840045928955,4.878159999847412,161.0
16,102,-8.214855194091797,2.7922756671905518,8.0
16,103,-3.673884153366089,2.0850167274475098,5.0
16,104,-16.084819793701172,9.952574729919434,21.0
16,105,-10.679906845092773,35.162105560302734,105.0
16,106,-11.201913833618164,9.396926879882812,14.0
16,107,-18.320165634155273,21.186431884765625,4304.0
16,108,-25.816856384277344,13.219401359558105,737.0
16,109,-6.69982385635376,3.81890869140625,9.0
16,110,-8.426645278930664,8.220748901367188,13.0
16,111,-6.912085056304932,2.372657537460327,8.0
16,112,-8.087336540222168,7.552164077758789,17.0
16,113,-12.97193431854248,2.9476094245910645,108.0
16,114,-6.387301445007324,8.407301902770996,7.0
16,115,-4.607327938079834,2.5129706859588623,2.0
16,116,-9.502452850341797,10.757607460021973,4.0
16,117,-10.621126174926758,5.8719563484191895,102.0
16,118,-6.752606391906738,3.8594369888305664,43.0
16,119,-25.905662536621094,8.660783767700195,43.0
16,120,-15.609174728393555,9.298768997192383,191.0
16,121,-2.166485548019409,2.0588793754577637,1.0
16,122,-4.549252510070801,9.724284172058105,2.0
16,123,-19.119474411010742,10.912776947021484,54.0
16,124,-17.7867488861084,5.922003746032715,296.0
16,125,-19.892677307128906,27.5346736907959,316.0
16,126,-10.213642120361328,30.100671768188477,27.0
16,127,-27.328060150146484,927.0570068359375,2760.0
16,128,-3.5087802410125732,2.0172922611236572,4.0
16,129,-12.213274002075195,448.8267517089844,239.0
16,130,-5.897050857543945,1.8034565448760986,5.0
16,131,-11.099241256713867,3.034127950668335,11.0
16,132,-15.571441650390625,9.248780250549316,193.0
16,133,-14.265762329101562,3.6578938961029053,6.0
16,134,-5.537619590759277,3.0268542766571045,3.0
16,135,-9.777691841125488,7.067723274230957,26.0
16,136,-19.62112808227539,26.316287994384766,622.0
16,137,-7.850641250610352,7.118238925933838,5.0
16,138,-10.565524101257324,14.032569885253906,599.0
16,139,-7.877777576446533,51.36149597167969,87.0
16,140,-29.746540069580078,8.370827674865723,39.0
16,141,-5.2341461181640625,2.848604679107666,12.0
16,142,-2.4856150150299072,1.6439846754074097,3.0
16,143,-3.149365186691284,2.1975460052490234,2.0
16,144,-10.811050415039062,49565.50390625,958.0
16,145,-13.72870922088623,5.562727928161621,12.0
16,146,-12.348572731018066,2.415825128555298,5.0
16,147,-13.323451042175293,14.363500595092773,118.0
16,148,-9.65229320526123,3.970527410507202,5.0
18,0,-8.458473205566406,5.4286723136901855,10.0
18,1,-6.977026462554932,4.0366106033325195,13.0
18,2,-16.380077362060547,3.915748357772827,45.0
18,3,-7.3616838455200195,3.410801410675049,11.0
18,4,-5.820757865905762,4.285295009613037,8.0
18,5,-12.88537883758545,73.34148406982422,19.0
18,6,-1.5003045797348022,1.3499411344528198,1.0
18,7,-7.355066299438477,4.353644371032715,5.0
18,8,-12.165088653564453,11.39321231842041,26.0
18,9,-11.426609992980957,9.828849792480469,1105.0
18,10,-3.592513084411621,6.02704381942749,2.0
18,11,-6.585888862609863,5.188642978668213,40.0
18,12,-10.408432960510254,3.178764581680298,6.0
18,13,-10.568682670593262,5.820854663848877,13.0
18,14,-6.567121982574463,3.718886613845825,5.0
18,15,-17.39277458190918,32.41284942626953,206.0
18,16,-11.589078903198242,18.124591827392578,35.0
18,17,-16.455459594726562,6.223823547363281,19.0
18,18,-6.237936019897461,22.62302017211914,29.0
18,19,-15.917436599731445,24.130760192871094,24.0
18,20,-11.565729141235352,18.019100189208984,209.0
18,21,-13.559521675109863,29.662405014038086,1921.0
18,22,-15.063541412353516,4.510256767272949,12.0
18,23,-12.313200950622559,11.735756874084473,9.0
18,24,-19.905803680419922,12.039892196655273,46.0
18,25,-12.516986846923828,12.223954200744629,25.0
18,26,-2.157480239868164,1.5395591259002686,3.0
18,27,-21.54198455810547,10.952345848083496,479.0
18,28,-5.723297595977783,4.182145595550537,4.0
18,29,-3.5330936908721924,2.418804407119751,2.0
18,30,-4.783243179321289,4.925443649291992,3.0
18,31,-8.882057189941406,4.394452095031738,18.0
18,32,-5.8503522872924805,18.637510299682617,21.0
18,33,-4.501203536987305,3.081143617630005,5.0
18,34,-18.70302963256836,7.989391326904297,60.0
18,35,-2.7363407611846924,2.48957896232605,1.0
18,36,-8.375469207763672,16.31072998046875,115.0
18,37,-4.515420913696289,4.504785537719727,4.0
18,38,-5.998859882354736,4.480412006378174,3.0
18,39,-5.8920087814331055,2.6697943210601807,12.0
18,40,-7.567519664764404,4.542619705200195,8.0
18,41,-12.355542182922363,61.46783447265625,264.0
18,42,-3.4407129287719727,2.363581895828247,2.0
18,43,-8.36878776550293,65.65369415283203,18.0
18,44,-4.672179222106934,2.545776844024658,6.0
18,45,-12.00906753540039,11.043185234069824,59.0
18,46,-8.942584991455078,3.587703227996826,5.0
18,47,-2.130896806716919,1.4263938665390015,2.0
18,48,-2.1918017864227295,1.7297042608261108,3.0
18,49,-25.730283737182617,10.372072219848633,152.0
18,50,-15.436553955078125,6.886543273925781,34.0
18,51,-9.985069274902344,3.483834981918335,5.0
18,52,-4.469396591186523,2.106229782104492,10.0
18,53,-19.40105438232422,11.303718566894531,42.0
18,54,-18.017498016357422,20.144197463989258,7.0
18,55,-8.731584548950195,4.285614967346191,23.0
18,56,-10.832070350646973,36.991573333740234,25.0
18,57,-17.161752700805664,72.99844360351562,160.0
18,58,-15.135744094848633,6.632408618927002,78.0
18,59,-6.30079984664917,2.4598841667175293,7.0
18,60,-18.574047088623047,4.701291561126709,13.0
18,61,-6.165506362915039,4.671015739440918,3.0
18,62,-6.355160713195801,2.213101863861084,3.0
18,63,-9.177379608154297,3.710082769393921,154.0
18,64,-8.924185752868652,2.441026210784912,10.0
18,65,-6.8753662109375,3.9553661346435547,4.0
18,66,-8.44592571258545,2.874103307723999,50.0
18,67,-11.182233810424805,3.464160919189453,41.0
18,68,-4.992885112762451,2.040651798248291,6.0
18,69,-28.672040939331055,4.522453784942627,80.0
18,70,-11.996902465820312,11.016348838806152,99.0
18,71,-8.86838150024414,3.029954671859741,5.0
18,72,-8.556865692138672,2.9142374992370605,5.0
18,73,-8.152406692504883,2.4739673137664795,4.0
18,74,-2.279343605041504,1.767976999282837,2.0
18,75,-4.17806339263916,2.84202241897583,11.0
18,76,-13.146141052246094,3.3039004802703857,6.0
18,77,-11.44597053527832,4.181818962097168,494.0
18,78,-13.60850715637207,6.987148284912109,14.0
18,79,-5.222261905670166,13.614439010620117,15.0
18,80,-17.175235748291016,73.24492645263672,195.0
18,81,-5.684329032897949,1.880602240562439,2.0
18,82,-4.9932475090026855,3.4844555854797363,5.0
18,83,-22.339168548583984,7.6204352378845215,72.0
18,84,-1.914447546005249,1.8929741382598877,1.0
18,85,-9.938214302062988,27.46021270751953,50.0
18,86,-6.531795501708984,26.203624725341797,35.0
18,87,-16.004501342773438,7.393215179443359,14.0
18,88,-12.469228744506836,63.84190368652344,16.0
18,89,-9.388768196105957,22.864587783813477,31.0
18,90,-4.240758895874023,8.334299087524414,5.0
18,91,-7.658973693847656,6.785198211669922,6.0
18,92,-4.359837055206299,2.0681188106536865,3.0
18,93,-30.319862365722656,156.53982543945312,506.0
18,94,-13.678251266479492,5.5277533531188965,124.0
18,95,-2.311563730239868,1.7822755575180054,1.0
18,96,-10.676191329956055,14.426226615905762,11.0
18,97,-4.751612186431885,4.87378454208374,2.0
18,98,-4.670964241027832,3.2147226333618164,12.0
18,99,-6.959362983703613,2.1668241024017334,8.0
18,100,-2.186771869659424,2.9843616485595703,3.0
18,101,-7.4720072746276855,4.456668376922607,115.0
18,102,-7.710470676422119,2.6216628551483154,6.0
18,103,-3.623215436935425,2.0639944076538086,4.0
18,104,-15.781816482543945,9.53095817565918,18.0
18,105,-10.526613235473633,33.41053009033203,99.0
18,106,-11.27182388305664,9.529237747192383,14.0
18,107,-18.344432830810547,21.272293090820312,4066.0
18,108,-25.590253829956055,12.92321491241455,720.0
18,109,-6.307980537414551,3.531052827835083,9.0
18,110,-8.571236610412598,8.523347854614258,15.0
18,111,-6.785816192626953,2.3355023860931396,8.0
18,112,-8.221407890319824,7.809586048126221,18.0
18,113,-12.606339454650879,2.859161138534546,88.0
18,114,-6.241339206695557,8.00804328918457,7.0
18,115,-4.143786430358887,2.290470600128174,2.0
18,116,-9.646827697753906,11.152981758117676,4.0
18,117,-10.281145095825195,5.548480987548828,93.0
18,118,-6.5723114013671875,3.7227485179901123,42.0
18,119,-25.080787658691406,8.08544635772705,43.0
18,120,-15.52878475189209,9.192591667175293,166.0
18,121,-2.0855603218078613,2.0040833950042725,1.0
18,122,-4.251645565032959,8.379789352416992,2.0
18,123,-18.769447326660156,10.445601463317871,46.0
18,124,-17.385669708251953,5.68918514251709,235.0
18,125,-19.979312896728516,27.935142517089844,318.0
18,126,-10.000226974487305,28.033750534057617,24.0
18,127,-27.5980224609375,991.7842407226562,2678.0
18,128,-3.4025931358337402,1.9749016761779785,4.0
18,129,-11.87075424194336,378.1826171875,232.0
18,130,-5.978217601776123,1.8181540966033936,5.0
18,131,-9.669378280639648,2.6298789978027344,9.0
18,132,-15.506476402282715,9.163341522216797,181.0
18,133,-13.91619873046875,3.5434787273406982,4.0
18,134,-5.39656925201416,2.942659854888916,3.0
18,135,-9.364988327026367,6.50777530670166,24.0
18,136,-19.828235626220703,27.24052619934082,638.0
18,137,-7.348967552185059,6.279195785522461,5.0
18,138,-10.799201011657715,14.87675952911377,619.0
18,139,-7.495905876159668,42.43412399291992,66.0
18,140,-29.60834312438965,8.288605690002441,40.0
18,141,-4.9136505126953125,2.6717405319213867,11.0
18,142,-2.304414749145508,1.5854732990264893,3.0
18,143,-2.929173231124878,2.0798449516296387,2.0
18,144,-10.893146514892578,53806.3359375,902.0
18,145,-13.398231506347656,5.337615489959717,12.0
18,146,-12.175200462341309,2.3860926628112793,5.0
18,147,-13.263201713562012,14.191459655761719,108.0
18,148,-9.16291332244873,3.702423572540283,4.0
20,0,-8.304948806762695,5.264518737792969,13.0
20,1,-6.483621597290039,3.657296895980835,7.0
20,2,-17.106971740722656,4.160274028778076,72.0
20,3,-6.955528259277344,3.187556505203247,10.0
20,4,-5.812265872955322,4.276206970214844,8.0
20,5,-12.787071228027344,70.97709655761719,19.0
20,6,-1.519049048423767,1.3550113439559937,1.0
20,7,-7.263526916503906,4.27466344833374,5.0
20,8,-11.873865127563477,10.748573303222656,27.0
20,9,-11.55313777923584,10.080747604370117,1151.0
20,10,-3.4995322227478027,5.7532572746276855,2.0
20,11,-6.527107238769531,5.112951278686523,36.0
20,12,-9.848115921020508,2.9868969917297363,5.0
20,13,-10.328607559204102,5.592545509338379,13.0
20,14,-6.673717498779297,3.7990214824676514,5.0
20,15,-18.0655517578125,37.08121109008789,254.0
20,16,-11.280674934387207,16.779680252075195,32.0
20,17,-15.980140686035156,5.903652667999268,16.0
20,18,-6.196893692016602,22.163501739501953,28.0
20,19,-15.600820541381836,22.650096893310547,23.0
20,20,-11.222622871398926,16.53791618347168,157.0
20,21,-13.482872009277344,29.09941291809082,1832.0
20,22,-14.43502426147461,4.235504627227783,10.0
20,23,-12.342244148254395,11.804123878479004,11.0
20,24,-19.240360260009766,11.07892894744873,44.0
20,25,-12.589536666870117,12.402616500854492,28.0
20,26,-2.1595451831817627,1.5401949882507324,3.0
20,27,-21.400178909301758,10.781132698059082,431.0
20,28,-5.324185848236084,3.7850019931793213,3.0
20,29,-3.465686798095703,2.378385066986084,2.0
20,30,-4.784463882446289,4.927448272705078,3.0
20,31,-8.778158187866211,4.3190107345581055,17.0
20,32,-5.862248420715332,18.748695373535156,20.0
20,33,-4.323757648468018,2.9474472999572754,5.0
20,34,-18.684288024902344,7.972769737243652,59.0
20,35,-2.696159839630127,2.4564566612243652,1.0
20,36,-8.311334609985352,15.965734481811523,113.0
20,37,-4.541344165802002,4.543880462646484,4.0
20,38,-5.895595550537109,4.366225242614746,3.0
20,39,-5.596002578735352,2.5412778854370117,12.0
20,40,-7.321730613708496,4.324714660644531,7.0
20,41,-12.46149730682373,63.677574157714844,269.0
20,42,-3.40653657913208,2.343473196029663,2.0
20,43,-8.098702430725098,57.360233306884766,18.0
20,44,-4.134744644165039,2.286332368850708,2.0
20,45,-11.877269744873047,10.755894660949707,45.0
20,46,-8.70144271850586,3.466214895248413,4.0
20,47,-2.0089328289031982,1.3976917266845703,2.0
20,48,-2.045952558517456,1.6677712202072144,3.0
20,49,-25.340106964111328,10.010615348815918,132.0
20,50,-15.342795372009277,6.806304931640625,33.0
20,51,-9.921876907348633,3.4564244747161865,5.0
20,52,-4.357350826263428,2.0672621726989746,8.0
20,53,-18.5658016204834,10.183055877685547,41.0
20,54,-18.40023422241211,21.471054077148438,8.0
20,55,-8.556483268737793,4.162353038787842,23.0
20,56,-10.75837230682373,36.093910217285156,27.0
20,57,-17.098499298095703,71.85317993164062,149.0
20,58,-14.960493087768555,6.488696575164795,77.0
20,59,-6.287323951721191,2.455153226852417,8.0
20,60,-17.728370666503906,4.381381988525391,7.0
20,61,-6.033996105194092,4.519941329956055,3.0
20,62,-5.8164262771606445,2.0689749717712402,3.0
20,63,-8.838401794433594,3.534701347351074,151.0
20,64,-8.589132308959961,2.360593795776367,7.0
20,65,-6.785981178283691,3.885284423828125,3.0
20,66,-8.237197875976562,2.8000848293304443,47.0
20,67,-10.714787483215332,3.288830280303955,40.0
20,68,-4.572901725769043,1.9218181371688843,4.0
20,69,-27.942386627197266,4.352071762084961,75.0
20,70,-11.44776725769043,9.870528221130371,91.0
20,71,-8.478575706481934,2.885857105255127,5.0
20,72,-8.15320110321045,2.770838975906372,5.0
20,73,-7.744597434997559,2.364367961883545,3.0
20,74,-2.3435072898864746,1.7965655326843262,2.0
20,75,-4.130893230438232,2.808704376220703,10.0
20,76,-12.613595962524414,3.1477582454681396,6.0
20,77,-10.951053619384766,3.9309520721435547,417.0
20,78,-13.184767723083496,6.5767340660095215,12.0
20,79,-5.1743693351745605,13.292296409606934,15.0
20,80,-17.371601104736328,76.93033599853516,193.0
20,81,-5.2773566246032715,1.7974570989608765,2.0
20,82,-4.490018367767334,3.072540044784546,4.0
20,83,-21.3527774810791,6.96683931350708,66.0
20,84,-1.8473275899887085,1.8510922193527222,1.0
20,85,-9.672736167907715,25.134599685668945,45.0
20,86,-6.443692684173584,25.074373245239258,33.0
20,87,-15.805156707763672,7.21126651763916,14.0
20,88,-11.95555591583252,53.79526138305664,14.0
20,89,-9.563236236572266,24.233726501464844,32.0
20,90,-4.127131462097168,7.873996734619141,5.0
20,91,-7.720663070678711,6.890652179718018,6.0
20,92,-4.0714945793151855,1.9710816144943237,3.0
20,93,-30.46739387512207,160.43663024902344,549.0
20,94,-13.733848571777344,5.56630277633667,125.0
20,95,-2.2049362659454346,1.7353932857513428,1.0
20,96,-10.620372772216797,14.226311683654785,9.0
20,97,-4.795637607574463,4.945835590362549,2.0
20,98,-4.714761734008789,3.250115394592285,12.0
20,99,-6.770063400268555,2.1217246055603027,8.0
20,100,-1.9992603063583374,2.7172765731811523,3.0
20,101,-7.109685897827148,4.145142555236816,91.0
20,102,-7.389693737030029,2.5186216831207275,5.0
20,103,-3.5818519592285156,2.046989917755127,3.0
20,104,-15.788495063781738,9.540056228637695,17.0
20,105,-10.521306037902832,33.351478576660156,107.0
20,106,-11.310539245605469,9.603309631347656,13.0
20,107,-18.258159637451172,20.968612670898438,3980.0
20,108,-25.32623291015625,12.586481094360352,700.0
20,109,-6.04127311706543,3.3476364612579346,8.0
20,110,-8.511672973632812,8.397366523742676,14.0
20,111,-6.695387840270996,2.3092517852783203,9.0
20,112,-8.262975692749023,7.891166687011719,18.0
20,113,-12.314315795898438,2.7904224395751953,72.0
20,114,-6.277534484863281,8.105244636535645,7.0
20,115,-3.828023910522461,2.150294542312622,2.0
20,116,-9.910545349121094,11.91307258605957,4.0
20,117,-9.79887580871582,5.1199564933776855,85.0
20,118,-6.515904903411865,3.6809868812561035,42.0
20,119,-24.4024658203125,7.641079425811768,38.0
20,120,-15.219688415527344,8.795509338378906,140.0
20,121,-2.0340089797973633,1.9699398279190063,2.0
20,122,-4.037126064300537,7.527500629425049,2.0
20,123,-18.417369842529297,9.995862007141113,38.0
20,124,-17.032146453857422,5.491572380065918,207.0
20,125,-20.016788482666016,28.11016845703125,314.0
20,126,-9.661360740661621,25.039472579956055,17.0
20,127,-27.638492584228516,1001.86962890625,2710.0
20,128,-3.192702293395996,1.8937149047851562,4.0
20,129,-11.598573684692383,330.0640869140625,226.0
20,130,-5.9815521240234375,1.8187603950500488,5.0
20,131,-8.86836051940918,2.4274373054504395,8.0
20,132,-15.501947402954102,9.157414436340332,183.0
20,133,-13.83399772644043,3.5170977115631104,3.0
20,134,-5.378379821777344,2.931974172592163,3.0
20,135,-9.106704711914062,6.180140018463135,19.0
20,136,-19.881267547607422,27.48236656188965,622.0
20,137,-6.7956862449646,5.468047142028809,5.0
20,138,-10.860438346862793,15.106266021728516,610.0
20,139,-7.514345169067383,42.82716369628906,61.0
20,140,-29.268386840820312,8.089759826660156,36.0
20,141,-4.686793327331543,2.5532286167144775,11.0
20,142,-2.234349489212036,1.5634108781814575,3.0
20,143,-2.7658257484436035,1.9966213703155518,2.0
20,144,-10.873929977416992,52782.23828125,859.0
20,145,-13.074993133544922,5.126248836517334,12.0
20,146,-11.953033447265625,2.3485262393951416,5.0
20,147,-12.903746604919434,13.207030296325684,83.0
20,148,-8.884505271911621,3.558058261871338,4.0
22,0,-8.06457805633545,5.01741886138916,11.0
22,1,-6.067868709564209,3.365490436553955,6.0
22,2,-17.830421447753906,4.418801307678223,119.0
22,3,-6.749892234802246,3.0801613330841064,10.0
22,4,-5.79982852935791,4.262931823730469,8.0
22,5,-12.723796844482422,69.49576568603516,19.0
22,6,-1.5540677309036255,1.3645347356796265,1.0
22,7,-7.216541290283203,4.234682083129883,5.0
22,8,-11.665532112121582,10.309920310974121,27.0
22,9,-11.638775825500488,10.25489616394043,1103.0
22,10,-3.4054250717163086,5.488815784454346,2.0
22,11,-6.438766002655029,5.001267910003662,35.0
22,12,-9.549997329711914,2.8895790576934814,6.0
22,13,-10.243919372558594,5.514162540435791,13.0
22,14,-6.854386329650879,3.9388046264648438,5.0
22,15,-18.3824405670166,39.50740432739258,287.0
22,16,-11.136486053466797,16.185592651367188,31.0
22,17,-15.77815055847168,5.772630214691162,16.0
22,18,-6.0736799240112305,20.83928680419922,26.0
22,19,-15.24559497833252,21.096750259399414,19.0
22,20,-10.719159126281738,14.582027435302734,100.0
22,21,-13.418179512023926,28.632570266723633,1794.0
22,22,-13.994535446166992,4.052984237670898,10.0
22,23,-12.168663024902344,11.401358604431152,11.0
22,24,-18.51952362060547,10.124320030212402,42.0
22,25,-12.710492134094238,12.706308364868164,30.0
22,26,-2.182107925415039,1.5471608638763428,3.0
22,27,-21.097095489501953,10.424113273620605,375.0
22,28,-5.061822891235352,3.544707775115967,3.0
22,29,-3.4688615798950195,2.3802735805511475,2.0
22,30,-4.698362827301025,4.788039207458496,3.0
22,31,-8.702244758605957,4.264709949493408,16.0
22,32,-5.906317234039307,19.166397094726562,20.0
22,33,-4.166562557220459,2.833862543106079,4.0
22,34,-18.519182205200195,7.827841758728027,56.0
22,35,-2.6889233589172363,2.450538396835327,1.0
22,36,-8.344034194946289,16.140710830688477,115.0
22,37,-4.418814659118652,4.362032890319824,4.0
22,38,-5.787850379943848,4.250185489654541,3.0
22,39,-5.472072601318359,2.489326238632202,10.0
22,40,-7.147639274597168,4.176726818084717,7.0
22,41,-12.502362251281738,64.55091094970703,282.0
22,42,-3.411426067352295,2.346339464187622,2.0
22,43,-7.594751358032227,44.58402633666992,15.0
22,44,-3.2434444427490234,1.9130311012268066,2.0
22,45,-11.68515396118164,10.350459098815918,34.0
22,46,-8.549713134765625,3.3918912410736084,4.0
22,47,-1.9488449096679688,1.3837642669677734,2.0
22,48,-1.9471694231033325,1.6270887851715088,3.0
22,49,-25.115482330322266,9.808268547058105,111.0
22,50,-15.32396125793457,6.790300369262695,28.0
22,51,-9.754897117614746,3.3850278854370117,5.0
22,52,-4.160463809967041,2.0005269050598145,7.0
22,53,-17.774089813232422,9.22356128692627,40.0
22,54,-18.758516311645508,22.792221069335938,8.0
22,55,-8.3159761428833,3.9988067150115967,20.0
22,56,-10.615013122558594,34.409671783447266,24.0
22,57,-16.954448699951172,69.31159210205078,139.0
22,58,-14.894142150878906,6.435102939605713,72.0
22,59,-6.349687099456787,2.477123975753784,8.0
22,60,-17.099878311157227,4.157815456390381,7.0
22,61,-5.91748046875,4.39017915725708,3.0
22,62,-5.409219741821289,1.9662977457046509,2.0
22,63,-8.583540916442871,3.4083220958709717,150.0
22,64,-8.452250480651855,2.3285019397735596,6.0
22,65,-6.747838497161865,3.85575795173645,3.0
22,66,-8.142083168029785,2.766990900039673,49.0
22,67,-10.34769058227539,3.1573827266693115,39.0
22,68,-4.2881245613098145,1.8452028036117554,2.0
22,69,-27.402572631835938,4.230164051055908,74.0
22,70,-11.08480167388916,9.179387092590332,81.0
22,71,-8.256180763244629,2.806736946105957,4.0
22,72,-7.852363109588623,2.668576955795288,5.0
22,73,-7.400851249694824,2.275766372680664,2.0
22,74,-2.461120128631592,1.8501746654510498,2.0
22,75,-4.1415228843688965,2.816178321838379,10.0
22,76,-12.278624534606934,3.0533478260040283,6.0
22,77,-10.550740242004395,3.739090919494629,377.0
22,78,-12.838123321533203,6.2589826583862305,12.0
22,79,-4.982812881469727,12.078251838684082,13.0
22,80,-17.24762535095215,74.58253479003906,183.0
22,81,-4.9742889404296875,1.737937092781067,2.0
22,82,-4.205235481262207,2.861393928527832,4.0
22,83,-20.534908294677734,6.467630863189697,58.0
22,84,-1.7577513456344604,1.796638011932373,1.0
22,85,-9.495850563049316,23.695459365844727,41.0
22,86,-6.348690032958984,23.91115379333496,32.0
22,87,-15.622259140014648,7.048271179199219,13.0
22,88,-11.661832809448242,48.77791213989258,13.0
22,89,-9.6024808883667,24.552824020385742,32.0
22,90,-4.005530834197998,7.409518241882324,5.0
22,91,-7.8553547859191895,7.126631736755371,6.0
22,92,-3.9515795707702637,1.9320788383483887,2.0
22,93,-30.429275512695312,159.4206085205078,549.0
22,94,-13.777904510498047,5.597041130065918,131.0
22,95,-2.1430439949035645,1.7087481021881104,1.0
22,96,-10.621703147888184,14.23104476928711,9.0
22,97,-4.849480152130127,5.035401821136475,2.0
22,98,-4.675467014312744,3.2183432579040527,11.0
22,99,-6.583459377288818,2.078186273574829,8.0
22,100,-1.8869863748550415,2.568939447402954,3.0
22,101,-6.8135151863098145,3.9067392349243164,80.0
22,102,-7.183389663696289,2.4545016288757324,3.0
22,103,-3.6336171627044678,2.0682926177978516,3.0
22,104,-15.757932662963867,9.498494148254395,17.0
22,105,-10.51298713684082,33.25912094116211,106.0
22,106,-11.277753829956055,9.540547370910645,12.0
22,107,-18.08580207824707,20.37483024597168,3828.0
22,108,-25.226791381835938,12.461939811706543,713.0
22,109,-5.698737144470215,3.125978469848633,8.0
22,110,-8.425705909729004,8.218818664550781,13.0
22,111,-6.521946907043457,2.259725332260132,9.0
22,112,-8.303590774536133,7.9716997146606445,18.0
22,113,-12.27424430847168,2.7811198234558105,64.0
22,114,-6.276032447814941,8.101187705993652,8.0
22,115,-3.713055372238159,2.1014151573181152,2.0
22,116,-10.068914413452148,12.394200325012207,4.0
22,117,-9.130520820617676,4.580249309539795,59.0
22,118,-6.323794841766357,3.542238712310791,36.0
22,119,-23.97573471069336,7.374129772186279,28.0
22,120,-14.673639297485352,8.13547420501709,109.0
22,121,-2.046609878540039,1.978231430053711,2.0
22,122,-3.747201442718506,6.511701583862305,2.0
22,123,-18.114086151123047,9.624007225036621,34.0
22,124,-16.80244255065918,5.366866588592529,199.0
22,125,-19.915019989013672,27.637401580810547,327.0
22,126,-9.474517822265625,23.527563095092773,15.0
22,127,-27.412179946899414,946.7593383789062,2712.0
22,128,-3.0355279445648193,1.83511221408844,3.0
22,129,-11.361844062805176,293.21966552734375,215.0
22,130,-5.932541847229004,1.809868574142456,5.0
22,131,-8.256902694702148,2.283456325531006,6.0
22,132,-15.199288368225098,8.769912719726562,161.0
22,133,-13.840502738952637,3.5191781520843506,3.0
22,134,-5.447786331176758,2.9729576110839844,3.0
22,135,-8.93614387512207,5.972877502441406,17.0
22,136,-19.751861572265625,26.895980834960938,555.0
22,137,-6.5665411949157715,5.163607120513916,4.0
22,138,-10.90738296508789,15.284599304199219,586.0
22,139,-7.702363014221191,47.048622131347656,66.0
22,140,-29.04143524169922,7.9596757888793945,36.0
22,141,-4.524988651275635,2.471926212310791,11.0
22,142,-2.175682306289673,1.5451738834381104,3.0
22,143,-2.564690351486206,1.8987059593200684,2.0
22,144,-10.796356201171875,48842.50390625,813.0
22,145,-12.941752433776855,5.041577339172363,12.0
22,146,-11.95236873626709,2.348414897918701,5.0
22,147,-12.443269729614258,12.045051574707031,71.0
22,148,-8.63681697845459,3.434361696243286,4.0
24,0,-7.6575422286987305,4.625148296356201,9.0
24,1,-5.819692611694336,3.202521800994873,5.0
24,2,-17.775821685791016,4.398741722106934,113.0
24,3,-6.443151473999023,2.9266505241394043,9.0
24,4,-5.7147321701049805,4.173199653625488,8.0
24,5,-12.860204696655273,72.72862243652344,20.0
24,6,-1.5995928049087524,1.3770155906677246,1.0
24,7,-7.097082138061523,4.134706497192383,5.0
24,8,-11.529233932495117,10.032670021057129,27.0
24,9,-11.768019676208496,10.52342700958252,1010.0
24,10,-3.4021754264831543,5.479904651641846,2.0
24,11,-6.391596794128418,4.942637920379639,34.0
24,12,-9.09587287902832,2.7473931312561035,7.0
24,13,-9.975044250488281,5.272514820098877,11.0
24,14,-7.03878116607666,4.086775302886963,5.0
24,15,-18.670957565307617,41.85417175292969,310.0
24,16,-11.039630889892578,15.798385620117188,29.0
24,17,-15.688861846923828,5.715643882751465,15.0
24,18,-5.9242095947265625,19.338632583618164,25.0
24,19,-14.873943328857422,19.58548355102539,16.0
24,20,-10.197929382324219,12.80047607421875,73.0
24,21,-13.365447044372559,28.25758171081543,1750.0
24,22,-13.656450271606445,3.9182496070861816,9.0
24,23,-11.954231262207031,10.922734260559082,10.0
24,24,-17.877805709838867,9.343917846679688,39.0
24,25,-12.825021743774414,13.000716209411621,31.0
24,26,-2.2257142066955566,1.5607131719589233,3.0
24,27,-20.707496643066406,9.982494354248047,302.0
24,28,-4.927792549133301,3.427901029586792,3.0
24,29,-3.4382617473602295,2.3621339797973633,2.0
24,30,-4.656140327453613,4.721123218536377,3.0
24,31,-8.539299011230469,4.150448799133301,16.0
24,32,-6.012216567993164,20.208600997924805,23.0
24,33,-4.032503604888916,2.740460157394409,4.0
24,34,-18.482385635375977,7.79590368270874,56.0
24,35,-2.732936382293701,2.48675537109375,1.0
24,36,-8.396974563598633,16.428070068359375,119.0
24,37,-4.345656394958496,4.256947040557861,4.0
24,38,-5.701562881469727,4.159482955932617,3.0
24,39,-5.461884498596191,2.485102891921997,10.0
24,40,-6.99019718170166,4.047257423400879,7.0
24,41,-12.643813133239746,67.66738891601562,290.0
24,42,-3.4749250411987305,2.3838844299316406,2.0
24,43,-6.973701000213623,32.68285369873047,14.0
24,44,-2.5014584064483643,1.6492023468017578,2.0
24,45,-11.663637161254883,10.306012153625488,30.0
24,46,-8.574179649353027,3.4037673473358154,4.0
24,47,-1.861323356628418,1.3637259006500244,1.0
24,48,-1.7946568727493286,1.566218614578247,1.0
24,49,-24.67363739013672,9.422100067138672,96.0
24,50,-14.744011878967285,6.315465450286865,24.0
24,51,-9.630435943603516,3.3327722549438477,5.0
24,52,-3.962191581726074,1.9354990720748901,6.0
24,53,-17.1157283782959,8.494900703430176,43.0
24,54,-18.751827239990234,22.766826629638672,7.0
24,55,-8.206140518188477,3.9262707233428955,19.0
24,56,-10.589863777160645,34.12242126464844,24.0
24,57,-16.702852249145508,65.08622741699219,125.0
24,58,-14.824991226196289,6.37971830368042,69.0
24,59,-6.397838115692139,2.4942219257354736,8.0
24,60,-16.346769332885742,3.9048943519592285,6.0
24,61,-5.73818302154541,4.197737693786621,3.0
24,62,-5.06633186340332,1.883800983428955,2.0
24,63,-8.250935554504395,3.2501628398895264,152.0
24,64,-8.23430061340332,2.2783010005950928,5.0
24,65,-6.703365325927734,3.821614980697632,3.0
24,66,-7.99817419052124,2.7176616191864014,49.0
24,67,-9.988716125488281,3.0339252948760986,39.0
24,68,-4.0663275718688965,1.7876536846160889,1.0
24,69,-26.78645896911621,4.0951924324035645,69.0
24,70,-10.830358505249023,8.723945617675781,68.0
24,71,-7.890781879425049,2.6814231872558594,3.0
24,72,-7.465570449829102,2.542623281478882,4.0
24,73,-6.9288763999938965,2.159496545791626,2.0
24,74,-2.5334575176239014,1.883938193321228,2.0
24,75,-4.0442214012146,2.748500108718872,9.0
24,76,-11.860687255859375,2.93951416015625,6.0
24,77,-10.1199951171875,3.543090343475342,314.0
24,78,-12.222639083862305,5.732153415679932,10.0
24,79,-4.874309062957764,11.440441131591797,14.0
24,80,-16.94979476928711,69.23099517822266,167.0
24,81,-4.9268670082092285,1.7288037538528442,2.0
24,82,-4.097871780395508,2.7856128215789795,5.0
24,83,-19.920289993286133,6.116166591644287,47.0
24,84,-1.706485629081726,1.7661967277526855,1.0
24,85,-9.463090896606445,23.4381160736084,38.0
24,86,-6.178406715393066,21.959575653076172,29.0
24,87,-15.451436996459961,6.899366855621338,12.0
24,88,-11.516182899475098,46.46631622314453,13.0
24,89,-9.647546768188477,24.924442291259766,33.0
24,90,-3.8774197101593018,6.949779033660889,5.0
24,91,-8.02314281463623,7.431931018829346,6.0
24,92,-3.971147060394287,1.9383902549743652,2.0
24,93,-30.650344848632812,165.4039764404297,577.0
24,94,-13.886571884155273,5.673586845397949,139.0
24,95,-2.110805034637451,1.6950315237045288,2.0
24,96,-10.715087890625,14.567193031311035,11.0
24,97,-4.826351165771484,4.996729850769043,2.0
24,98,-4.792200088500977,3.3136489391326904,11.0
24,99,-6.2820281982421875,2.009735584259033,8.0
24,100,-1.7369166612625122,2.3832337856292725,3.0
24,101,-6.528467655181885,3.6902475357055664,65.0
24,102,-6.911717414855957,2.3725485801696777,3.0
24,103,-3.650240659713745,2.0751802921295166,3.0
24,104,-15.755399703979492,9.49505615234375,17.0
24,105,-10.326913833618164,31.258913040161133,94.0
24,106,-11.301443099975586,9.585856437683105,12.0
24,107,-18.005455017089844,20.103805541992188,3583.0
24,108,-25.11166763305664,12.319296836853027,754.0
24,109,-5.410253524780273,2.9507243633270264,8.0
24,110,-8.427239418029785,8.221969604492188,13.0
24,111,-6.429093837738037,2.233649492263794,8.0
24,112,-8.37645149230957,8.11823558807373,18.0
24,113,-12.166971206665039,2.756369113922119,59.0
24,114,-6.291358470916748,8.142682075500488,8.0
24,115,-3.5891144275665283,2.0499653816223145,2.0
24,116,-10.112358093261719,12.529545783996582,4.0
24,117,-8.69460391998291,4.25928258895874,48.0
24,118,-5.985958576202393,3.3108062744140625,29.0
24,119,-23.45073127746582,7.058464527130127,25.0
24,120,-14.39594554901123,7.81905460357666,93.0
24,121,-2.00105619430542,1.9484199285507202,2.0
24,122,-3.515146255493164,5.798348426818848,2.0
24,123,-17.969560623168945,9.451704978942871,31.0
24,124,-16.603790283203125,5.26130485534668,161.0
24,125,-19.940570831298828,27.75534439086914,371.0
24,126,-9.517166137695312,23.864421844482422,13.0
24,127,-27.366748809814453,936.067138671875,2672.0
24,128,-2.8862802982330322,1.781144380569458,3.0
24,129,-11.183414459228516,268.1930847167969,201.0
24,130,-5.885009288787842,1.8012861013412476,5.0
24,131,-7.906818866729736,2.204899549484253,8.0
24,132,-15.011695861816406,8.538009643554688,144.0
24,133,-13.667821884155273,3.464364767074585,3.0
24,134,-5.452950477600098,2.976029872894287,3.0
24,135,-8.849963188171387,5.870810031890869,16.0
24,136,-19.710386276245117,26.710704803466797,541.0
24,137,-6.277410507202148,4.803537368774414,4.0
24,138,-11.043160438537598,15.812332153320312,597.0
24,139,-7.51190710067749,42.774986267089844,57.0
24,140,-28.932252883911133,7.8978424072265625,33.0
24,141,-4.311657905578613,2.3686769008636475,11.0
24,142,-2.0814576148986816,1.5163277387619019,2.0
24,143,-2.4133243560791016,1.8281985521316528,2.0
24,144,-10.689157485961914,43877.5234375,752.0
24,145,-12.800716400146484,4.9534759521484375,12.0
24,146,-11.870291709899902,2.3346872329711914,5.0
24,147,-12.207005500793457,11.489126205444336,58.0
24,148,-8.355072021484375,3.298875570297241,3.0
26,0,-7.484797477722168,4.468082904815674,9.0
26,1,-5.717423915863037,3.137683391571045,5.0
26,2,-17.857868194580078,4.428919792175293,116.0
26,3,-6.299773216247559,2.8575429916381836,8.0
26,4,-5.571777820587158,4.026689052581787,7.0
26,5,-12.851757049560547,72.52409362792969,20.0
26,6,-1.6346101760864258,1.3866932392120361,1.0
26,7,-6.881593227386475,3.9602956771850586,5.0
26,8,-11.346163749694824,9.671977043151855,26.0
26,9,-11.782175064086914,10.553263664245605,967.0
26,10,-3.365736484527588,5.38096809387207,2.0
26,11,-6.461043834686279,5.029200077056885,35.0
26,12,-8.756880760192871,2.6458351612091064,7.0
26,13,-9.781333923339844,5.10500955581665,10.0
26,14,-7.034372329711914,4.0831732749938965,4.0
26,15,-18.994770050048828,44.65445327758789,345.0
26,16,-11.095531463623047,16.020719528198242,27.0
26,17,-15.793352127075195,5.782388687133789,14.0
26,18,-5.887934684753418,18.99104118347168,26.0
26,19,-14.835914611816406,19.43708610534668,15.0
26,20,-9.892365455627441,11.859050750732422,63.0
26,21,-13.313122749328613,27.890348434448242,1676.0
26,22,-13.473186492919922,3.8470964431762695,8.0
26,23,-11.805431365966797,10.602463722229004,9.0
26,24,-17.452871322631836,8.860550880432129,37.0
26,25,-12.746452331542969,12.798019409179688,33.0
26,26,-2.2508461475372314,1.568577527999878,3.0
26,27,-20.446643829345703,9.697318077087402,273.0
26,28,-4.726914405822754,3.2600045204162598,2.0
26,29,-3.3941550254821777,2.336230516433716,2.0
26,30,-4.560409069061279,4.572848796844482,3.0
26,31,-8.401469230651855,4.056192874908447,16.0
26,32,-6.088004112243652,20.98907470703125,24.0
26,33,-3.855746030807495,2.621997594833374,4.0
26,34,-18.310901641845703,7.648768901824951,57.0
26,35,-2.7290759086608887,2.4835574626922607,2.0
26,36,-8.507658004760742,17.045495986938477,127.0
26,37,-4.35504150390625,4.270284652709961,4.0
26,38,-5.633552551269531,4.089358806610107,3.0
26,39,-5.590060234069824,2.538762331008911,9.0
26,40,-7.02207088470459,4.073139667510986,7.0
26,41,-12.777438163757324,70.74954986572266,293.0
26,42,-3.479498863220215,2.3866117000579834,2.0
26,43,-6.657098770141602,27.897844314575195,14.0
26,44,-2.022439956665039,1.4985350370407104,1.0
26,45,-11.626590728759766,10.229934692382812,29.0
26,46,-8.424470901489258,3.3317437171936035,4.0
26,47,-1.8438258171081543,1.3597546815872192,2.0
26,48,-1.6848888397216797,1.5238227844238281,1.0
26,49,-24.231605529785156,9.050981521606445,83.0
26,50,-14.323649406433105,5.992185115814209,22.0
26,51,-9.425848007202148,3.248622417449951,5.0
26,52,-3.728597402572632,1.8615936040878296,4.0
26,53,-16.764789581298828,8.1303071975708,43.0
26,54,-18.749347686767578,22.757421493530273,6.0
26,55,-8.082314491271973,3.8460724353790283,19.0
26,56,-10.551848411560059,33.692752838134766,22.0
26,57,-16.47732925415039,61.51815414428711,107.0
26,58,-14.873329162597656,6.41838264465332,68.0
26,59,-6.375502586364746,2.486276149749756,10.0
26,60,-15.778264045715332,3.724212169647217,6.0
26,61,-5.49124813079834,3.946432590484619,2.0
26,62,-4.690796852111816,1.7974151372909546,2.0
26,63,-8.022756576538086,3.145925283432007,152.0
26,64,-8.074896812438965,2.242272138595581,5.0
26,65,-6.732491493225098,3.8439414501190186,3.0
26,66,-7.844977378845215,2.666114330291748,50.0
26,67,-9.691813468933105,2.935471773147583,39.0
26,68,-3.86911940574646,1.7379937171936035,1.0
26,69,-26.40182113647461,4.013122081756592,67.0
26,70,-10.730548858642578,8.55152702331543,61.0
26,71,-7.625522613525391,2.5939722061157227,3.0
26,72,-7.050067901611328,2.413935661315918,3.0
26,73,-6.575270652770996,2.076296091079712,2.0
26,74,-2.546774387359619,1.8902207612991333,2.0
26,75,-4.077208518981934,2.7712600231170654,9.0
26,76,-11.464388847351074,2.835496664047241,6.0
26,77,-9.769767761230469,3.3913259506225586,281.0
26,78,-11.98836898803711,5.543489933013916,10.0
26,79,-4.813619136810303,11.098495483398438,12.0
26,80,-16.61910629272461,63.73772430419922,154.0
26,81,-4.741589069366455,1.693577766418457,2.0
26,82,-4.116596698760986,2.7986836433410645,5.0
26,83,-19.485397338867188,5.879076957702637,44.0
26,84,-1.6737308502197266,1.7470178604125977,1.0
26,85,-9.405658721923828,22.993684768676758,34.0
26,86,-6.0310211181640625,20.399503707885742,24.0
26,87,-15.202962875366211,6.688371181488037,11.0
26,88,-11.44845199584961,45.42899703979492,12.0
26,89,-9.655595779418945,24.99140167236328,32.0
26,90,-3.756693124771118,6.542678356170654,5.0
26,91,-8.471101760864258,8.31262493133545,6.0
26,92,-3.992384195327759,1.945263385772705,2.0
26,93,-30.736129760742188,167.7858123779297,589.0
26,94,-13.762968063354492,5.5866007804870605,133.0
26,95,-2.0583338737487793,1.6729414463043213,1.0
26,96,-10.633472442626953,14.272978782653809,10.0
26,97,-4.838569641113281,5.017122268676758,2.0
26,98,-4.82521390914917,3.341111183166504,10.0
26,99,-6.005032062530518,1.94882333278656,7.0
26,100,-1.6775343418121338,2.3135130405426025,3.0
26,101,-6.2492170333862305,3.4897964000701904,51.0
26,102,-6.702369689941406,2.311267852783203,3.0
26,103,-3.635089635848999,2.068901777267456,3.0
26,104,-15.75683307647705,9.497000694274902,15.0
26,105,-10.156746864318848,29.53518295288086,90.0
26,106,-11.23112964630127,9.451994895935059,12.0
26,107,-17.921852111816406,19.82562828063965,3369.0
26,108,-25.145057678222656,12.36050033569336,780.0
26,109,-5.238794326782227,2.8512539863586426,8.0
26,110,-8.39157772064209,8.148993492126465,13.0
26,111,-6.317831993103027,2.2027993202209473,8.0
26,112,-8.396662712097168,8.1593599319458,18.0
26,113,-12.234240531921387,2.7718639373779297,61.0
26,114,-6.218036651611328,7.946080684661865,8.0
26,115,-3.4755094051361084,2.003913164138794,2.0
26,116,-10.13857364654541,12.611932754516602,4.0
26,117,-8.529339790344238,4.1435651779174805,39.0
26,118,-5.824501037597656,3.2056028842926025,28.0
26,119,-22.98525047302246,6.789909839630127,22.0
26,120,-13.998299598693848,7.387261390686035,86.0
26,121,-1.9389357566833496,1.9084892272949219,2.0
26,122,-3.3179290294647217,5.2538676261901855,2.0
26,123,-17.65805435180664,9.090744972229004,30.0
26,124,-16.14352798461914,5.024634838104248,134.0
26,125,-19.924644470214844,27.68177032470703,376.0
26,126,-9.536399841308594,24.017911911010742,14.0
26,127,-27.43048095703125,951.1009521484375,2548.0
26,128,-2.572758436203003,1.6728883981704712,2.0
26,129,-11.207610130310059,271.4573669433594,200.0
26,130,-5.842790603637695,1.793697476387024,5.0
26,131,-7.664586544036865,2.1521313190460205,7.0
26,132,-14.89716911315918,8.399456024169922,137.0
26,133,-13.404571533203125,3.3824400901794434,3.0
26,134,-5.430155277252197,2.9624927043914795,3.0
26,135,-8.762887001037598,5.769454002380371,16.0
26,136,-19.657054901123047,26.474334716796875,526.0
26,137,-6.223804473876953,4.7395920753479,4.0
26,138,-11.106260299682617,16.063749313354492,596.0
26,139,-7.350632667541504,39.46113586425781,50.0
26,140,-28.716083526611328,7.776831150054932,34.0
26,141,-4.214179039001465,2.3229448795318604,10.0
26,142,-2.1033599376678467,1.5229847431182861,2.0
26,143,-2.217772960662842,1.740971326828003,2.0
26,144,-10.804990768432617,49266.0625,775.0
26,145,-12.463729858398438,4.749152660369873,12.0
26,146,-11.773223876953125,2.318556070327759,5.0
26,147,-12.015682220458984,11.057805061340332,55.0
26,148,-8.055212020874023,3.1605453491210938,3.0
28,0,-7.391485214233398,4.385470867156982,13.0
28,1,-5.9345526695251465,3.2769415378570557,6.0
28,2,-18.145137786865234,4.536223411560059,141.0
28,3,-6.147468566894531,2.785919666290283,8.0
28,4,-5.640244483947754,4.096205711364746,8.0
28,5,-12.912388801574707,74.00477600097656,24.0
28,6,-1.7174005508422852,1.4098455905914307,1.0
28,7,-6.669342994689941,3.795699119567871,5.0
28,8,-11.249159812927246,9.486141204833984,25.0
28,9,-12.009190559387207,11.04345703125,1035.0
28,10,-3.31564998626709,5.2478837966918945,2.0
28,11,-6.563956260681152,5.160271167755127,38.0
28,12,-8.365806579589844,2.5333287715911865,7.0
28,13,-9.548066139221191,4.910345554351807,9.0
28,14,-6.786201477050781,3.885455846786499,4.0
28,15,-19.630708694458008,50.71094512939453,444.0
28,16,-11.156271934509277,16.265851974487305,28.0
28,17,-15.790157318115234,5.780336380004883,12.0
28,18,-5.829199314117432,18.441429138183594,22.0
28,19,-14.839702606201172,19.451818466186523,15.0
28,20,-9.972880363464355,12.100177764892578,65.0
28,21,-13.203126907348633,27.13384246826172,1602.0
28,22,-13.317195892333984,3.787550926208496,7.0
28,23,-11.636350631713867,10.249920845031738,8.0
28,24,-17.069374084472656,8.445820808410645,35.0
28,25,-12.595787048339844,12.418129920959473,35.0
28,26,-2.2420847415924072,1.5658314228057861,3.0
28,27,-20.272613525390625,9.511606216430664,266.0
28,28,-4.664137363433838,3.209240674972534,2.0
28,29,-3.38525390625,2.3310375213623047,2.0
28,30,-4.553462028503418,4.562271595001221,3.0
28,31,-8.180643081665039,3.909621238708496,16.0
28,32,-6.197072982788086,22.165489196777344,28.0
28,33,-3.788775682449341,2.5784642696380615,3.0
28,34,-17.96976661682129,7.3642754554748535,51.0
28,35,-2.7946977615356445,2.5384812355041504,2.0
28,36,-8.624520301818848,17.72258949279785,133.0
28,37,-4.365572929382324,4.28530216217041,4.0
28,38,-5.66077995300293,4.1172895431518555,3.0
28,39,-5.729768753051758,2.5985705852508545,9.0
28,40,-6.988776683807373,4.046107769012451,7.0
28,41,-12.91755485534668,74.13230895996094,304.0
28,42,-3.50956654548645,2.4046194553375244,2.0
28,43,-6.426461219787598,24.85926628112793,14.0
28,44,-1.797180414199829,1.4325213432312012,1.0
28,45,-11.54944133758545,10.0733003616333,26.0
28,46,-8.387510299682617,3.3141982555389404,4.0
28,47,-1.8695299625396729,1.3655924797058105,2.0
28,48,-1.6588172912597656,1.5139230489730835,1.0
28,49,-24.033336639404297,8.889304161071777,75.0
28,50,-14.18903636932373,5.892200946807861,19.0
28,51,-9.450681686401367,3.2587223052978516,5.0
28,52,-3.509023666381836,1.7946988344192505,4.0
28,53,-16.66623306274414,8.030759811401367,42.0
28,54,-19.02233123779297,23.816734313964844,6.0
28,55,-8.074971199035645,3.8413679599761963,19.0
28,56,-10.566057205200195,33.85271453857422,22.0
28,57,-16.341800689697266,59.46870422363281,101.0
28,58,-15.012338638305664,6.5308837890625,65.0
28,59,-6.420331001281738,2.5022494792938232,11.0
28,60,-15.284189224243164,3.5739896297454834,6.0
28,61,-5.309795379638672,3.771409749984741,2.0
28,62,-4.415261268615723,1.7365626096725464,2.0
28,63,-7.8300604820251465,3.0605053901672363,151.0
28,64,-7.936403751373291,2.2114322185516357,5.0
28,65,-6.738406181335449,3.848491668701172,3.0
28,66,-7.778051853179932,2.6439037322998047,48.0
28,67,-9.515116691589355,2.8784019947052,38.0
28,68,-3.754183769226074,1.7096898555755615,1.0
28,69,-26.218509674072266,3.9745898246765137,67.0
28,70,-10.687858581542969,8.478824615478516,59.0
28,71,-7.2527055740356445,2.475861072540283,3.0
28,72,-6.691326141357422,2.308079481124878,3.0
28,73,-6.292983531951904,2.012183427810669,2.0
28,74,-2.6057167053222656,1.9182804822921753,2.0
28,75,-4.231293678283691,2.8800957202911377,14.0
28,76,-11.17860221862793,2.76277756690979,6.0
28,77,-9.379388809204102,3.229810953140259,233.0
28,78,-11.866071701049805,5.447480201721191,13.0
28,79,-4.840400218963623,11.248109817504883,12.0
28,80,-16.51015281677246,62.02503967285156,136.0
28,81,-4.615955352783203,1.6701006889343262,2.0
28,82,-4.173262596130371,2.838613271713257,5.0
28,83,-19.13899040222168,5.6968207359313965,40.0
28,84,-1.763838768005371,1.800287127494812,1.0
28,85,-9.371034622192383,22.72983169555664,32.0
28,86,-5.965200424194336,19.73907470703125,26.0
28,87,-15.245875358581543,6.724344253540039,12.0
28,88,-11.189786911010742,41.6761474609375,11.0
28,89,-9.601116180419922,24.541658401489258,32.0
28,90,-3.719287872314453,6.421450614929199,5.0
28,91,-8.88634204864502,9.221940994262695,6.0
28,92,-3.995589256286621,1.9463026523590088,2.0
28,93,-30.668319702148438,165.9002685546875,595.0
28,94,-13.516267776489258,5.416953086853027,126.0
28,95,-2.0293164253234863,1.6608493328094482,2.0
28,96,-10.249689102172852,12.96718978881836,9.0
28,97,-4.859244346618652,5.051817417144775,2.0
28,98,-4.7859907150268555,3.308509349822998,10.0
28,99,-5.922938346862793,1.931127905845642,7.0
28,100,-1.6912702322006226,2.3294570446014404,3.0
28,101,-6.044366359710693,3.349708080291748,36.0
28,102,-6.57686710357666,2.275291919708252,3.0
28,103,-3.5844204425811768,2.048041582107544,4.0
28,104,-15.593843460083008,9.278425216674805,15.0
28,105,-10.04507827758789,28.456010818481445,81.0
28,106,-11.187854766845703,9.3705415725708,12.0
28,107,-17.907730102539062,19.779020309448242,3434.0
28,108,-25.240367889404297,12.47887134552002,762.0
28,109,-5.217097282409668,2.8389079570770264,8.0
28,110,-8.290011405944824,7.9446821212768555,13.0
28,111,-6.305285453796387,2.1993472576141357,8.0
28,112,-8.365979194641113,8.09700870513916,18.0
28,113,-11.988386154174805,2.7156522274017334,44.0
28,114,-6.042208671569824,7.493751525878906,7.0
28,115,-3.3234963417053223,1.9439057111740112,2.0
28,116,-10.217798233032227,12.864216804504395,4.0
28,117,-8.38632869720459,4.045970439910889,33.0
28,118,-5.752279758453369,3.159633159637451,27.0
28,119,-22.62841796875,6.590976715087891,15.0
28,120,-13.838768005371094,7.220808029174805,81.0
28,121,-1.8965016603469849,1.8816843032836914,2.0
28,122,-3.3701932430267334,5.392971992492676,2.0
28,123,-17.627504348754883,9.056095123291016,31.0
28,124,-15.749665260314941,4.830580234527588,127.0
28,125,-20.004173278808594,28.051132202148438,378.0
28,126,-9.587034225463867,24.426729202270508,13.0
28,127,-27.47446060180664,961.615966796875,2620.0
28,128,-2.3341169357299805,1.5949196815490723,2.0
28,129,-11.360827445983887,293.0706481933594,210.0
28,130,-5.879632472991943,1.8003177642822266,5.0
28,131,-7.701364517211914,2.1600611209869385,8.0
28,132,-15.097611427307129,8.643448829650879,140.0
28,133,-13.131208419799805,3.2994184494018555,4.0
28,134,-5.35231876373291,2.9167320728302,3.0
28,135,-8.627737045288086,5.615594387054443,15.0
28,136,-19.60519027709961,26.24647331237793,471.0
28,137,-6.115924835205078,4.613474369049072,4.0
28,138,-11.008434295654297,15.675650596618652,575.0
28,139,-7.376076698303223,39.96636962890625,51.0
28,140,-28.732982635498047,7.786223888397217,35.0
28,141,-4.215860843658447,2.3237266540527344,10.0
28,142,-2.2181787490844727,1.5583628416061401,3.0
28,143,-2.1443989276885986,1.7093271017074585,2.0
28,144,-10.8395414352417,50997.9921875,791.0
28,145,-12.240504264831543,4.618467807769775,11.0
28,146,-11.673393249511719,2.30208158493042,5.0
28,147,-11.857985496520996,10.714489936828613,51.0
28,148,-7.809030055999756,3.0513241291046143,3.0
30,0,-7.334558486938477,4.335824489593506,13.0
30,1,-5.856239318847656,3.226015567779541,5.0
30,2,-18.115415573120117,4.525001525878906,159.0
30,3,-6.122430801391602,2.7743184566497803,8.0
30,4,-5.6756181716918945,4.1325907707214355,8.0
30,5,-12.901622772216797,73.73967742919922,22.0
30,6,-1.7698218822479248,1.4247045516967773,1.0
30,7,-6.521914005279541,3.6854135990142822,4.0
30,8,-11.169157028198242,9.335565567016602,25.0
30,9,-11.927292823791504,10.864042282104492,985.0
30,10,-3.3658969402313232,5.381399631500244,2.0
30,11,-6.717912197113037,5.362756252288818,42.0
30,12,-8.129284858703613,2.4676191806793213,7.0
30,13,-9.360671997070312,4.759354591369629,8.0
30,14,-6.61658239364624,3.75585675239563,4.0
30,15,-19.998313903808594,54.579742431640625,474.0
30,16,-11.157499313354492,16.270843505859375,30.0
30,17,-15.992366790771484,5.911677360534668,11.0
30,18,-5.8060736656188965,18.229421615600586,22.0
30,19,-14.79373836517334,19.273818969726562,15.0
30,20,-9.96036148071289,12.062365531921387,65.0
30,21,-13.187819480895996,27.030202865600586,1573.0
30,22,-13.140008926391602,3.7210311889648438,7.0
30,23,-11.733892440795898,10.451844215393066,9.0
30,24,-16.791248321533203,8.157241821289062,33.0
30,25,-12.75177001953125,12.811638832092285,36.0
30,26,-2.331700086593628,1.594148874282837,3.0
30,27,-19.95507049560547,9.181862831115723,240.0
30,28,-4.597768783569336,3.1564319133758545,3.0
30,29,-3.3482413291931152,2.30956768989563,2.0
30,30,-4.593432903289795,4.623464107513428,3.0
30,31,-8.072843551635742,3.840005874633789,16.0
30,32,-6.166545867919922,21.82973289489746,26.0
30,33,-3.7171216011047363,2.5326859951019287,3.0
30,34,-17.7862548828125,7.21563720703125,48.0
30,35,-2.832569122314453,2.5707297325134277,2.0
30,36,-8.651449203491211,17.88239097595215,135.0
30,37,-4.2765793800354,4.16004753112793,4.0
30,38,-5.722995758056641,4.181829929351807,3.0
30,39,-5.713454246520996,2.5915143489837646,9.0
30,40,-6.877372741699219,3.956954002380371,7.0
30,41,-12.991655349731445,75.98619079589844,305.0
30,42,-3.5680766105651855,2.440051555633545,2.0
30,43,-6.3098344802856445,23.451095581054688,14.0
30,44,-1.6197293996810913,1.3825724124908447,1.0
30,45,-11.43869400024414,9.852633476257324,25.0
30,46,-8.324766159057617,3.2846243381500244,3.0
30,47,-1.8451728820800781,1.3600599765777588,2.0
30,48,-1.6408276557922363,1.5071295499801636,1.0
30,49,-23.871932983398438,8.7598237991333,67.0
30,50,-14.018925666809082,5.768232822418213,18.0
30,51,-9.383208274841309,3.231353282928467,5.0
30,52,-3.323028326034546,1.7399182319641113,2.0
30,53,-16.70098114013672,8.065717697143555,42.0
30,54,-19.230514526367188,24.657615661621094,6.0
30,55,-7.9875311851501465,3.785792112350464,20.0
30,56,-10.554347038269043,33.720829010009766,21.0
30,57,-16.248046875,58.09105682373047,100.0
30,58,-15.016864776611328,6.534579753875732,63.0
30,59,-6.450173377990723,2.512939929962158,11.0
30,60,-14.829156875610352,3.4410030841827393,5.0
30,61,-5.150825500488281,3.6244637966156006,2.0
30,62,-4.164178371429443,1.6829063892364502,2.0
30,63,-7.678972244262695,2.9951553344726562,148.0
30,64,-7.817651748657227,2.185326337814331,6.0
30,65,-6.743792533874512,3.8526391983032227,3.0
30,66,-7.686374187469482,2.6137781143188477,42.0
30,67,-9.237455368041992,2.790955066680908,38.0
30,68,-3.591351270675659,1.67037832736969,1.0
30,69,-26.128612518310547,3.9558286666870117,68.0
30,70,-10.439535140991211,8.068012237548828,51.0
30,71,-7.0170183181762695,2.4039838314056396,3.0
30,72,-6.461098670959473,2.242603302001953,3.0
30,73,-6.058218955993652,1.960374355316162,2.0
30,74,-2.6355247497558594,1.9326289892196655,2.0
30,75,-4.398157119750977,3.002782106399536,16.0
30,76,-10.996152877807617,2.7173311710357666,6.0
30,77,-9.054512023925781,3.1012773513793945,155.0
30,78,-11.447147369384766,5.131031513214111,10.0
30,79,-4.816580295562744,11.11493968963623,12.0
30,80,-16.505455017089844,61.95223617553711,129.0
30,81,-4.492804050445557,1.647403597831726,2.0
30,82,-4.155641555786133,2.8261358737945557,5.0
30,83,-18.861011505126953,5.554660797119141,40.0
30,84,-1.795249104499817,1.8192355632781982,1.0
30,85,-9.285873413085938,22.093669891357422,30.0
30,86,-5.859302043914795,18.721094131469727,22.0
30,87,-15.295289993286133,6.766007900238037,13.0
30,88,-11.083695411682129,40.22806930541992,11.0
30,89,-9.516453742980957,23.8587589263916,31.0
30,90,-3.643829345703125,6.18368673324585,5.0
30,91,-9.097919464111328,9.722860336303711,6.0
30,92,-3.9596786499023438,1.9346888065338135,1.0
30,93,-30.60297393798828,164.10325622558594,610.0
30,94,-13.55933952331543,5.446196556091309,125.0
30,95,-1.971086025238037,1.6368465423583984,2.0
30,96,-10.164924621582031,12.695292472839355,9.0
30,97,-4.949499130249023,5.206110954284668,2.0
30,98,-4.808472633361816,3.3271570205688477,10.0
30,99,-5.712735652923584,1.8865474462509155,7.0
30,100,-1.743666648864746,2.3912909030914307,3.0
30,101,-5.839985370635986,3.215545892715454,28.0
30,102,-6.397214889526367,2.224766254425049,3.0
30,103,-3.455648422241211,1.9959690570831299,4.0
30,104,-15.540111541748047,9.207478523254395,15.0
30,105,-10.121332168579102,29.188575744628906,84.0
30,106,-11.165189743041992,9.328161239624023,12.0
30,107,-17.8121337890625,19.46638298034668,3327.0
30,108,-25.31618881225586,12.573844909667969,745.0
30,109,-5.092377662658691,2.768970489501953,8.0
30,110,-8.201927185058594,7.771644592285156,13.0
30,111,-6.315209865570068,2.202077627182007,7.0
30,112,-8.356255531311035,8.077350616455078,19.0
30,113,-11.878913879394531,2.690990924835205,39.0
30,114,-5.906492233276367,7.162296772003174,7.0
30,115,-3.2346692085266113,1.9096765518188477,2.0
30,116,-10.269208908081055,13.030623435974121,4.0
30,117,-8.348211288452148,4.02034854888916,25.0
30,118,-5.652352333068848,3.0971133708953857,26.0
30,119,-22.108137130737305,6.311319828033447,15.0
30,120,-13.741578102111816,7.121245384216309,78.0
30,121,-1.8388556241989136,1.845872163772583,2.0
30,122,-3.3452508449554443,5.326132774353027,2.0
30,123,-17.47724723815918,8.887589454650879,29.0
30,124,-15.437997817993164,4.682348251342773,114.0
30,125,-19.932676315307617,27.718854904174805,383.0
30,126,-9.538668632507324,24.036083221435547,12.0
30,127,-27.45610809326172,957.2139892578125,2667.0
30,128,-2.1070187091827393,1.5240994691848755,2.0
30,129,-11.323320388793945,287.6257629394531,198.0
30,130,-5.888667106628418,1.8019450902938843,5.0
30,131,-7.663180351257324,2.1518287658691406,7.0
30,132,-15.135139465332031,8.689911842346191,144.0
30,133,-12.902403831481934,3.2314982414245605,4.0
30,134,-5.346724987030029,2.913470506668091,3.0
30,135,-8.567652702331543,5.548515796661377,15.0
30,136,-19.719711303710938,26.752246856689453,491.0
30,137,-5.965491771697998,4.4431915283203125,4.0
30,138,-11.011855125427246,15.689062118530273,572.0
30,139,-7.3742218017578125,39.9293212890625,51.0
30,140,-28.76215171813965,7.802462100982666,35.0
30,141,-4.195775508880615,2.31441068649292,10.0
30,142,-2.3166189193725586,1.5893478393554688,3.0
30,143,-2.0407259464263916,1.6655935049057007,2.0
30,144,-10.876547813415527,52920.59375,799.0
30,145,-12.180558204650879,4.58398962020874,11.0
30,146,-11.639732360839844,2.296553373336792,5.0
30,147,-11.707537651062012,10.396897315979004,51.0
30,148,-7.56613826751709,2.94726300239563,3.0
32,0,-7.338104248046875,4.338900089263916,12.0
32,1,-5.712345600128174,3.134498357772827,5.0
32,2,-18.355792999267578,4.616558074951172,189.0
32,3,-6.145665645599365,2.7850825786590576,8.0
32,4,-5.671831130981445,4.128680229187012,8.0
32,5,-12.934459686279297,74.5512466430664,25.0
32,6,-1.8660324811935425,1.4523842334747314,1.0
32,7,-6.360976219177246,3.568678140640259,5.0
32,8,-11.162385940551758,9.322932243347168,25.0
32,9,-11.767850875854492,10.523073196411133,908.0
32,10,-3.2711353302001953,5.132370471954346,2.0
32,11,-6.727567195892334,5.375716209411621,42.0
32,12,-7.843746662139893,2.390559434890747,8.0
32,13,-9.285659790039062,4.700222492218018,8.0
32,14,-6.673134803771973,3.7985785007476807,4.0
32,15,-20.132539749145508,56.06478500366211,481.0
32,16,-11.041152954101562,15.804398536682129,29.0
32,17,-16.05746078491211,5.954589366912842,11.0
32,18,-5.8170294761657715,18.32955551147461,22.0
32,19,-14.512794494628906,18.2207088470459,15.0
32,20,-10.159116744995117,12.676872253417969,71.0
32,21,-13.065278053283691,26.214677810668945,1502.0
32,22,-13.131574630737305,3.7178943157196045,7.0
32,23,-12.023002624511719,11.074007034301758,12.0
32,24,-16.989654541015625,8.362076759338379,32.0
32,25,-12.889596939086914,13.169710159301758,36.0
32,26,-2.3771212100982666,1.608696460723877,3.0
32,27,-19.489164352416992,8.718634605407715,179.0
32,28,-4.5153727531433105,3.0920774936676025,3.0
32,29,-3.2981667518615723,2.2808351516723633,2.0
32,30,-4.5998640060424805,4.633386135101318,3.0
32,31,-7.989351272583008,3.786940813064575,16.0
32,32,-6.099792957305908,21.1131591796875,25.0
32,33,-3.657073736190796,2.4949493408203125,3.0
32,34,-17.70439910888672,7.150308609008789,48.0
32,35,-2.8312947750091553,2.5696377754211426,2.0
32,36,-8.779207229614258,18.660375595092773,143.0
32,37,-4.288150310516357,4.17612361907959,4.0
32,38,-5.746729373931885,4.206716060638428,3.0
32,39,-5.744478702545166,2.6049489974975586,7.0
32,40,-6.809393882751465,3.903520107269287,7.0
32,41,-13.202706336975098,81.5243911743164,339.0
32,42,-3.6669702529907227,2.5011298656463623,2.0
32,43,-6.216097354888916,22.377334594726562,16.0
32,44,-1.4342678785324097,1.3322291374206543,1.0
32,45,-11.401383399963379,9.779386520385742,23.0
32,46,-8.212385177612305,3.2323124408721924,3.0
32,47,-1.8060606718063354,1.3512229919433594,2.0
32,48,-1.528378963470459,1.4653509855270386,1.0
32,49,-23.65274429321289,8.587000846862793,65.0
32,50,-13.873893737792969,5.664602756500244,15.0
32,51,-9.526106834411621,3.2895915508270264,5.0
32,52,-3.0909390449523926,1.6739003658294678,2.0
32,53,-16.74364471435547,8.108845710754395,40.0
32,54,-19.500102996826172,25.790782928466797,6.0
32,55,-7.959571838378906,3.7681918144226074,19.0
32,56,-10.475340843200684,32.84436798095703,21.0
32,57,-16.155366897583008,56.76055908203125,90.0
32,58,-14.906272888183594,6.444868087768555,62.0
32,59,-6.396353244781494,2.4936931133270264,11.0
32,60,-14.400970458984375,3.320385456085205,5.0
32,61,-4.98097562789917,3.4737818241119385,2.0
32,62,-3.897015333175659,1.6276332139968872,2.0
32,63,-7.521061897277832,2.928344964981079,148.0
32,64,-7.6564178466796875,2.150373935699463,6.0
32,65,-6.664875030517578,3.792308807373047,3.0
32,66,-7.569365978240967,2.5758273601531982,41.0
32,67,-8.989900588989258,2.715233087539673,37.0
32,68,-3.411269187927246,1.627954363822937,1.0
32,69,-25.872983932495117,3.9029626846313477,67.0
32,70,-10.405396461486816,8.01311206817627,48.0
32,71,-6.761368274688721,2.328376054763794,3.0
32,72,-6.179703712463379,2.1650922298431396,3.0
32,73,-5.761866092681885,1.8968740701675415,2.0
32,74,-2.661266803741455,1.9451065063476562,2.0
32,75,-4.381782054901123,2.9905147552490234,16.0
32,76,-10.563358306884766,2.6124937534332275,6.0
32,77,-8.6483793258667,2.947765588760376,111.0
32,78,-11.09750747680664,4.881039619445801,10.0
32,79,-4.7271904945373535,10.629096984863281,12.0
32,80,-16.711284637451172,65.22358703613281,138.0
32,81,-4.453974723815918,1.6403112411499023,2.0
32,82,-4.157536506652832,2.8274753093719482,5.0
32,83,-18.516822814941406,5.383547782897949,39.0
32,84,-1.854445219039917,1.8554892539978027,1.0
32,85,-9.21689224243164,21.591449737548828,28.0
32,86,-5.8592915534973145,18.720996856689453,22.0
32,87,-15.36922836303711,6.828831195831299,15.0
32,88,-10.903568267822266,37.883766174316406,11.0
32,89,-9.367908477783203,22.70615577697754,31.0
32,90,-3.581727981567383,5.994629859924316,5.0
32,91,-9.297602653503418,10.220553398132324,6.0
32,92,-3.7425644397735596,1.8659321069717407,1.0
32,93,-30.59406280517578,163.85968017578125,608.0
32,94,-13.60765266418457,5.479186058044434,124.0
32,95,-1.9553459882736206,1.630418062210083,2.0
32,96,-10.08828353881836,12.454361915588379,10.0
32,97,-4.98284387588501,5.264298915863037,2.0
32,98,-4.844857215881348,3.3575592041015625,10.0
32,99,-5.406489849090576,1.82343327999115,5.0
32,100,-1.631912112236023,2.2613365650177,3.0
32,101,-5.600549221038818,3.0651907920837402,24.0
32,102,-6.238846778869629,2.1811578273773193,3.0
32,103,-3.353142261505127,1.9554657936096191,4.0
32,104,-15.485504150390625,9.135929107666016,15.0
32,105,-10.29440689086914,30.922033309936523,96.0
32,106,-11.210355758666992,9.412806510925293,10.0
32,107,-17.702085494995117,19.11259651184082,3227.0
32,108,-25.19225311279297,12.418972969055176,715.0
32,109,-5.088034152984619,2.766566276550293,8.0
32,110,-8.10452651977539,7.584689617156982,11.0
32,111,-6.359051704406738,2.2141785621643066,7.0
32,112,-8.259675979614258,7.884659290313721,19.0
32,113,-11.764087677001953,2.6653642654418945,39.0
32,114,-5.777800559997559,6.861550807952881,7.0
32,115,-3.2285847663879395,1.9073541164398193,2.0
32,116,-10.308343887329102,13.158738136291504,4.0
32,117,-8.06488037109375,3.8349127769470215,21.0
32,118,-5.549251556396484,3.0339040756225586,26.0
32,119,-21.895551681518555,6.200496673583984,12.0
32,120,-13.739446640014648,7.119077205657959,73.0
32,121,-1.7600469589233398,1.7980132102966309,2.0
32,122,-3.279285430908203,5.153327941894531,2.0
32,123,-17.407455444335938,8.810392379760742,31.0
32,124,-15.219496726989746,4.581148147583008,108.0
32,125,-20.009384155273438,28.075498580932617,415.0
32,126,-9.453432083129883,23.362777709960938,8.0
32,127,-27.311988830566406,923.3397216796875,2681.0
32,128,-1.9428788423538208,1.4748787879943848,2.0
32,129,-11.234582901000977,275.14312744140625,182.0
32,130,-5.854580879211426,1.7958135604858398,5.0
32,131,-7.764195442199707,2.173675537109375,7.0
32,132,-14.951711654663086,8.46515941619873,139.0
32,133,-12.500858306884766,3.1156623363494873,4.0
32,134,-5.352439880371094,2.9168026447296143,3.0
32,135,-8.434775352478027,5.403004169464111,12.0
32,136,-19.71111488342285,26.713947296142578,492.0
32,137,-5.834057807922363,4.299567699432373,4.0
32,138,-11.026101112365723,15.745038032531738,548.0
32,139,-7.347774028778076,39.40477752685547,48.0
32,140,-28.395721435546875,7.600893020629883,36.0
32,141,-4.126104354858398,2.2823848724365234,10.0
32,142,-2.2755894660949707,1.5763592720031738,2.0
32,143,-1.9036983251571655,1.6095017194747925,2.0
32,144,-10.936541557312012,56192.671875,801.0
32,145,-12.210395812988281,4.601119041442871,11.0
32,146,-11.59862995147705,2.289820909500122,5.0
32,147,-11.696971893310547,10.374950408935547,52.0
32,148,-7.327025413513184,2.848287343978882,3.0
34,0,-7.169535160064697,4.195057392120361,12.0
34,1,-5.6188273429870605,3.0764167308807373,5.0
34,2,-18.453624725341797,4.654348850250244,217.0
34,3,-6.194052219390869,2.807633876800537,8.0
34,4,-5.632326126098633,4.088105201721191,9.0
34,5,-12.942980766296387,74.76327514648438,26.0
34,6,-1.8958594799041748,1.4610741138458252,1.0
34,7,-6.260541915893555,3.4977095127105713,5.0
34,8,-11.171539306640625,9.34001350402832,25.0
34,9,-11.56847858428955,10.111725807189941,906.0
34,10,-3.167740821838379,4.873782634735107,2.0
34,11,-6.729158401489258,5.37785530090332,42.0
34,12,-7.722912311553955,2.3586783409118652,8.0
34,13,-9.231976509094238,4.6583571434021,8.0
34,14,-6.763500213623047,3.867854595184326,4.0
34,15,-20.163902282714844,56.41756820678711,526.0
34,16,-10.819988250732422,14.954273223876953,21.0
34,17,-16.02530288696289,5.933351516723633,11.0
34,18,-5.666147232055664,16.99762535095215,19.0
34,19,-14.373109817504883,17.718721389770508,15.0
34,20,-10.278101921081543,13.059625625610352,73.0
34,21,-12.987868309020996,25.712238311767578,1464.0
34,22,-12.85114860534668,3.6150832176208496,7.0
34,23,-12.04256534576416,11.117417335510254,12.0
34,24,-16.885408401489258,8.253819465637207,26.0
34,25,-12.94861125946045,13.326068878173828,37.0
34,26,-2.348705530166626,1.5995800495147705,3.0
34,27,-19.19729995727539,8.440430641174316,152.0
34,28,-4.422385215759277,3.0210254192352295,3.0
34,29,-3.3153960704803467,2.2906806468963623,2.0
34,30,-4.590339660644531,4.61870002746582,3.0
34,31,-7.752593517303467,3.6404194831848145,15.0
34,32,-6.065185070037842,20.750961303710938,24.0
34,33,-3.5451886653900146,2.4261293411254883,3.0
34,34,-17.44247055053711,6.945210933685303,44.0
34,35,-2.803133487701416,2.5456290245056152,2.0
34,36,-8.749195098876953,18.474626541137695,141.0
34,37,-4.1952104568481445,4.048730850219727,4.0
34,38,-5.690108776092529,4.147589206695557,3.0
34,39,-5.944595813751221,2.6932969093322754,9.0
34,40,-6.533448219299316,3.693925142288208,7.0
34,41,-13.197668075561523,81.38758850097656,338.0
34,42,-3.6931276321411133,2.5175392627716064,2.0
34,43,-6.136085033416748,21.499774932861328,15.0
34,44,-1.3485866785049438,1.3095942735671997,1.0
34,45,-11.422619819641113,9.82101058959961,22.0
34,46,-8.17616081237793,3.2156291007995605,4.0
34,47,-1.8140281438827515,1.3530185222625732,2.0
34,48,-1.4772803783416748,1.4467507600784302,1.0
34,49,-23.687366485595703,8.614069938659668,62.0
34,50,-13.88261604309082,5.670782089233398,12.0
34,51,-9.45522689819336,3.2605743408203125,5.0
34,52,-3.033522605895996,1.6579586267471313,2.0
34,53,-16.666919708251953,8.031449317932129,40.0
34,54,-19.8779239654541,27.467056274414062,7.0
34,55,-7.854094505310059,3.7025275230407715,19.0
34,56,-10.493205070495605,33.040531158447266,21.0
34,57,-15.983826637268066,54.377838134765625,88.0
34,58,-14.973026275634766,6.498870372772217,61.0
34,59,-6.420045852661133,2.502147674560547,11.0
34,60,-14.273746490478516,3.2853686809539795,5.0
34,61,-4.961125373840332,3.456585645675659,2.0
34,62,-3.7879934310913086,1.605602741241455,2.0
34,63,-7.450167655944824,2.8988373279571533,143.0
34,64,-7.581587314605713,2.134342670440674,7.0
34,65,-6.600380897521973,3.743706464767456,2.0
34,66,-7.53030252456665,2.5632803440093994,39.0
34,67,-8.758560180664062,2.646329164505005,34.0
34,68,-3.233133316040039,1.5870487689971924,1.0
34,69,-25.753597259521484,3.8785157203674316,64.0
34,70,-10.370329856872559,7.957110404968262,46.0
34,71,-6.546500205993652,2.266671657562256,3.0
34,72,-5.989598274230957,2.1142492294311523,2.0
34,73,-5.54887580871582,1.8525104522705078,2.0
34,74,-2.64827299118042,1.9387980699539185,2.0
34,75,-4.508707046508789,3.0869290828704834,16.0
34,76,-10.404070854187012,2.5749359130859375,5.0
34,77,-8.440217971801758,2.872053623199463,79.0
34,78,-11.194997787475586,4.949494361877441,9.0
34,79,-4.716352939605713,10.571656227111816,12.0
34,80,-16.712461471557617,65.24278259277344,137.0
34,81,-4.453307628631592,1.64018976688385,2.0
34,82,-4.126375675201416,2.8055341243743896,5.0
34,83,-18.26765251159668,5.262970924377441,38.0
34,84,-1.912553071975708,1.8917790651321411,1.0
34,85,-8.963663101196289,19.843721389770508,25.0
34,86,-5.833795547485352,18.483858108520508,21.0
34,87,-15.683502197265625,7.102436065673828,21.0
34,88,-10.70422077178955,35.44823455810547,11.0
34,89,-9.24659538269043,21.806289672851562,30.0
34,90,-3.530365228652954,5.842639446258545,5.0
34,91,-9.288784980773926,10.198046684265137,6.0
34,92,-3.657942771911621,1.839800477027893,2.0
34,93,-30.447690963745117,159.91061401367188,598.0
34,94,-13.656457901000977,5.512714862823486,120.0
34,95,-1.9416546821594238,1.624847173690796,2.0
34,96,-9.899312973022461,11.879666328430176,9.0
34,97,-5.033623695373535,5.354163646697998,2.0
34,98,-4.668076515197754,3.212402582168579,10.0
34,99,-5.22966194152832,1.7879568338394165,5.0
34,100,-1.6079998016357422,2.2344605922698975,3.0
34,101,-5.350991249084473,2.9159576892852783,18.0
34,102,-6.16240119934082,2.160414457321167,3.0
34,103,-3.1981334686279297,1.8957730531692505,4.0
34,104,-15.454644203186035,9.095742225646973,15.0
34,105,-10.395365715026855,31.980361938476562,102.0
34,106,-11.150749206542969,9.30125904083252,10.0
34,107,-17.662124633789062,18.985727310180664,3213.0
34,108,-25.33065414428711,12.592045783996582,728.0
34,109,-5.1120710372924805,2.779897928237915,8.0
34,110,-7.988811492919922,7.368416786193848,9.0
34,111,-6.380163192749023,2.22002911567688,7.0
34,112,-8.233016014099121,7.832283020019531,19.0
34,113,-11.72776985168457,2.6573095321655273,38.0
34,114,-5.743323802947998,6.783147811889648,7.0
34,115,-3.2395124435424805,1.911527156829834,2.0
34,116,-10.312695503234863,13.173060417175293,4.0
34,117,-7.965032577514648,3.771623134613037,18.0
34,118,-5.408431529998779,2.9496490955352783,25.0
34,119,-21.38306427001953,5.941264629364014,10.0
34,120,-13.724231719970703,7.1036200523376465,67.0
34,121,-1.7236508131027222,1.7763315439224243,2.0
34,122,-3.209975481033325,4.9777984619140625,2.0
34,123,-17.06846046447754,8.444856643676758,28.0
34,124,-15.092281341552734,4.523238182067871,103.0
34,125,-19.89274024963379,27.534963607788086,413.0
34,126,-9.407560348510742,23.00826644897461,9.0
34,127,-27.051876068115234,865.2072143554688,2566.0
34,128,-1.802785038948059,1.4341280460357666,2.0
34,129,-11.165592193603516,265.8138122558594,180.0
34,130,-5.88429069519043,1.801156759262085,5.0
34,131,-7.876364707946777,2.198194742202759,7.0
34,132,-14.747220993041992,8.221445083618164,136.0
34,133,-12.181074142456055,3.0263895988464355,4.0
34,134,-5.44969367980957,2.9740920066833496,3.0
34,135,-8.415913581848145,5.382660388946533,11.0
34,136,-19.77454376220703,26.99785041809082,483.0
34,137,-5.837122917175293,4.302863597869873,4.0
34,138,-11.073677062988281,15.933427810668945,557.0
34,139,-7.311391830444336,38.69443893432617,48.0
34,140,-28.101184844970703,7.442653656005859,34.0
34,141,-4.117321968078613,2.278379440307617,8.0
34,142,-2.3460679054260254,1.5987365245819092,2.0
34,143,-1.839404821395874,1.5838382244110107,2.0
34,144,-10.949116706848145,56903.76171875,802.0
34,145,-12.223995208740234,4.608947277069092,11.0
34,146,-11.480737686157227,2.2706193923950195,5.0
34,147,-11.59628677368164,10.168119430541992,52.0
34,148,-7.34918212890625,2.8573169708251953,3.0
36,0,-7.155906677246094,4.183638572692871,15.0
36,1,-5.5212907791137695,3.0169854164123535,5.0
36,2,-18.60488510131836,4.713388442993164,265.0
36,3,-6.2528839111328125,2.835298776626587,8.0
36,4,-5.632640361785889,4.088426113128662,9.0
36,5,-12.957383155822754,75.12306213378906,25.0
36,6,-1.905644178390503,1.46393620967865,1.0
36,7,-6.078035831451416,3.3723409175872803,3.0
36,8,-11.109794616699219,9.225384712219238,25.0
36,9,-11.422109603881836,9.820008277893066,934.0
36,10,-3.114375114440918,4.745456218719482,2.0
36,11,-6.715075492858887,5.358954429626465,41.0
36,12,-7.603858947753906,2.3276827335357666,8.0
36,13,-9.142752647399902,4.589596748352051,8.0
36,14,-6.836724281311035,3.9249155521392822,4.0
36,15,-19.923561096191406,53.769805908203125,518.0
36,16,-10.954469680786133,15.465587615966797,26.0
36,17,-15.968185424804688,5.895815849304199,11.0
36,18,-5.589484214782715,16.358409881591797,19.0
36,19,-14.081425666809082,16.714643478393555,15.0
36,20,-10.62757682800293,14.251956939697266,86.0
36,21,-12.923370361328125,25.300966262817383,1462.0
36,22,-12.701350212097168,3.561333417892456,7.0
36,23,-11.876383781433105,10.753990173339844,10.0
36,24,-16.7481689453125,8.113432884216309,25.0
36,25,-12.80258560180664,12.942508697509766,37.0
36,26,-2.2887775897979736,1.5805225372314453,2.0
36,27,-19.285959243774414,8.523987770080566,161.0
36,28,-4.324873924255371,2.948269844055176,3.0
36,29,-3.336225986480713,2.302640676498413,2.0
36,30,-4.558673858642578,4.570204734802246,3.0
36,31,-7.503409385681152,3.4923269748687744,15.0
36,32,-6.008509159088135,20.171175003051758,24.0
36,33,-3.534186840057373,2.4194657802581787,3.0
36,34,-17.21014404296875,6.768220901489258,43.0
36,35,-2.784811019897461,2.5301291942596436,2.0
36,36,-8.674938201904297,18.0229549407959,131.0
36,37,-4.187502861022949,4.038342475891113,4.0
36,38,-5.697601318359375,4.155365467071533,3.0
36,39,-6.068868637084961,2.749662160873413,9.0
36,40,-6.502660751342773,3.6712496280670166,7.0
36,41,-13.256546020507812,83.00065612792969,345.0
36,42,-3.6626617908477783,2.4984374046325684,2.0
36,43,-6.120522499084473,21.3331298828125,15.0
36,44,-1.2972465753555298,1.2962161302566528,1.0
36,45,-11.29775333404541,9.57878303527832,22.0
36,46,-8.183915138244629,3.2191929817199707,4.0
36,47,-1.7726001739501953,1.3437085151672363,2.0
36,48,-1.4263509511947632,1.428446888923645,1.0
36,49,-23.566715240478516,8.520105361938477,60.0
36,50,-13.928595542907715,5.7034687995910645,11.0
36,51,-9.34338092803955,3.215306282043457,5.0
36,52,-2.9927239418029785,1.6467230319976807,2.0
36,53,-16.583311080932617,7.947948932647705,36.0
36,54,-20.001270294189453,28.03755760192871,8.0
36,55,-7.853524684906006,3.7021758556365967,19.0
36,56,-10.418917655944824,32.232418060302734,20.0
36,57,-15.88673210144043,53.07378005981445,89.0
36,58,-14.923114776611328,6.4584503173828125,60.0
36,59,-6.482404708862305,2.5245375633239746,14.0
36,60,-14.010446548461914,3.214067220687866,5.0
36,61,-4.855921745300293,3.3668594360351562,2.0
36,62,-3.696096897125244,1.5872645378112793,2.0
36,63,-7.345388889312744,2.855769395828247,140.0
36,64,-7.5393476486206055,2.1253464221954346,7.0
36,65,-6.649679183959961,3.7808005809783936,2.0
36,66,-7.474157333374023,2.545353889465332,36.0
36,67,-8.517889022827148,2.576500654220581,34.0
36,68,-3.1087019443511963,1.5590869188308716,1.0
36,69,-25.704105377197266,3.8684258460998535,60.0
36,70,-10.312532424926758,7.865660190582275,42.0
36,71,-6.267071723937988,2.18886661529541,2.0
36,72,-5.752968788146973,2.0526282787323,2.0
36,73,-5.331547737121582,1.8083126544952393,2.0
36,74,-2.6104416847229004,1.9205478429794312,2.0
36,75,-4.584125518798828,3.145684003829956,17.0
36,76,-10.295583724975586,2.5496654510498047,5.0
36,77,-8.196088790893555,2.7857329845428467,55.0
36,78,-11.281637191772461,5.011135578155518,13.0
36,79,-4.703513145446777,10.504005432128906,12.0
36,80,-16.584056854248047,63.18166732788086,135.0
36,81,-4.3190484046936035,1.615903615951538,2.0
36,82,-4.174323558807373,2.8393664360046387,5.0
36,83,-18.09593963623047,5.181452751159668,38.0
36,84,-2.010533332824707,1.9545847177505493,1.0
36,85,-8.767921447753906,18.59031105041504,23.0
36,86,-5.792775630950928,18.108613967895508,21.0
36,87,-15.639487266540527,7.0634660720825195,23.0
36,88,-10.51280403137207,33.25708770751953,9.0
36,89,-9.22806167602539,21.671985626220703,30.0
36,90,-3.4978582859039307,5.748444080352783,5.0
36,91,-9.162923812866211,9.882158279418945,5.0
36,92,-3.628842353820801,1.8308990001678467,2.0
36,93,-30.37821388244629,158.06961059570312,598.0
36,94,-13.668935775756836,5.52131986618042,115.0
36,95,-1.9207147359848022,1.616363286972046,1.0
36,96,-9.721963882446289,11.364459991455078,8.0
36,97,-5.03041410446167,5.348438262939453,2.0
36,98,-4.6060471534729,3.162971019744873,10.0
36,99,-5.135531425476074,1.7693541049957275,5.0
36,100,-1.559462308883667,2.1808857917785645,3.0
36,101,-5.254637241363525,2.860302448272705,16.0
36,102,-6.180052757263184,2.165186643600464,3.0
36,103,-3.1815309524536133,1.8894884586334229,4.0
36,104,-15.375871658325195,8.99395751953125,15.0
36,105,-10.359914779663086,31.604671478271484,100.0
36,106,-11.121607780456543,9.247207641601562,10.0
36,107,-17.697450637817383,19.09783935546875,3335.0
36,108,-25.157039642333984,12.375317573547363,719.0
36,109,-5.104562759399414,2.775726556777954,8.0
36,110,-8.011855125427246,7.410988807678223,12.0
36,111,-6.444753646850586,2.2380259037017822,7.0
36,112,-8.218935012817383,7.804759502410889,19.0
36,113,-11.539567947387695,2.6159586906433105,33.0
36,114,-5.703590393066406,6.693901062011719,7.0
36,115,-3.2372210025787354,1.9106513261795044,2.0
36,116,-10.349959373474121,13.296354293823242,4.0
36,117,-7.837263107299805,3.6921558380126953,17.0
36,118,-5.402805328369141,2.9463322162628174,25.0
36,119,-20.945701599121094,5.728622913360596,10.0
36,120,-13.649592399597168,7.028278350830078,64.0
36,121,-1.7068514823913574,1.7664121389389038,2.0
36,122,-3.3121519088745117,5.238713264465332,2.0
36,123,-16.932342529296875,8.302385330200195,27.0
36,124,-15.069799423217773,4.513080596923828,102.0
36,125,-19.75510025024414,26.910505294799805,408.0
36,126,-9.397236824035645,22.929224014282227,9.0
36,127,-26.868637084960938,826.4664306640625,2509.0
36,128,-1.7373661994934082,1.4154863357543945,1.0
36,129,-11.074943542480469,254.03492736816406,165.0
36,130,-5.899291038513184,1.8038605451583862,5.0
36,131,-8.002086639404297,2.2260055541992188,7.0
36,132,-14.4926176071167,7.927787780761719,133.0
36,133,-12.004837036132812,2.978288412094116,4.0
36,134,-5.455373764038086,2.9774720668792725,3.0
36,135,-8.30361270904541,5.2631120681762695,11.0
36,136,-19.77708625793457,27.00929069519043,481.0
36,137,-5.9663591384887695,4.444155216217041,4.0
36,138,-11.053936004638672,15.854986190795898,552.0
36,139,-7.212134838104248,36.82096862792969,48.0
36,140,-28.051666259765625,7.416375637054443,33.0
36,141,-4.018232345581055,2.233670949935913,8.0
36,142,-2.3995094299316406,1.6159158945083618,2.0
36,143,-1.8016330003738403,1.5689525604248047,2.0
36,144,-10.97912883758545,58637.453125,835.0
36,145,-12.33963394165039,4.676052093505859,11.0
36,146,-11.46027946472168,2.267303705215454,5.0
36,147,-11.443216323852539,9.861549377441406,49.0
36,148,-7.31804084777832,2.8446340560913086,3.0
38,0,-7.133506774902344,4.164937973022461,14.0
38,1,-5.452648162841797,2.9758498668670654,4.0
38,2,-18.62020492553711,4.719409942626953,282.0
38,3,-6.146199703216553,2.7853307723999023,8.0
38,4,-5.690522193908691,4.148017406463623,9.0
38,5,-13.006893157958984,76.37313079833984,26.0
38,6,-1.866453766822815,1.4525065422058105,1.0
38,7,-5.945645332336426,3.284219980239868,3.0
38,8,-11.12939167022705,9.261612892150879,24.0
38,9,-11.38523006439209,9.747841835021973,913.0
38,10,-3.1326630115509033,4.7890472412109375,2.0
38,11,-6.774170875549316,5.438714504241943,43.0
38,12,-7.490638256072998,2.298583745956421,8.0
38,13,-9.074676513671875,4.537817001342773,8.0
38,14,-6.7785844802856445,3.8795411586761475,4.0
38,15,-19.987499237060547,54.461822509765625,530.0
38,16,-11.047183990478516,15.828245162963867,25.0
38,17,-16.018024444580078,5.928555011749268,11.0
38,18,-5.495978355407715,15.61120891571045,17.0
38,19,-14.022577285766602,16.519067764282227,15.0
38,20,-10.846807479858398,15.054876327514648,93.0
38,21,-12.89849853515625,25.144134521484375,1463.0
38,22,-12.718545913696289,3.567462921142578,7.0
38,23,-11.757018089294434,10.500298500061035,10.0
38,24,-16.516036987304688,7.881392478942871,24.0
38,25,-12.79677963256836,12.927489280700684,36.0
38,26,-2.2605910301208496,1.571637749671936,2.0
38,27,-19.458839416503906,8.68930721282959,181.0
38,28,-4.315674304962158,2.9414968490600586,3.0
38,29,-3.33394718170166,2.3013291358947754,2.0
38,30,-4.508349895477295,4.494180202484131,3.0
38,31,-7.450893878936768,3.4618935585021973,15.0
38,32,-5.971754550933838,19.803869247436523,23.0
38,33,-3.527083396911621,2.415172815322876,3.0
38,34,-17.109107971191406,6.69266414642334,42.0
38,35,-2.7876949310302734,2.532562732696533,2.0
38,36,-8.746073722839355,18.455415725708008,139.0
38,37,-4.1567888259887695,3.997208595275879,4.0
38,38,-5.675210952758789,4.132169723510742,3.0
38,39,-5.937026023864746,2.6899008750915527,7.0
38,40,-6.508126258850098,3.675265073776245,7.0
38,41,-13.327275276184082,84.98079681396484,360.0
38,42,-3.713376998901367,2.530316114425659,2.0
38,43,-6.002596855163574,20.11163330078125,15.0
38,44,-1.2253413200378418,1.277708649635315,1.0
38,45,-11.211950302124023,9.415809631347656,22.0
38,46,-8.159584045410156,3.2080230712890625,4.0
38,47,-1.7517175674438477,1.339039921760559,2.0
38,48,-1.412513017654419,1.4235137701034546,1.0
38,49,-23.414031982421875,8.402660369873047,54.0
38,50,-13.898550033569336,5.6820878982543945,11.0
38,51,-9.23123550415039,3.1705482006073,5.0
38,52,-2.8971662521362305,1.6207046508789062,2.0
38,53,-16.36444854736328,7.733458042144775,35.0
38,54,-20.020925521850586,28.129554748535156,7.0
38,55,-7.871405601501465,3.713225841522217,19.0
38,56,-10.412394523620605,32.16240692138672,21.0
38,57,-15.808555603027344,52.046573638916016,87.0
38,58,-14.936867713928223,6.469562530517578,59.0
38,59,-6.627204895019531,2.577303171157837,14.0
38,60,-13.920951843261719,3.1901865005493164,5.0
38,61,-4.757575988769531,3.2850897312164307,2.0
38,62,-3.6354076862335205,1.5752688646316528,2.0
38,63,-7.277486324310303,2.8282012939453125,142.0
38,64,-7.45777702331543,2.1080803871154785,7.0
38,65,-6.607419967651367,3.7489805221557617,2.0
38,66,-7.384636878967285,2.5170300006866455,26.0
38,67,-8.44006633758545,2.5543177127838135,34.0
38,68,-2.999464988708496,1.5349457263946533,1.0
38,69,-25.575054168701172,3.84224009513855,62.0
38,70,-10.339277267456055,7.907845973968506,42.0
38,71,-6.113561153411865,2.1472654342651367,2.0
38,72,-5.578334808349609,2.0083065032958984,2.0
38,73,-5.139314651489258,1.770098090171814,2.0
38,74,-2.5976738929748535,1.9144272804260254,2.0
38,75,-4.688639163970947,3.22895884513855,17.0
38,76,-10.111428260803223,2.507335901260376,5.0
38,77,-7.9819016456604,2.712139129638672,42.0
38,78,-11.27690315246582,5.007747173309326,12.0
38,79,-4.6816935539245605,10.390030860900879,12.0
38,80,-16.68949317932129,64.86922454833984,139.0
38,81,-4.276201248168945,1.6082289218902588,2.0
38,82,-4.190621376037598,2.850958824157715,5.0
38,83,-17.948190689086914,5.112321853637695,36.0
38,84,-2.1265058517456055,2.031623601913452,1.0
38,85,-8.68960952758789,18.111309051513672,21.0
38,86,-5.755038738250732,17.770137786865234,21.0
38,87,-15.586078643798828,7.016467094421387,24.0
38,88,-10.463953971862793,32.719940185546875,9.0
38,89,-9.27953052520752,22.047006607055664,30.0
38,90,-3.4993350505828857,5.752690315246582,5.0
38,91,-9.049120903015137,9.604965209960938,5.0
38,92,-3.617525577545166,1.827448844909668,1.0
38,93,-30.233104705810547,154.29258728027344,595.0
38,94,-13.600149154663086,5.4740495681762695,114.0
38,95,-1.8875858783721924,1.6030315160751343,1.0
38,96,-9.745773315429688,11.432308197021484,9.0
38,97,-5.04250431060791,5.370036602020264,2.0
38,98,-4.629954814910889,3.1819324493408203,10.0
38,99,-5.014194965362549,1.7456601858139038,5.0
38,100,-1.5603156089782715,2.181816577911377,3.0
38,101,-5.063528537750244,2.753039836883545,13.0
38,102,-6.078707695007324,2.1379308700561523,3.0
38,103,-3.101562738418579,1.8595091104507446,3.0
38,104,-15.404054641723633,9.030241966247559,15.0
38,105,-10.41899585723877,32.233253479003906,99.0
38,106,-11.092045783996582,9.192694664001465,10.0
38,107,-17.76637077331543,19.318471908569336,3360.0
38,108,-25.128231048583984,12.339717864990234,685.0
38,109,-4.994700908660889,2.715402603149414,8.0
38,110,-7.993435382843018,7.37693977355957,11.0
38,111,-6.462503433227539,2.242997169494629,7.0
38,112,-8.22002124786377,7.80687952041626,19.0
38,113,-11.378652572631836,2.581113815307617,31.0
38,114,-5.639947891235352,6.553390979766846,7.0
38,115,-3.2309391498565674,1.9082523584365845,2.0
38,116,-10.422897338867188,13.541029930114746,4.0
38,117,-7.8641815185546875,3.7087574005126953,17.0
38,118,-5.3246893882751465,2.9006588459014893,20.0
38,119,-20.575927734375,5.554790019989014,10.0
38,120,-13.651208877563477,7.029901504516602,63.0
38,121,-1.7200241088867188,1.774185299873352,2.0
38,122,-3.2375760078430176,5.046969890594482,2.0
38,123,-16.662302017211914,8.026814460754395,23.0
38,124,-14.917871475219727,4.445032596588135,98.0
38,125,-19.808555603027344,27.15132713317871,413.0
38,126,-9.344879150390625,22.532522201538086,9.0
38,127,-26.918113708496094,836.7525634765625,2508.0
38,128,-1.655847191810608,1.392595648765564,1.0
38,129,-11.089816093444824,255.93106079101562,177.0
38,130,-5.915738105773926,1.806829810142517,5.0
38,131,-7.80393648147583,2.1823313236236572,6.0
38,132,-14.463299751281738,7.8946533203125,135.0
38,133,-11.848756790161133,2.9363279342651367,4.0
38,134,-5.427443504333496,2.960886240005493,3.0
38,135,-8.230534553527832,5.186748027801514,11.0
38,136,-19.76069450378418,26.935609817504883,472.0
38,137,-5.9887189865112305,4.469067096710205,4.0
38,138,-11.043205261230469,15.812508583068848,556.0
38,139,-7.068678379058838,34.27235794067383,41.0
38,140,-27.935489654541016,7.355086326599121,32.0
38,141,-3.914579391479492,2.187842607498169,7.0
38,142,-2.363201856613159,1.6042243242263794,2.0
38,143,-1.7486732006072998,1.5483165979385376,2.0
38,144,-11.011417388916016,60561.6640625,850.0
38,145,-12.394670486450195,4.708332538604736,11.0
38,146,-11.431951522827148,2.2627205848693848,5.0
38,147,-11.374194145202637,9.726351737976074,47.0
38,148,-7.133580207824707,2.7706527709960938,3.0
40,0,-7.263160228729248,4.274350166320801,14.0
40,1,-5.2913689613342285,2.8813929557800293,4.0
40,2,-18.492231369018555,4.669347286224365,266.0
40,3,-5.921972751617432,2.6831607818603516,8.0
40,4,-5.817615032196045,4.2819294929504395,9.0
40,5,-13.033431053161621,77.05174255371094,29.0
40,6,-1.8383220434188843,1.4443572759628296,1.0
40,7,-5.829126358032227,3.2085697650909424,3.0
40,8,-11.143905639648438,9.288538932800293,25.0
40,9,-11.407527923583984,9.791411399841309,900.0
40,10,-3.106008529663086,4.725646018981934,2.0
40,11,-6.75482702255249,5.412476539611816,43.0
40,12,-7.213746070861816,2.228942632675171,7.0
40,13,-8.843828201293945,4.366542339324951,8.0
40,14,-6.800119400024414,3.8962862491607666,4.0
40,15,-20.120553970336914,55.9305534362793,530.0
40,16,-10.955806732177734,15.470759391784668,24.0
40,17,-16.189943313598633,6.042891502380371,11.0
40,18,-5.448144435882568,15.242265701293945,17.0
40,19,-14.001376152038574,16.449174880981445,15.0
40,20,-10.818970680236816,14.950469017028809,89.0
40,21,-12.84361457824707,24.801488876342773,1390.0
40,22,-12.450173377990723,3.472994804382324,8.0
40,23,-11.915992736816406,10.839517593383789,10.0
40,24,-16.253253936767578,7.626711845397949,25.0
40,25,-12.949275016784668,13.327838897705078,36.0
40,26,-2.1756982803344727,1.545178771018982,2.0
40,27,-19.146873474121094,8.393272399902344,152.0
40,28,-4.232285022735596,2.8808093070983887,3.0
40,29,-3.342843532562256,2.306452989578247,2.0
40,30,-4.503365516662598,4.486720085144043,3.0
40,31,-7.3191447257995605,3.386704921722412,13.0
40,32,-5.927046775817871,19.366086959838867,21.0
40,33,-3.322421073913574,2.2947072982788086,3.0
40,34,-17.02519989013672,6.630557060241699,42.0
40,35,-2.7432782649993896,2.49534273147583,2.0
40,36,-8.755940437316895,18.51621437072754,138.0
40,37,-4.115718841552734,3.942859649658203,4.0
40,38,-5.6750593185424805,4.13201379776001,3.0
40,39,-5.756722450256348,2.6102702617645264,6.0
40,40,-6.416895866394043,3.608814001083374,7.0
40,41,-13.389262199401855,86.75495910644531,367.0
40,42,-3.7993597984313965,2.5852959156036377,2.0
40,43,-5.861957550048828,18.745969772338867,15.0
40,44,-1.0940160751342773,1.2445863485336304,1.0
40,45,-11.219666481018066,9.430350303649902,22.0
40,46,-8.055188179016113,3.1605348587036133,4.0
40,47,-1.693638563156128,1.3261407613754272,2.0
40,48,-1.3367571830749512,1.3968074321746826,1.0
40,49,-22.998348236083984,8.09105396270752,51.0
40,50,-13.754522323608398,5.5807061195373535,11.0
40,51,-9.215819358825684,3.1644439697265625,4.0
40,52,-2.835846424102783,1.604225516319275,2.0
40,53,-16.124366760253906,7.504822731018066,36.0
40,54,-20.281888961791992,29.38001823425293,7.0
40,55,-7.789956092834473,3.6631593704223633,20.0
40,56,-10.43714714050293,32.42886734008789,21.0
40,57,-15.793437004089355,51.850223541259766,86.0
40,58,-14.764110565185547,6.331352233886719,58.0
40,59,-6.813800811767578,2.6469292640686035,16.0
40,60,-13.741440773010254,3.1428184509277344,5.0
40,61,-4.638726234436035,3.188917398452759,2.0
40,62,-3.5331640243530273,1.5552643537521362,2.0
40,63,-7.123459339141846,2.7666497230529785,138.0
40,64,-7.3676347732543945,2.089163064956665,5.0
40,65,-6.575924873352051,3.7254397869110107,2.0
40,66,-7.31783390045166,2.4960992336273193,25.0
40,67,-8.280582427978516,2.5094525814056396,27.0
40,68,-2.7906429767608643,1.4898319244384766,1.0
40,69,-25.41465187072754,3.80993914604187,62.0
40,70,-10.230628967285156,7.737865447998047,41.0
40,71,-5.93443489074707,2.0997207164764404,2.0
40,72,-5.482065200805664,1.9842839241027832,2.0
40,73,-4.722472190856934,1.6899840831756592,2.0
40,74,-2.5697708129882812,1.9011191129684448,2.0
40,75,-4.728832244873047,3.261568069458008,17.0
40,76,-9.902536392211914,2.460170269012451,4.0
40,77,-7.5516133308410645,2.570117712020874,25.0
40,78,-11.035982131958008,4.8383259773254395,9.0
40,79,-4.699102401733398,10.480865478515625,11.0
40,80,-16.709152221679688,65.1888198852539,136.0
40,81,-4.257354259490967,1.6048645973205566,2.0
40,82,-4.148337364196777,2.8209800720214844,5.0
40,83,-17.694915771484375,4.995955944061279,36.0
40,84,-2.036746025085449,1.9717378616333008,1.0
40,85,-8.628379821777344,17.745403289794922,22.0
40,86,-5.685593605041504,17.1637020111084,17.0
40,87,-15.565841674804688,6.9987406730651855,25.0
40,88,-10.458433151245117,32.6597785949707,8.0
40,89,-9.247772216796875,21.814847946166992,29.0
40,90,-3.4788191318511963,5.693980693817139,5.0
40,91,-8.942472457885742,9.35226058959961,5.0
40,92,-3.510067939758301,1.795011281967163,1.0
40,93,-30.404617309570312,158.7667694091797,605.0
40,94,-13.534918785095215,5.429596424102783,115.0
40,95,-1.8540574312210083,1.5896508693695068,2.0
40,96,-9.713329315185547,11.33995532989502,10.0
40,97,-5.064632892608643,5.409793853759766,2.0
40,98,-4.795649528503418,3.3165080547332764,11.0
40,99,-4.8090715408325195,1.7063237428665161,5.0
40,100,-1.5094624757766724,2.127039909362793,2.0
40,101,-4.908496379852295,2.66898775100708,11.0
40,102,-6.027885437011719,2.124392032623291,3.0
40,103,-3.0324063301086426,1.8339667320251465,2.0
40,104,-15.288280487060547,8.882118225097656,15.0
40,105,-10.452345848083496,32.59357833862305,106.0
40,106,-11.041772842407227,9.100728988647461,10.0
40,107,-17.642457962036133,18.92359733581543,3139.0
40,108,-25.08379554748535,12.285006523132324,677.0
40,109,-4.7787065505981445,2.600597620010376,7.0
40,110,-7.906130790710449,7.2176737785339355,11.0
40,111,-6.449663162231445,2.2393996715545654,7.0
40,112,-8.205498695373535,7.7785868644714355,19.0
40,113,-11.264241218566895,2.55662202835083,30.0
40,114,-5.609968662261963,6.488228797912598,7.0
40,115,-3.2439675331115723,1.9132312536239624,2.0
40,116,-10.503819465637207,13.81776237487793,4.0
40,117,-7.681169033050537,3.5973405838012695,16.0
40,118,-5.1557841300964355,2.8043079376220703,15.0
40,119,-20.296070098876953,5.4267425537109375,11.0
40,120,-13.632474899291992,7.011112689971924,62.0
40,121,-1.7118648290634155,1.7693665027618408,2.0
40,122,-3.230998992919922,5.030400276184082,2.0
40,123,-16.5690975189209,7.933840274810791,23.0
40,124,-14.937337875366211,4.453693389892578,98.0
40,125,-19.78036880493164,27.02407455444336,418.0
40,126,-9.324758529663086,22.38190269470215,9.0
40,127,-27.001319885253906,854.340576171875,2476.0
40,128,-1.658375859260559,1.393300175666809,1.0
40,129,-11.034225463867188,248.91531372070312,170.0
40,130,-5.929110050201416,1.8092474937438965,5.0
40,131,-7.54566764831543,2.126690149307251,6.0
40,132,-14.425860404968262,7.852541446685791,133.0
40,133,-11.675832748413086,2.890528678894043,4.0
40,134,-5.479973793029785,2.992157459259033,3.0
40,135,-8.10335922241211,5.0564866065979,11.0
40,136,-19.70325469970703,26.678972244262695,466.0
40,137,-6.034891128540039,4.5209527015686035,4.0
40,138,-11.216700553894043,16.51344871520996,589.0
40,139,-6.884135723114014,31.251514434814453,36.0
40,140,-27.817157745361328,7.293181419372559,32.0
40,141,-3.817429542541504,2.1457431316375732,6.0
40,142,-2.2923667430877686,1.5816575288772583,2.0
40,143,-1.6959795951843262,1.5280537605285645,1.0
40,144,-11.001445770263672,59960.7734375,824.0
40,145,-12.348424911499023,4.6811933517456055,12.0
40,146,-11.275087356567383,2.2375094890594482,5.0
40,147,-11.360549926757812,9.699845314025879,51.0
40,148,-6.910829067230225,2.6838741302490234,3.0
42,0,-7.256349563598633,4.268531322479248,13.0
42,1,-5.126392364501953,2.7878715991973877,4.0
42,2,-18.498703002929688,4.671865940093994,270.0
42,3,-5.780215263366699,2.6205105781555176,7.0
42,4,-5.901191711425781,4.37233829498291,9.0
42,5,-13.05667495727539,77.65103149414062,31.0
42,6,-1.7834242582321167,1.4285856485366821,1.0
42,7,-5.7322492599487305,3.147000551223755,3.0
42,8,-11.023641586303711,9.067788124084473,24.0
42,9,-11.486644744873047,9.947575569152832,893.0
42,10,-3.067469358444214,4.635456562042236,2.0
42,11,-6.689940452575684,5.325385570526123,40.0
42,12,-7.120084762573242,2.205866813659668,6.0
42,13,-8.601508140563965,4.1937055587768555,9.0
42,14,-6.790361404418945,3.8886895179748535,4.0
42,15,-20.16925811767578,56.47801971435547,555.0
42,16,-10.9443359375,15.426456451416016,26.0
42,17,-16.320396423339844,6.131119728088379,11.0
42,18,-5.417604923248291,15.0112886428833,17.0
42,19,-13.988651275634766,16.407363891601562,15.0
42,20,-10.650430679321289,14.3336181640625,63.0
42,21,-12.847308158874512,24.824399948120117,1392.0
42,22,-12.390192985534668,3.452226161956787,8.0
42,23,-11.736598014831543,10.457501411437988,10.0
42,24,-16.034923553466797,7.421383380889893,24.0
42,25,-13.024553298950195,13.53001594543457,37.0
42,26,-2.1301488876342773,1.531166434288025,2.0
42,27,-18.81184959411621,8.086576461791992,148.0
42,28,-4.189454078674316,2.8501269817352295,2.0
42,29,-3.3566384315490723,2.3144211769104004,2.0
42,30,-4.48741340637207,4.462925434112549,3.0
42,31,-7.189346790313721,3.3142271041870117,12.0
42,32,-5.928975582122803,19.3847713470459,22.0
42,33,-3.269684076309204,2.2646517753601074,3.0
42,34,-16.956069946289062,6.579823017120361,41.0
42,35,-2.713902235031128,2.4710276126861572,2.0
42,36,-8.715007781982422,18.265291213989258,136.0
42,37,-4.042275905609131,3.8475067615509033,4.0
42,38,-5.743767738342285,4.2036027908325195,3.0
42,39,-5.578769207000732,2.533989429473877,6.0
42,40,-6.232222557067871,3.4779551029205322,7.0
42,41,-13.466269493103027,89.01070404052734,376.0
42,42,-3.8215482234954834,2.5996766090393066,2.0
42,43,-5.7285261154174805,17.53612518310547,14.0
42,44,-1.0647555589675903,1.2373241186141968,1.0
42,45,-11.262977600097656,9.5123929977417,22.0
42,46,-7.981284141540527,3.1273417472839355,3.0
42,47,-1.6738401651382446,1.3217722177505493,2.0
42,48,-1.3034071922302246,1.3852100372314453,1.0
42,49,-22.645225524902344,7.835439205169678,47.0
42,50,-13.707571983337402,5.5480499267578125,11.0
42,51,-9.211668014526367,3.1628024578094482,4.0
42,52,-2.7941524982452393,1.5931164026260376,2.0
42,53,-16.075090408325195,7.458738327026367,36.0
42,54,-20.280725479125977,29.374326705932617,7.0
42,55,-7.736836910247803,3.6308720111846924,20.0
42,56,-10.444021224975586,32.503257751464844,21.0
42,57,-15.84776496887207,52.55925750732422,87.0
42,58,-14.637447357177734,6.231898307800293,52.0
42,59,-6.959785461425781,2.7027103900909424,16.0
42,60,-13.598024368286133,3.1054811477661133,5.0
42,61,-4.544938087463379,3.1150169372558594,2.0
42,62,-3.4968247413635254,1.548215627670288,2.0
42,63,-7.026118755340576,2.7284433841705322,133.0
42,64,-7.307226181030273,2.07658052444458,4.0
42,65,-6.504455089569092,3.67256760597229,2.0
42,66,-7.240396022796631,2.4720544815063477,22.0
42,67,-8.153903007507324,2.4743783473968506,24.0
42,68,-2.656198501586914,1.4614907503128052,1.0
42,69,-25.306373596191406,3.7882885932922363,63.0
42,70,-10.16383171081543,7.635178565979004,39.0
42,71,-5.868206024169922,2.082409620285034,2.0
42,72,-5.372324466705322,1.9572502374649048,2.0
42,73,-4.4566192626953125,1.6407934427261353,2.0
42,74,-2.562828540802002,1.8978224992752075,2.0
42,75,-4.713746547698975,3.2492904663085938,17.0
42,76,-9.885457038879395,2.4563534259796143,4.0
42,77,-7.264958381652832,2.4796559810638428,21.0
42,78,-10.942178726196289,4.773922920227051,9.0
42,79,-4.580682754516602,9.87830924987793,9.0
42,80,-16.808582305908203,66.8295669555664,141.0
42,81,-4.224720001220703,1.5990557670593262,2.0
42,82,-4.120966911315918,2.8017430305480957,5.0
42,83,-17.5714168548584,4.940178394317627,37.0
42,84,-2.075990676879883,1.9977006912231445,1.0
42,85,-8.641084671020508,17.820714950561523,22.0
42,86,-5.64836311340332,16.847150802612305,17.0
42,87,-15.715723037719727,7.131099224090576,26.0
42,88,-10.45761775970459,32.65090560913086,8.0
42,89,-9.25862979888916,21.89394187927246,29.0
42,90,-3.45926833152771,5.6385908126831055,5.0
42,91,-8.83212661743164,9.097790718078613,5.0
42,92,-3.4450814723968506,1.7756743431091309,2.0
42,93,-30.5679931640625,163.14926147460938,630.0
42,94,-13.488789558410645,5.398379325866699,115.0
42,95,-1.8188451528549194,1.5757184028625488,2.0
42,96,-9.686622619628906,11.264493942260742,10.0
42,97,-5.074088096618652,5.426870822906494,2.0
42,98,-4.782690048217773,3.3057801723480225,11.0
42,99,-4.738451957702637,1.6929874420166016,5.0
42,100,-1.5007600784301758,2.117804765701294,1.0
42,101,-4.827147960662842,2.62591552734375,10.0
42,102,-5.9435601234436035,2.1021170616149902,3.0
42,103,-2.962082862854004,1.808353304862976,2.0
42,104,-15.17132568359375,8.734950065612793,15.0
42,105,-10.380105972290039,31.818099975585938,99.0
42,106,-10.998083114624023,9.021553993225098,9.0
42,107,-17.58202362060547,18.733945846557617,2997.0
42,108,-25.017358779907227,12.203660011291504,652.0
42,109,-4.774126052856445,2.5982165336608887,5.0
42,110,-7.825430870056152,7.073515892028809,9.0
42,111,-6.446605682373047,2.23854398727417,7.0
42,112,-8.187671661376953,7.743996620178223,19.0
42,113,-11.101527214050293,2.5221893787384033,28.0
42,114,-5.625370025634766,6.521623611450195,7.0
42,115,-3.2209887504577637,1.9044585227966309,2.0
42,116,-10.559988021850586,14.013162612915039,4.0
42,117,-7.543605804443359,3.5158016681671143,15.0
42,118,-5.103668212890625,2.7752299308776855,15.0
42,119,-20.06082534790039,5.321394443511963,10.0
42,120,-13.605358123779297,6.984005451202393,59.0
42,121,-1.7120168209075928,1.769456148147583,2.0
42,122,-3.1948556900024414,4.940309047698975,2.0
42,123,-16.564456939697266,7.929239749908447,23.0
42,124,-14.832786560058594,4.407371997833252,98.0
42,125,-19.774335861206055,26.996919631958008,422.0
42,126,-9.230230331420898,21.687658309936523,9.0
42,127,-27.100379943847656,875.7625732421875,2483.0
42,128,-1.6007490158081055,1.3773341178894043,1.0
42,129,-10.970781326293945,241.1431427001953,165.0
42,130,-6.010077476501465,1.82395601272583,6.0
42,131,-7.425201892852783,2.101224422454834,5.0
42,132,-14.408329963684082,7.8329010009765625,131.0
42,133,-11.60261058807373,2.871351480484009,4.0
42,134,-5.446689128875732,2.9723050594329834,3.0
42,135,-8.085063934326172,5.038017749786377,11.0
42,136,-19.7277774810791,26.788238525390625,476.0
42,137,-6.049864768981934,4.537908554077148,4.0
42,138,-11.234309196472168,16.5863037109375,584.0
42,139,-6.753923416137695,29.28166961669922,32.0
42,140,-27.70490264892578,7.2349371910095215,32.0
42,141,-3.744877576828003,2.1148321628570557,6.0
42,142,-2.2567622661590576,1.5704346895217896,2.0
42,143,-1.6239702701568604,1.500791311264038,1.0
42,144,-11.03731918334961,62150.8125,832.0
42,145,-12.29941463470459,4.652602672576904,11.0
42,146,-11.28611946105957,2.2392730712890625,5.0
42,147,-11.351296424865723,9.68191146850586,53.0
42,148,-6.823253154754639,2.650505781173706,3.0
44,0,-7.280276298522949,4.289007186889648,17.0
44,1,-5.158558368682861,2.8058645725250244,4.0
44,2,-18.670072555541992,4.739062786102295,311.0
44,3,-5.761275768280029,2.6122519969940186,7.0
44,4,-6.10331916809082,4.598958492279053,9.0
44,5,-13.078865051269531,78.22752380371094,31.0
44,6,-1.784162998199463,1.428796648979187,1.0
44,7,-5.591695785522461,3.0597684383392334,3.0
44,8,-10.991739273071289,9.010114669799805,24.0
44,9,-11.545733451843262,10.065831184387207,930.0
44,10,-3.034425973892212,4.559499740600586,2.0
44,11,-6.637442588806152,5.255949020385742,39.0
44,12,-7.016026496887207,2.180509328842163,6.0
44,13,-8.487445831298828,4.114734649658203,9.0
44,14,-6.477912425994873,3.653123617172241,4.0
44,15,-20.213651657104492,56.98170852661133,607.0
44,16,-10.902460098266602,15.265800476074219,29.0
44,17,-16.319944381713867,6.130812168121338,11.0
44,18,-5.336548805236816,14.41507339477539,17.0
44,19,-13.891539573669434,16.09177017211914,15.0
44,20,-10.76050853729248,14.733549118041992,64.0
44,21,-12.749094009399414,24.222293853759766,1362.0
44,22,-12.227163314819336,3.3964009284973145,8.0
44,23,-11.579719543457031,10.134485244750977,10.0
44,24,-15.64260482788086,7.066219806671143,21.0
44,25,-12.864736557006836,13.104389190673828,36.0
44,26,-2.0646162033081055,1.5112290382385254,2.0
44,27,-18.633285522460938,7.92771577835083,155.0
44,28,-4.086330413818359,2.7775871753692627,2.0
44,29,-3.386415481567383,2.331714630126953,2.0
44,30,-4.506381988525391,4.491232872009277,3.0
44,31,-7.100594520568848,3.26556396484375,12.0
44,32,-5.928962707519531,19.384645462036133,22.0
44,33,-3.3015758991241455,2.2827799320220947,3.0
44,34,-16.84225845336914,6.497140407562256,41.0
44,35,-2.7227723598480225,2.478344678878784,2.0
44,36,-8.651386260986328,17.882015228271484,133.0
44,37,-3.9982259273529053,3.7914252281188965,4.0
44,38,-5.686106204986572,4.1434407234191895,3.0
44,39,-5.486560344696045,2.495344400405884,6.0
44,40,-6.197981834411621,3.454219102859497,7.0
44,41,-13.39864730834961,87.0267562866211,361.0
44,42,-3.824986457824707,2.601912260055542,2.0
44,43,-5.72710657119751,17.523681640625,14.0
44,44,-1.0647488832473755,1.2373225688934326,1.0
44,45,-11.229751586914062,9.449389457702637,23.0
44,46,-7.9466633796691895,3.111912727355957,3.0
44,47,-1.721688985824585,1.3323551416397095,2.0
44,48,-1.308082938194275,1.38683021068573,1.0
44,49,-22.7784423828125,7.930907249450684,48.0
44,50,-13.928668022155762,5.703519821166992,11.0
44,51,-9.22886848449707,3.169610023498535,4.0
44,52,-2.7603859901428223,1.584175944328308,2.0
44,53,-15.74692440032959,7.158966541290283,36.0
44,54,-20.52079963684082,30.5734920501709,7.0
44,55,-7.694309234619141,3.605227470397949,20.0
44,56,-10.392083168029785,31.945383071899414,21.0
44,57,-15.765046119689941,51.48350524902344,87.0
44,58,-14.649208068847656,6.241065979003906,51.0
44,59,-7.055009841918945,2.73972749710083,16.0
44,60,-13.689363479614258,3.129209041595459,5.0
44,61,-4.5686869621276855,3.13356614112854,2.0
44,62,-3.471573829650879,1.5433366298675537,2.0
44,63,-6.975275039672852,2.708697557449341,123.0
44,64,-7.239606857299805,2.0625863075256348,3.0
44,65,-6.561025142669678,3.714354991912842,2.0
44,66,-7.118128299713135,2.4345600605010986,21.0
44,67,-8.077953338623047,2.453585386276245,24.0
44,68,-2.597344398498535,1.4492542743682861,1.0
44,69,-25.186994552612305,3.7645609378814697,65.0
44,70,-10.074831008911133,7.500474452972412,36.0
44,71,-5.780488967895508,2.059701681137085,2.0
44,72,-5.357087135314941,1.9535257816314697,2.0
44,73,-4.350001811981201,1.6214706897735596,2.0
44,74,-2.5518136024475098,1.8926033973693848,2.0
44,75,-4.747124671936035,3.276517629623413,17.0
44,76,-9.675674438476562,2.40995192527771,4.0
44,77,-7.037628650665283,2.4101850986480713,14.0
44,78,-11.266850471496582,5.000560760498047,14.0
44,79,-4.498315334320068,9.479747772216797,9.0
44,80,-16.63637924194336,64.0135498046875,136.0
44,81,-4.2243194580078125,1.5989845991134644,2.0
44,82,-4.153860569000244,2.824877977371216,5.0
44,83,-17.48210334777832,4.9002299308776855,37.0
44,84,-2.160118818283081,2.0545146465301514,1.0
44,85,-8.538043975830078,17.219022750854492,21.0
44,86,-5.690202713012695,17.20330238342285,17.0
44,87,-15.88776969909668,7.286120414733887,29.0
44,88,-10.193412780761719,29.898378372192383,8.0
44,89,-9.247649192810059,21.813953399658203,29.0
44,90,-3.453442096710205,5.622189044952393,5.0
44,91,-8.743277549743652,8.897936820983887,5.0
44,92,-3.4739885330200195,1.7842499017715454,3.0
44,93,-30.637672424316406,165.05502319335938,632.0
44,94,-13.425772666931152,5.356022357940674,113.0
44,95,-1.809868574142456,1.5721862316131592,2.0
44,96,-9.564430236816406,10.92558765411377,10.0
44,97,-5.103427410125732,5.4802045822143555,2.0
44,98,-4.680365562438965,3.2222869396209717,10.0
44,99,-4.827155113220215,1.709755778312683,5.0
44,100,-1.4654783010482788,2.0807723999023438,1.0
44,101,-4.795376777648926,2.6092827320098877,9.0
44,102,-5.970026969909668,2.1090831756591797,3.0
44,103,-2.9154481887817383,1.791565179824829,2.0
44,104,-15.117413520812988,8.66793441772461,15.0
44,105,-10.464309692382812,32.723819732666016,105.0
44,106,-10.961984634399414,8.956655502319336,9.0
44,107,-17.608667373657227,18.817323684692383,3130.0
44,108,-24.98223114013672,12.160865783691406,626.0
44,109,-4.737043380737305,2.5790181159973145,5.0
44,110,-7.8239521980285645,7.070902347564697,10.0
44,111,-6.45872688293457,2.241938591003418,7.0
44,112,-8.177143096923828,7.723640441894531,19.0
44,113,-10.772201538085938,2.4539120197296143,20.0
44,114,-5.607228755950928,6.482305526733398,7.0
44,115,-3.1861484050750732,1.891234278678894,2.0
44,116,-10.555453300476074,13.997284889221191,4.0
44,117,-7.55441427230835,3.5221409797668457,14.0
44,118,-5.069499492645264,2.7563297748565674,15.0
44,119,-19.87496566772461,5.239610195159912,9.0
44,120,-13.559228897094727,6.9381327629089355,61.0
44,121,-1.7569901943206787,1.7961821556091309,2.0
44,122,-3.2851173877716064,5.16837739944458,2.0
44,123,-16.607580184936523,7.972096920013428,23.0
44,124,-14.866266250610352,4.422152519226074,102.0
44,125,-19.75582504272461,26.913759231567383,423.0
44,126,-9.20567512512207,21.51087188720703,9.0
44,127,-27.120975494384766,880.2833251953125,2559.0
44,128,-1.5260686874389648,1.3569148778915405,1.0
44,129,-10.98379898071289,242.71780395507812,163.0
44,130,-6.029231071472168,1.8274527788162231,6.0
44,131,-7.395873069763184,2.0950706005096436,5.0
44,132,-14.571391105651855,8.017505645751953,137.0
44,133,-11.623468399047852,2.876801013946533,4.0
44,134,-5.410934925079346,2.9511265754699707,3.0
44,135,-8.101990699768066,5.055102348327637,11.0
44,136,-19.78070640563965,27.02559471130371,475.0
44,137,-5.975107192993164,4.453885078430176,4.0
44,138,-11.182780265808105,16.374006271362305,587.0
44,139,-6.779106616973877,29.65270233154297,32.0
44,140,-27.782001495361328,7.274889945983887,31.0
44,141,-3.6625895500183105,2.0803120136260986,6.0
44,142,-2.2957873344421387,1.5827399492263794,2.0
44,143,-1.6652989387512207,1.5163781642913818,1.0
44,144,-10.974437713623047,58363.0234375,829.0
44,145,-12.239322662353516,4.617785930633545,11.0
44,146,-11.204100608825684,2.2261929512023926,5.0
44,147,-11.29736614227295,9.578042984008789,56.0
44,148,-6.83738899230957,2.6558635234832764,3.0
46,0,-7.300206184387207,4.306137561798096,17.0
46,1,-5.188389301300049,2.8226547241210938,4.0
46,2,-18.72929573059082,4.762509346008301,356.0
46,3,-5.804793834686279,2.6312673091888428,8.0
46,4,-6.050374984741211,4.538486957550049,9.0
46,5,-13.036469459533691,77.12982177734375,31.0
46,6,-1.7710336446762085,1.425049901008606,1.0
46,7,-5.481008529663086,2.992776870727539,3.0
46,8,-11.022607803344727,9.065914154052734,23.0
46,9,-11.359015464782715,9.696869850158691,888.0
46,10,-3.0513508319854736,4.598248481750488,2.0
46,11,-6.581873416900635,5.183436870574951,37.0
46,12,-7.034843921661377,2.1850733757019043,6.0
46,13,-8.446959495544434,4.087062835693359,9.0
46,14,-6.348681449890137,3.5599136352539062,4.0
46,15,-20.09119415283203,55.60310745239258,591.0
46,16,-10.614630699157715,14.205904960632324,22.0
46,17,-16.185178756713867,6.039693355560303,10.0
46,18,-5.421359539031982,15.039495468139648,17.0
46,19,-13.850767135620117,15.961085319519043,15.0
46,20,-10.805793762207031,14.901300430297852,64.0
46,21,-12.71114444732666,23.993576049804688,1358.0
46,22,-12.110330581665039,3.3569507598876953,8.0
46,23,-11.472884178161621,9.92023754119873,10.0
46,24,-15.370808601379395,6.8301801681518555,21.0
46,25,-12.781841278076172,12.888924598693848,36.0
46,26,-2.027420997619629,1.5000286102294922,2.0
46,27,-18.512083053588867,7.8216705322265625,155.0
46,28,-4.09329891204834,2.7824299335479736,2.0
46,29,-3.434870719909668,2.3601322174072266,2.0
46,30,-4.514857769012451,4.503940105438232,3.0
46,31,-7.071049690246582,3.249523162841797,12.0
46,32,-5.900157928466797,19.107463836669922,22.0
46,33,-3.3180198669433594,2.2921836376190186,3.0
46,34,-16.739622116088867,6.423467636108398,39.0
46,35,-2.7440390586853027,2.4959754943847656,2.0
46,36,-8.692564010620117,18.129152297973633,134.0
46,37,-3.931159734725952,3.707606554031372,4.0
46,38,-5.707446575164795,4.165605545043945,3.0
46,39,-5.51690673828125,2.5079970359802246,6.0
46,40,-6.184560775756836,3.4449591636657715,7.0
46,41,-13.429343223571777,87.92178344726562,372.0
46,42,-3.7950406074523926,2.582505941390991,2.0
46,43,-5.801396369934082,18.186838150024414,14.0
46,44,-1.0786374807357788,1.2407642602920532,1.0
46,45,-11.185750961303711,9.366600036621094,22.0
46,46,-7.928476333618164,3.1038382053375244,3.0
46,47,-1.6799635887145996,1.3231217861175537,2.0
46,48,-1.3339776992797852,1.3958371877670288,1.0
46,49,-22.832246780395508,7.969795227050781,49.0
46,50,-14.022003173828125,5.77045202255249,11.0
46,51,-9.13241958618164,3.1316261291503906,3.0
46,52,-2.7321605682373047,1.576741099357605,2.0
46,53,-15.577885627746582,7.0092854499816895,36.0
46,54,-20.685821533203125,31.42603874206543,7.0
46,55,-7.682671070098877,3.5982413291931152,20.0
46,56,-10.367301940917969,31.682592391967773,20.0
46,57,-15.775312423706055,51.615814208984375,87.0
46,58,-14.64232349395752,6.2356977462768555,47.0
46,59,-7.107435703277588,2.7603237628936768,16.0
46,60,-13.74837875366211,3.1446361541748047,5.0
46,61,-4.543215751647949,3.113675832748413,2.0
46,62,-3.426513195037842,1.534668207168579,2.0
46,63,-6.9243645668029785,2.6890687942504883,118.0
46,64,-7.277444839477539,2.0704054832458496,4.0
46,65,-6.5679450035095215,3.719498872756958,2.0
46,66,-7.043549060821533,2.4119694232940674,20.0
46,67,-8.08426570892334,2.4553070068359375,23.0
46,68,-2.5274977684020996,1.4348655939102173,1.0
46,69,-25.177597045898438,3.762699604034424,67.0
46,70,-10.109383583068848,7.552486419677734,36.0
46,71,-5.74744987487793,2.051212787628174,2.0
46,72,-5.325904846191406,1.9459261894226074,2.0
46,73,-4.206992149353027,1.5959092378616333,2.0
46,74,-2.5572311878204346,1.8951685428619385,2.0
46,75,-4.7341084480285645,3.2658729553222656,17.0
46,76,-9.46524715423584,2.364288091659546,2.0
46,77,-6.893122673034668,2.3670401573181152,13.0
46,78,-11.437493324279785,5.123960018157959,16.0
46,79,-4.394690036773682,9.001083374023438,9.0
46,80,-16.45940399169922,61.24308776855469,131.0
46,81,-4.142383098602295,1.5844935178756714,2.0
46,82,-4.229911804199219,2.879100799560547,5.0
46,83,-17.432485580444336,4.878176212310791,36.0
46,84,-2.102405071258545,2.0153677463531494,1.0
46,85,-8.37518310546875,16.309173583984375,21.0
46,86,-5.716722011566162,17.43292999267578,18.0
46,87,-15.877305030822754,7.276595592498779,28.0
46,88,-10.130573272705078,29.27862548828125,8.0
46,89,-9.284262657165527,22.081811904907227,29.0
46,90,-3.5043723583221436,5.767197132110596,5.0
46,91,-8.68045711517334,8.759284019470215,5.0
46,92,-3.4988441467285156,1.791656732559204,3.0
46,93,-30.56192970275879,162.98451232910156,630.0
46,94,-13.359928131103516,5.312119960784912,112.0
46,95,-1.789170265197754,1.564071774482727,2.0
46,96,-9.528397560119629,10.827610969543457,10.0
46,97,-5.162387847900391,5.588974952697754,2.0
46,98,-4.661162853240967,3.206855297088623,10.0
46,99,-4.820319652557373,1.7084578275680542,5.0
46,100,-1.4645771980285645,2.0798351764678955,1.0
46,101,-4.816330909729004,2.6202406883239746,11.0
46,102,-6.013823986053467,2.1206612586975098,3.0
46,103,-2.891805648803711,1.7831138372421265,2.0
46,104,-15.178030967712402,8.743321418762207,15.0
46,105,-10.557023048400879,33.750919342041016,114.0
46,106,-10.824324607849121,8.713425636291504,9.0
46,107,-17.590858459472656,18.761552810668945,3057.0
46,108,-24.963279724121094,12.137840270996094,634.0
46,109,-4.763184547424316,2.5925369262695312,5.0
46,110,-7.820427894592285,7.0646748542785645,10.0
46,111,-6.481779098510742,2.2484078407287598,7.0
46,112,-8.150590896606445,7.672540664672852,18.0
46,113,-10.429808616638184,2.3848845958709717,19.0
46,114,-5.633039951324463,6.538318157196045,7.0
46,115,-3.189819097518921,1.8926233053207397,2.0
46,116,-10.534051895141602,13.92259407043457,4.0
46,117,-7.70046329498291,3.6089272499084473,17.0
46,118,-5.0938191413879395,2.769768714904785,15.0
46,119,-19.697803497314453,5.162823677062988,6.0
46,120,-13.50580883026123,6.8853864669799805,61.0
46,121,-1.7954264879226685,1.8193432092666626,2.0
46,122,-3.318171977996826,5.254505634307861,2.0
46,123,-16.608291625976562,7.972805976867676,22.0
46,124,-14.893803596496582,4.434346675872803,104.0
46,125,-19.748611450195312,26.881418228149414,419.0
46,126,-9.19825553894043,21.457733154296875,8.0
46,127,-26.946674346923828,842.74853515625,2538.0
46,128,-1.4990252256393433,1.3495956659317017,1.0
46,129,-10.88059139251709,230.51034545898438,148.0
46,130,-6.026009559631348,1.826864242553711,6.0
46,131,-7.267261505126953,2.068298101425171,5.0
46,132,-14.549762725830078,7.992771148681641,138.0
46,133,-11.622503280639648,2.8765485286712646,4.0
46,134,-5.380293846130371,2.9330966472625732,3.0
46,135,-8.046440124511719,4.999250411987305,11.0
46,136,-19.71950912475586,26.751346588134766,467.0
46,137,-6.033823013305664,4.519745826721191,4.0
46,138,-11.204912185668945,16.464853286743164,598.0
46,139,-6.814332485198975,30.179601669311523,30.0
46,140,-27.817100524902344,7.29315185546875,31.0
46,141,-3.624814987182617,2.06465482711792,5.0
46,142,-2.400535821914673,1.616247534751892,2.0
46,143,-1.6940683126449585,1.527323842048645,1.0
46,144,-10.974592208862305,58372.0390625,830.0
46,145,-12.143775939941406,4.562962055206299,11.0
46,146,-11.138468742370605,2.2157809734344482,5.0
46,147,-11.23759651184082,9.464228630065918,55.0
46,148,-6.792680740356445,2.6389551162719727,3.0
48,0,-7.183431148529053,4.206732749938965,14.0
48,1,-5.10329008102417,2.775020122528076,4.0
48,2,-18.789430618286133,4.786435127258301,323.0
48,3,-5.738612174987793,2.602403402328491,7.0
48,4,-5.94062614440918,4.415656566619873,9.0
48,5,-13.134771347045898,79.69902038574219,32.0
48,6,-1.8058695793151855,1.4350130558013916,1.0
48,7,-5.354601860046387,2.9180638790130615,3.0
48,8,-10.980931282043457,8.990660667419434,23.0
48,9,-11.334856033325195,9.650126457214355,870.0
48,10,-3.0454463958740234,4.584693431854248,2.0
48,11,-6.582126140594482,5.183764934539795,35.0
48,12,-6.787899971008301,2.125933885574341,6.0
48,13,-8.292740821838379,3.983351230621338,9.0
48,14,-6.320024490356445,3.5395686626434326,4.0
48,15,-20.194812774658203,56.76741027832031,593.0
48,16,-10.587096214294434,14.108451843261719,22.0
48,17,-16.22195053100586,6.064420700073242,11.0
48,18,-5.41023588180542,14.956080436706543,17.0
48,19,-13.740703582763672,15.61357593536377,15.0
48,20,-10.900884628295898,15.259788513183594,61.0
48,21,-12.592365264892578,23.29156494140625,1257.0
48,22,-12.408878326416016,3.4586830139160156,10.0
48,23,-11.438363075256348,9.851980209350586,9.0
48,24,-15.612378120422363,7.039571285247803,20.0
48,25,-12.85345458984375,13.074853897094727,38.0
48,26,-2.0765790939331055,1.514849066734314,2.0
48,27,-18.466106414794922,7.7818145751953125,153.0
48,28,-3.9600930213928223,2.6912970542907715,2.0
48,29,-3.387700080871582,2.332463502883911,2.0
48,30,-4.47740364074707,4.44805908203125,3.0
48,31,-7.064279556274414,3.245858907699585,12.0
48,32,-5.88091516494751,18.92450523376465,21.0
48,33,-3.2174160480499268,2.2352519035339355,3.0
48,34,-16.824644088745117,6.484436511993408,42.0
48,35,-2.7107632160186768,2.4684433937072754,2.0
48,36,-8.720946311950684,18.301485061645508,135.0
48,37,-3.9502627849578857,3.731290817260742,4.0
48,38,-5.711435794830322,4.169762134552002,3.0
48,39,-5.520828723907471,2.5096371173858643,6.0
48,40,-6.006095886230469,3.324167251586914,5.0
48,41,-13.480290412902832,89.42766571044922,377.0
48,42,-3.8350844383239746,2.6084887981414795,2.0
48,43,-5.7172088623046875,17.43717384338379,14.0
48,44,-0.997931957244873,1.2208976745605469,1.0
48,45,-11.275585174560547,9.536408424377441,23.0
48,46,-7.8554253578186035,3.071615219116211,3.0
48,47,-1.5760245323181152,1.3003984689712524,2.0
48,48,-1.2220169305801392,1.3573092222213745,1.0
48,49,-22.54817008972168,7.766608238220215,44.0
48,50,-13.91043758392334,5.690537929534912,11.0
48,51,-9.074058532714844,3.1088638305664062,3.0
48,52,-2.71079421043396,1.5711361169815063,2.0
48,53,-15.348848342895508,6.81145715713501,36.0
48,54,-20.768295288085938,31.86099624633789,7.0
48,55,-7.623219013214111,3.5627636909484863,20.0
48,56,-10.470879554748535,32.79556655883789,21.0
48,57,-15.871603965759277,52.873435974121094,87.0
48,58,-14.447982788085938,6.086041450500488,46.0
48,59,-7.16165828704834,2.7817883491516113,16.0
48,60,-13.54228401184082,3.0910897254943848,5.0
48,61,-4.46907901763916,3.056497812271118,2.0
48,62,-3.2649669647216797,1.5039888620376587,2.0
48,63,-6.7824602127075195,2.6351048946380615,104.0
48,64,-7.164131164550781,2.0470774173736572,3.0
48,65,-6.612459182739258,3.752761125564575,2.0
48,66,-6.955069541931152,2.3854403495788574,19.0
48,67,-7.889130592346191,2.402644634246826,23.0
48,68,-2.325643539428711,1.3940801620483398,1.0
48,69,-24.921091079711914,3.71224308013916,66.0
48,70,-9.97342300415039,7.349884510040283,34.0
48,71,-5.668195724487305,2.030992269515991,2.0
48,72,-5.2046217918396,1.9166477918624878,2.0
48,73,-3.7931408882141113,1.5241854190826416,2.0
48,74,-2.5380282402038574,1.886092185974121,2.0
48,75,-4.664544582366943,3.2095673084259033,17.0
48,76,-9.053905487060547,2.2775089740753174,2.0
48,77,-6.219751358032227,2.175957679748535,9.0
48,78,-11.093663215637207,4.878359794616699,11.0
48,79,-4.350006103515625,8.80221176147461,9.0
48,80,-16.693134307861328,64.92829895019531,141.0
48,81,-4.052434921264648,1.5687364339828491,2.0
48,82,-4.15733528137207,2.8273329734802246,5.0
48,83,-17.206676483154297,4.779057502746582,35.0
48,84,-2.1485536098480225,2.04660964012146,1.0
48,85,-8.322357177734375,16.024505615234375,20.0
48,86,-5.545953273773193,16.006208419799805,16.0
48,87,-15.799056053161621,7.2057695388793945,28.0
48,88,-10.084501266479492,28.832422256469727,8.0
48,89,-9.358657836914062,22.636249542236328,30.0
48,90,-3.4296956062316895,5.5558295249938965,5.0
48,91,-8.727527618408203,8.862970352172852,5.0
48,92,-3.436331272125244,1.7730865478515625,2.0
48,93,-30.639537811279297,165.10635375976562,647.0
48,94,-13.38895320892334,5.331428527832031,109.0
48,95,-1.7413042783737183,1.5454668998718262,2.0
48,96,-9.49352741241455,10.733631134033203,10.0
48,97,-5.204354286193848,5.667707443237305,2.0
48,98,-4.798956394195557,3.3192508220672607,11.0
48,99,-4.556329727172852,1.659072756767273,4.0
48,100,-1.3796229362487793,1.9933396577835083,1.0
48,101,-4.770481586456299,2.596323251724243,9.0
48,102,-5.9006500244140625,2.090872287750244,3.0
48,103,-2.8591840267181396,1.7715179920196533,2.0
48,104,-15.17859172821045,8.744022369384766,15.0
48,105,-10.5156831741333,33.28902816772461,115.0
48,106,-10.737648010253906,8.563676834106445,9.0
48,107,-17.4825382232666,18.42588233947754,2905.0
48,108,-25.109813690185547,12.317011833190918,688.0
48,109,-4.70416259765625,2.5621135234832764,5.0
48,110,-7.943859577178955,7.286074638366699,12.0
48,111,-6.4283647537231445,2.233445882797241,7.0
48,112,-8.10565185546875,7.586822986602783,19.0
48,113,-10.389803886413574,2.3769474029541016,18.0
48,114,-5.595234394073486,6.456440448760986,7.0
48,115,-3.1395716667175293,1.8736984729766846,2.0
48,116,-10.490078926086426,13.770377159118652,4.0
48,117,-7.6386823654174805,3.571957588195801,15.0
48,118,-5.072235107421875,2.7578377723693848,14.0
48,119,-19.52096176147461,5.0872979164123535,6.0
48,120,-13.652366638183594,7.031064510345459,60.0
48,121,-1.8249309062957764,1.8373241424560547,2.0
48,122,-3.264037847518921,5.114189624786377,1.0
48,123,-16.50653839111328,7.872040271759033,21.0
48,124,-14.775760650634766,4.382310390472412,97.0
48,125,-19.79903793334961,27.108295440673828,437.0
48,126,-9.195514678955078,21.438138961791992,9.0
48,127,-27.084693908691406,872.3349609375,2525.0
48,128,-1.5096815824508667,1.3524750471115112,1.0
48,129,-10.967222213745117,240.7144012451172,147.0
48,130,-6.118752479553223,1.8438857793807983,6.0
48,131,-7.187518119812012,2.051870584487915,5.0
48,132,-14.463678359985352,7.89508056640625,134.0
48,133,-11.408943176269531,2.8212404251098633,4.0
48,134,-5.284637928009033,2.877516508102417,3.0
48,135,-7.898407936096191,4.853410720825195,11.0
48,136,-19.681976318359375,26.584529876708984,464.0
48,137,-6.034632205963135,4.520660400390625,4.0
48,138,-11.268636703491211,16.729257583618164,578.0
48,139,-6.679061412811279,28.205886840820312,26.0
48,140,-27.906871795654297,7.340067386627197,31.0
48,141,-3.621656894683838,2.0633511543273926,4.0
48,142,-2.418811321258545,1.6221660375595093,2.0
48,143,-1.5969021320343018,1.4906697273254395,1.0
48,144,-11.082789421081543,65042.05859375,845.0
48,145,-12.0717134475708,4.5220441818237305,11.0
48,146,-10.957304954528809,2.1872928142547607,5.0
48,147,-11.344482421875,9.668725967407227,54.0
48,148,-6.742807388305664,2.6202197074890137,3.0
50,0,-7.188222885131836,4.210766315460205,14.0
50,1,-4.985304355621338,2.7103042602539062,4.0
50,2,-18.771745681762695,4.779386043548584,307.0
50,3,-5.70459508895874,2.587690830230713,7.0
50,4,-5.880468368530273,4.3497443199157715,9.0
50,5,-13.165708541870117,80.52513885498047,35.0
50,6,-1.8008980751037598,1.433586835861206,1.0
50,7,-5.236540794372559,2.8499691486358643,3.0
50,8,-10.873138427734375,8.798909187316895,23.0
50,9,-11.20888900756836,9.410046577453613,834.0
50,10,-3.040781259536743,4.57401180267334,2.0
50,11,-6.525006294250488,5.11026668548584,32.0
50,12,-6.61096715927124,2.084547758102417,6.0
50,13,-8.146690368652344,3.8875598907470703,9.0
50,14,-6.296648025512695,3.5230586528778076,4.0
50,15,-20.231069564819336,57.18056869506836,586.0
50,16,-10.728715896606445,14.61690902709961,24.0
50,17,-16.29534912109375,6.11407995223999,11.0
50,18,-5.33764123916626,14.422948837280273,14.0
50,19,-13.637174606323242,15.293606758117676,15.0
50,20,-10.908945083618164,15.290569305419922,62.0
50,21,-12.592256546020508,23.290931701660156,1245.0
50,22,-12.411067962646484,3.459440231323242,12.0
50,23,-11.426586151123047,9.828803062438965,10.0
50,24,-15.695215225219727,7.112842082977295,19.0
50,25,-12.82505989074707,13.000814437866211,38.0
50,26,-2.0744223594665527,1.5141957998275757,2.0
50,27,-18.557498931884766,7.861238956451416,157.0
50,28,-3.831846237182617,2.6063780784606934,2.0
50,29,-3.337949275970459,2.3036327362060547,2.0
50,30,-4.465081691741943,4.429826736450195,3.0
50,31,-6.966935634613037,3.1936228275299072,12.0
50,32,-5.761491775512695,17.827566146850586,18.0
50,33,-3.187239170074463,2.2184524536132812,3.0
50,34,-16.820579528808594,6.481508731842041,42.0
50,35,-2.7270240783691406,2.4818596839904785,2.0
50,36,-8.73573112487793,18.39190101623535,136.0
50,37,-3.9465157985687256,3.7266335487365723,4.0
50,38,-5.6961283683776855,4.153835296630859,3.0
50,39,-5.619306564331055,2.5511674880981445,6.0
50,40,-5.851007461547852,3.222641944885254,5.0
50,41,-13.520246505737305,90.6266860961914,377.0
50,42,-3.8206281661987305,2.59907865524292,2.0
50,43,-5.684101104736328,17.150897979736328,14.0
50,44,-0.960395097732544,1.211766242980957,1.0
50,45,-11.284196853637695,9.552847862243652,22.0
50,46,-7.7412309646606445,3.0219132900238037,4.0
50,47,-1.4755362272262573,1.2788007259368896,2.0
50,48,-1.1822810173034668,1.3438925743103027,1.0
50,49,-22.35201644897461,7.6293416023254395,45.0
50,50,-13.837782859802246,5.6390910148620605,11.0
50,51,-9.034433364868164,3.09350323677063,4.0
50,52,-2.6476683616638184,1.5546931028366089,2.0
50,53,-15.293893814086914,6.764827251434326,36.0
50,54,-20.889572143554688,32.51154327392578,7.0
50,55,-7.547398090362549,3.5180246829986572,20.0
50,56,-10.52831745147705,33.42951583862305,21.0
50,57,-15.890973091125488,53.13008117675781,87.0
50,58,-14.351417541503906,6.0130205154418945,45.0
50,59,-7.167152404785156,2.78397274017334,16.0
50,60,-13.557906150817871,3.095116138458252,5.0
50,61,-4.428072452545166,3.0253238677978516,2.0
50,62,-3.141223907470703,1.480904459953308,2.0
50,63,-6.76265811920166,2.6276607513427734,97.0
50,64,-7.101523399353027,2.0343010425567627,3.0
50,65,-6.561310291290283,3.714566946029663,2.0
50,66,-6.836242198944092,2.3502702713012695,18.0
50,67,-7.870359897613525,2.3976387977600098,22.0
50,68,-2.196535348892212,1.3686033487319946,1.0
50,69,-24.788116455078125,3.6863532066345215,67.0
50,70,-9.94322681427002,7.305630683898926,34.0
50,71,-5.597821235656738,2.013204574584961,2.0
50,72,-5.17396879196167,1.909317970275879,2.0
50,73,-3.5434818267822266,1.4824857711791992,2.0
50,74,-2.5134174823760986,1.8745232820510864,2.0
50,75,-4.703193664550781,3.240729331970215,17.0
50,76,-8.787481307983398,2.2230095863342285,2.0
50,77,-5.893820762634277,2.089088201522827,6.0
50,78,-11.091754913330078,4.877029895782471,11.0
50,79,-4.320776462554932,8.674505233764648,9.0
50,80,-16.763309478759766,66.07743835449219,146.0
50,81,-4.101168155670166,1.5772539377212524,2.0
50,82,-4.163654804229736,2.831803321838379,5.0
50,83,-17.022253036499023,4.699600696563721,35.0
50,84,-2.0692315101623535,1.9932047128677368,1.0
50,85,-8.340944290161133,16.124095916748047,20.0
50,86,-5.449181079864502,15.250168800354004,16.0
50,87,-15.780470848083496,7.189048767089844,28.0
50,88,-10.088899612426758,28.87472152709961,8.0
50,89,-9.308305740356445,22.259492874145508,29.0
50,90,-3.3787379264831543,5.416061878204346,5.0
50,91,-8.792122840881348,9.007258415222168,5.0
50,92,-3.4725232124328613,1.7838143110275269,2.0
50,93,-30.594417572021484,163.869384765625,652.0
50,94,-13.456140518188477,5.376392364501953,111.0
50,95,-1.7174851894378662,1.5362913608551025,2.0
50,96,-9.454019546508789,10.62813663482666,10.0
50,97,-5.174213409423828,5.611049175262451,2.0
50,98,-4.8127923011779785,3.330751895904541,11.0
50,99,-4.542238712310791,1.6564772129058838,4.0
50,100,-1.3078478574752808,1.923072099685669,1.0
50,101,-4.830801963806152,2.627835273742676,10.0
50,102,-5.869558334350586,2.082761764526367,3.0
50,103,-2.8553686141967773,1.7701667547225952,2.0
50,104,-15.252187728881836,8.836440086364746,15.0
50,105,-10.477290153503418,32.86571502685547,114.0
50,106,-10.659048080444336,8.430109024047852,9.0
50,107,-17.436145782470703,18.283960342407227,2768.0
50,108,-25.073795318603516,12.272727966308594,678.0
50,109,-4.645018100738525,2.53198504447937,5.0
50,110,-7.909660816192627,7.224046230316162,12.0
50,111,-6.423422813415527,2.2320666313171387,7.0
50,112,-8.13502025604248,7.642731666564941,19.0
50,113,-10.281840324401855,2.3556580543518066,18.0
50,114,-5.567254543304443,6.396503925323486,7.0
50,115,-3.146254301071167,1.8762046098709106,2.0
50,116,-10.569767951965332,14.047466278076172,4.0
50,117,-7.468975067138672,3.472341537475586,14.0
50,118,-5.110154628753662,2.7788326740264893,14.0
50,119,-19.285907745361328,4.98861837387085,6.0
50,120,-13.627388000488281,7.0060200691223145,56.0
50,121,-1.8883532285690308,1.8765802383422852,2.0
50,122,-3.1656298637390137,4.868641376495361,1.0
50,123,-16.432392120361328,7.799417018890381,21.0
50,124,-14.723345756530762,4.359400749206543,95.0
50,125,-19.789997100830078,27.06747817993164,442.0
50,126,-9.200339317321777,21.472644805908203,9.0
50,127,-27.15763282775879,888.3876953125,2470.0
50,128,-1.4059014320373535,1.3246924877166748,1.0
50,129,-10.998764991760254,244.54087829589844,148.0
50,130,-6.077847480773926,1.836358904838562,6.0
50,131,-7.029211521148682,2.019643783569336,5.0
50,132,-14.546494483947754,7.989040374755859,133.0
50,133,-11.267206192016602,2.785121440887451,3.0
50,134,-5.257231712341309,2.8617873191833496,3.0
50,135,-7.771969795227051,4.732218265533447,11.0
50,136,-19.64686393737793,26.429407119750977,463.0
50,137,-6.043296813964844,4.530463218688965,4.0
50,138,-11.29134464263916,16.824499130249023,568.0
50,139,-6.59133768081665,26.995464324951172,24.0
50,140,-27.819564819335938,7.294435977935791,31.0
50,141,-3.6197075843811035,2.062546730041504,4.0
50,142,-2.490245819091797,1.645508050918579,2.0
50,143,-1.5517284870147705,1.473929762840271,1.0
50,144,-11.17965030670166,71657.296875,849.0
50,145,-11.93425178527832,4.44500732421875,11.0
50,146,-10.791337013244629,2.161515951156616,5.0
50,147,-11.395402908325195,9.767696380615234,54.0
50,148,-6.745573043823242,2.6212551593780518,3.0
52,0,-7.072993278503418,4.114834785461426,13.0
52,1,-5.001605987548828,2.7191548347473145,4.0
52,2,-18.440876007080078,4.649407386779785,294.0
52,3,-5.752860069274902,2.608590602874756,8.0
52,4,-5.917009353637695,4.389662265777588,9.0
52,5,-13.194992065429688,81.31501007080078,37.0
52,6,-1.8413268327713013,1.4452255964279175,1.0
52,7,-5.0541229248046875,2.747865915298462,3.0
52,8,-10.94810676574707,8.931831359863281,23.0
52,9,-11.077139854431152,9.165329933166504,786.0
52,10,-3.028468132019043,4.545938014984131,2.0
52,11,-6.50121545791626,5.079962253570557,32.0
52,12,-6.463876247406006,2.0507559776306152,6.0
52,13,-8.215290069580078,3.932262659072876,9.0
52,14,-6.196224212646484,3.453004837036133,4.0
52,15,-20.160232543945312,56.376155853271484,568.0
52,16,-10.758397102355957,14.725773811340332,24.0
52,17,-16.13873291015625,6.008604526519775,11.0
52,18,-5.3626179695129395,14.604198455810547,15.0
52,19,-13.497886657714844,14.873443603515625,15.0
52,20,-10.757112503051758,14.72104549407959,53.0
52,21,-12.534513473510742,22.95712661743164,1228.0
52,22,-12.643486022949219,3.540785312652588,13.0
52,23,-11.243498802185059,9.475406646728516,8.0
52,24,-15.582210540771484,7.013075828552246,19.0
52,25,-12.809781074523926,12.96114730834961,38.0
52,26,-2.0950472354888916,1.5204546451568604,2.0
52,27,-18.38052749633789,7.7081708908081055,144.0
52,28,-3.801787853240967,2.5868656635284424,2.0
52,29,-3.3483150005340576,2.309610366821289,2.0
52,30,-4.417590618133545,4.360253810882568,3.0
52,31,-6.91851806640625,3.167954921722412,12.0
52,32,-5.7177276611328125,17.44169807434082,19.0
52,33,-3.101573944091797,2.1714465618133545,3.0
52,34,-16.710254669189453,6.402541160583496,39.0
52,35,-2.6981921195983887,2.4581212997436523,2.0
52,36,-8.687535285949707,18.098791122436523,134.0
52,37,-3.863612651824951,3.6250600814819336,3.0
52,38,-5.687619686126709,4.1450090408325195,3.0
52,39,-5.719543933868408,2.5941460132598877,6.0
52,40,-5.842909812927246,3.2174270153045654,5.0
52,41,-13.535957336425781,91.10254669189453,390.0
52,42,-3.792598247528076,2.5809295177459717,2.0
52,43,-5.681700706481934,17.130327224731445,14.0
52,44,-0.9383698105812073,1.2064400911331177,1.0
52,45,-11.293699264526367,9.57102108001709,20.0
52,46,-7.777513027191162,3.037616729736328,3.0
52,47,-1.5089738368988037,1.285947322845459,2.0
52,48,-1.1807790994644165,1.3433880805969238,1.0
52,49,-22.1085262298584,7.46231746673584,43.0
52,50,-13.751240730285645,5.57841682434082,11.0
52,51,-8.973099708557129,3.0698769092559814,3.0
52,52,-2.6330480575561523,1.5509092807769775,2.0
52,53,-15.198834419250488,6.684920787811279,36.0
52,54,-20.85445213317871,32.321807861328125,7.0
52,55,-7.566257476806641,3.529100179672241,20.0
52,56,-10.483776092529297,32.93684387207031,21.0
52,57,-15.99097728729248,54.47513198852539,87.0
52,58,-14.268941879272461,5.951347827911377,39.0
52,59,-7.21645450592041,2.80364990234375,16.0
52,60,-13.441938400268555,3.0653493404388428,5.0
52,61,-4.395533561706543,3.0008134841918945,2.0
52,62,-3.1370890140533447,1.4801392555236816,2.0
52,63,-6.686275959014893,2.599144220352173,88.0
52,64,-7.086378574371338,2.0312225818634033,2.0
52,65,-6.482444763183594,3.6564364433288574,2.0
52,66,-6.728881359100342,2.3189401626586914,12.0
52,67,-7.792747497558594,2.37705135345459,22.0
52,68,-2.1322741508483887,1.356096863746643,1.0
52,69,-24.77212142944336,3.683250904083252,68.0
52,70,-9.817296028137207,7.123928546905518,32.0
52,71,-5.590522766113281,2.0113685131073,2.0
52,72,-5.154876708984375,1.9047666788101196,2.0
52,73,-3.4163222312927246,1.4616870880126953,2.0
52,74,-2.49601149559021,1.8663839101791382,2.0
52,75,-4.769161224365234,3.2946181297302246,17.0
52,76,-8.612555503845215,2.1879379749298096,2.0
52,77,-5.6581902503967285,2.0284535884857178,4.0
52,78,-11.155179977416992,4.921420097351074,11.0
52,79,-4.233299732208252,8.30327320098877,8.0
52,80,-16.645404815673828,64.15815734863281,138.0
52,81,-4.044570446014404,1.5673662424087524,2.0
52,82,-4.054793357849121,2.7557740211486816,5.0
52,83,-16.930273056030273,4.660467624664307,35.0
52,84,-2.1277222633361816,2.032447338104248,1.0
52,85,-8.185927391052246,15.31208610534668,19.0
52,86,-5.416059494018555,14.999693870544434,16.0
52,87,-15.600259780883789,7.028915882110596,27.0
52,88,-10.023398399353027,28.251113891601562,8.0
52,89,-9.34561824798584,22.538074493408203,29.0
52,90,-3.3927488327026367,5.454136848449707,4.0
52,91,-8.827589988708496,9.087478637695312,5.0
52,92,-3.492950439453125,1.7898976802825928,2.0
52,93,-30.55681037902832,162.84544372558594,618.0
52,94,-13.401407241821289,5.3397345542907715,106.0
52,95,-1.6935228109359741,1.5271155834197998,2.0
52,96,-9.308130264282227,10.247488021850586,10.0
52,97,-5.250997066497803,5.756515979766846,2.0
52,98,-4.7780890464782715,3.3019800186157227,11.0
52,99,-4.544421195983887,1.65687894821167,5.0
52,100,-1.3534750938415527,1.9674484729766846,1.0
52,101,-4.798956871032715,2.611151695251465,11.0
52,102,-5.809635639190674,2.0672192573547363,3.0
52,103,-2.869785785675049,1.7752782106399536,2.0
52,104,-15.167150497436523,8.729743003845215,15.0
52,105,-10.556436538696289,33.74432373046875,116.0
52,106,-10.597702026367188,8.327310562133789,9.0
52,107,-17.35573387145996,18.040555953979492,2606.0
52,108,-25.113162994384766,12.321138381958008,674.0
52,109,-4.599295616149902,2.508937120437622,5.0
52,110,-7.817929267883301,7.060263156890869,10.0
52,111,-6.470513343811035,2.245244026184082,7.0
52,112,-8.126133918762207,7.625771522521973,19.0
52,113,-10.161433219909668,2.332139492034912,18.0
52,114,-5.504512310028076,6.264115333557129,7.0
52,115,-3.1230695247650146,1.8675247430801392,2.0
52,116,-10.518587112426758,13.86886978149414,4.0
52,117,-7.420772075653076,3.4445571899414062,14.0
52,118,-5.060210704803467,2.751213788986206,14.0
52,119,-18.993694305419922,4.868607044219971,5.0
52,120,-13.589073181152344,6.967777252197266,57.0
52,121,-1.893753170967102,1.8799610137939453,2.0
52,122,-3.199622392654419,4.952097415924072,1.0
52,123,-16.353809356689453,7.723179817199707,21.0
52,124,-14.833053588867188,4.407489776611328,100.0
52,125,-19.76271629333496,26.944684982299805,440.0
52,126,-9.196372985839844,21.444272994995117,9.0
52,127,-27.065776824951172,868.2191772460938,2423.0
52,128,-1.4310214519500732,1.331364393234253,1.0
52,129,-10.885190963745117,231.04107666015625,135.0
52,130,-6.020798683166504,1.825912594795227,6.0
52,131,-7.037809371948242,2.021381139755249,5.0
52,132,-14.407719612121582,7.832217693328857,127.0
52,133,-11.284393310546875,2.7894766330718994,3.0
52,134,-5.311196327209473,2.8928415775299072,3.0
52,135,-7.7372212409973145,4.699443817138672,11.0
52,136,-19.700496673583984,26.666711807250977,479.0
52,137,-6.135550498962402,4.636165618896484,4.0
52,138,-11.358664512634277,17.11005210876465,566.0
52,139,-6.563718795776367,26.625232696533203,20.0
52,140,-27.743446350097656,7.254883289337158,30.0
52,141,-3.5936532020568848,2.0518271923065186,4.0
52,142,-2.4554927349090576,1.6341103315353394,2.0
52,143,-1.559185266494751,1.476680040359497,1.0
52,144,-11.101425170898438,66265.53125,819.0
52,145,-11.944031715393066,4.45044469833374,11.0
52,146,-10.812575340270996,2.16479754447937,4.0
52,147,-11.300822257995605,9.584665298461914,54.0
52,148,-6.7793450355529785,2.633932113647461,3.0
54,0,-7.072298526763916,4.11426305770874,14.0
54,1,-5.108957290649414,2.778167247772217,4.0
54,2,-18.472572326660156,4.661703586578369,295.0
54,3,-5.813269138336182,2.6349871158599854,8.0
54,4,-5.973137855529785,4.451693058013916,9.0
54,5,-13.14207935333252,79.89337921142578,36.0
54,6,-1.8369603157043457,1.443963885307312,1.0
54,7,-5.0152788162231445,2.7266011238098145,3.0
54,8,-10.918713569641113,8.879477500915527,23.0
54,9,-11.100794792175293,9.208795547485352,796.0
54,10,-3.0242116451263428,4.536273002624512,2.0
54,11,-6.503050327301025,5.082293510437012,32.0
54,12,-6.488407135009766,2.0563533306121826,6.0
54,13,-8.240901947021484,3.9490840435028076,8.0
54,14,-6.082925796508789,3.375640630722046,4.0
54,15,-20.166412353515625,56.44587707519531,585.0
54,16,-10.612935066223145,14.199883460998535,21.0
54,17,-16.021480560302734,5.9308319091796875,10.0
54,18,-5.292751312255859,14.102832794189453,14.0
54,19,-13.37559700012207,14.514082908630371,15.0
54,20,-10.638647079467773,14.291455268859863,45.0
54,21,-12.420714378356934,22.313203811645508,1188.0
54,22,-12.438299179077148,3.4688735008239746,11.0
54,23,-11.134815216064453,9.271665573120117,8.0
54,24,-15.425422668457031,6.876967906951904,19.0
54,25,-12.603621482849121,12.437602043151855,36.0
54,26,-2.0592048168182373,1.509594440460205,2.0
54,27,-18.3284969329834,7.663736820220947,143.0
54,28,-3.7714810371398926,2.5673396587371826,2.0
54,29,-3.3613483905792236,2.317147970199585,2.0
54,30,-4.397039890289307,4.330487251281738,3.0
54,31,-6.900588035583496,3.1585023403167725,12.0
54,32,-5.6719160079956055,17.046722412109375,19.0
54,33,-3.091630458831787,2.166055202484131,3.0
54,34,-16.60247039794922,6.326321601867676,38.0
54,35,-2.6925535202026367,2.453505516052246,2.0
54,36,-8.681675910949707,18.0634765625,135.0
54,37,-3.8437488079071045,3.6011369228363037,3.0
54,38,-5.673974990844727,4.130893707275391,3.0
54,39,-5.66249942779541,2.569599151611328,6.0
54,40,-5.866185188293457,3.2324392795562744,5.0
54,41,-13.546977996826172,91.43783569335938,396.0
54,42,-3.780324935913086,2.5730223655700684,2.0
54,43,-5.646860122680664,16.834495544433594,14.0
54,44,-0.9454569220542908,1.2081513404846191,1.0
54,45,-11.25572395324707,9.498604774475098,19.0
54,46,-7.759525299072266,3.0298209190368652,3.0
54,47,-1.5003665685653687,1.2841038703918457,2.0
54,48,-1.197068214416504,1.348869800567627,1.0
54,49,-22.073959350585938,7.438904762268066,39.0
54,50,-13.721857070922852,5.557965278625488,11.0
54,51,-8.894740104675293,3.039954423904419,3.0
54,52,-2.6092655658721924,1.5447739362716675,2.0
54,53,-15.228038787841797,6.709368705749512,33.0
54,54,-20.799999237060547,32.02979278564453,7.0
54,55,-7.616318702697754,3.558668375015259,20.0
54,56,-10.417328834533691,32.21534729003906,20.0
54,57,-15.853920936584473,52.64020919799805,86.0
54,58,-14.233684539794922,5.925177097320557,38.0
54,59,-7.183542728424072,2.790498971939087,16.0
54,60,-13.330175399780273,3.0369324684143066,5.0
54,61,-4.4197187423706055,3.019012212753296,2.0
54,62,-3.0629265308380127,1.466481328010559,2.0
54,63,-6.6672468185424805,2.592088222503662,81.0
54,64,-7.031143665313721,2.020034074783325,2.0
54,65,-6.469120979309082,3.6467056274414062,2.0
54,66,-6.686028480529785,2.306551456451416,12.0
54,67,-7.806733131408691,2.3807482719421387,22.0
54,68,-2.139206886291504,1.3574405908584595,1.0
54,69,-24.699237823486328,3.669149398803711,71.0
54,70,-9.756799697875977,7.038253307342529,30.0
54,71,-5.603862762451172,2.0147252082824707,2.0
54,72,-5.197863578796387,1.9150294065475464,2.0
54,73,-3.3305249214172363,1.4478191137313843,2.0
54,74,-2.480177164077759,1.8590104579925537,2.0
54,75,-4.756443023681641,3.2841596603393555,17.0
54,76,-8.656970977783203,2.1967904567718506,2.0
54,77,-5.4561614990234375,1.9778693914413452,4.0
54,78,-11.156862258911133,4.922603130340576,12.0
54,79,-4.255109786987305,8.394316673278809,8.0
54,80,-16.541730880737305,62.516639709472656,135.0
54,81,-4.022099494934082,1.5634578466415405,2.0
54,82,-4.003983497619629,2.7209901809692383,4.0
54,83,-16.707704544067383,4.567117214202881,35.0
54,84,-2.116992712020874,2.025191307067871,1.0
54,85,-8.128682136535645,15.022673606872559,18.0
54,86,-5.41790771484375,15.013561248779297,16.0
54,87,-15.579122543334961,7.010368824005127,27.0
54,88,-9.951101303100586,27.57842445373535,8.0
54,89,-9.297987937927246,22.183067321777344,29.0
54,90,-3.3932316303253174,5.455453872680664,4.0
54,91,-8.897017478942871,9.246585845947266,5.0
54,92,-3.5586042404174805,1.8095906972885132,2.0
54,93,-30.582473754882812,163.54347229003906,618.0
54,94,-13.311656951904297,5.2801642417907715,109.0
54,95,-1.7019767761230469,1.5303465127944946,1.0
54,96,-9.254090309143066,10.109975814819336,10.0
54,97,-5.259198188781738,5.772274017333984,2.0
54,98,-4.782254695892334,3.305420398712158,11.0
54,99,-4.587472915649414,1.6648236513137817,5.0
54,100,-1.4022761583328247,2.0160458087921143,1.0
54,101,-4.801601886749268,2.6125333309173584,11.0
54,102,-5.802006721496582,2.06524920463562,3.0
54,103,-2.9000139236450195,1.786043405532837,2.0
54,104,-15.05467414855957,8.590592384338379,15.0
54,105,-10.579758644104004,34.0076789855957,118.0
54,106,-10.420787811279297,8.037817001342773,8.0
54,107,-17.33929443359375,17.991193771362305,2584.0
54,108,-25.156190872192383,12.374266624450684,628.0
54,109,-4.5686211585998535,2.4935920238494873,5.0
54,110,-7.844696044921875,7.107666969299316,10.0
54,111,-6.463915824890137,2.2433929443359375,7.0
54,112,-8.15461254119873,7.680257797241211,19.0
54,113,-10.114409446716309,2.3230185508728027,18.0
54,114,-5.43861198425293,6.128014087677002,7.0
54,115,-3.1073341369628906,1.861656665802002,2.0
54,116,-10.516984939575195,13.863316535949707,4.0
54,117,-7.444787979125977,3.458372116088867,13.0
54,118,-5.083555221557617,2.7640888690948486,14.0
54,119,-18.76148796081543,4.775302410125732,5.0
54,120,-13.629959106445312,7.0085930824279785,60.0
54,121,-1.894423484802246,1.8803811073303223,2.0
54,122,-3.207188129425049,4.9708662033081055,1.0
54,123,-16.363479614257812,7.732521057128906,20.0
54,124,-14.864505767822266,4.421374320983887,105.0
54,125,-19.716041564941406,26.735891342163086,451.0
54,126,-9.06218147277832,20.506196975708008,7.0
54,127,-26.981735229492188,850.1678466796875,2421.0
54,128,-1.3857382535934448,1.3193612098693848,1.0
54,129,-10.85300064086914,227.35218811035156,138.0
54,130,-6.02540397644043,1.8267536163330078,6.0
54,131,-6.957798957824707,2.005272388458252,4.0
54,132,-14.450480461120605,7.880209445953369,125.0
54,133,-11.273761749267578,2.7867817878723145,3.0
54,134,-5.2769060134887695,2.873070240020752,3.0
54,135,-7.787815570831299,4.747238636016846,11.0
54,136,-19.701759338378906,26.672325134277344,475.0
54,137,-6.195989608764648,4.706748962402344,4.0
54,138,-11.284280776977539,16.794815063476562,539.0
54,139,-6.623200416564941,27.42898178100586,20.0
54,140,-27.815574645996094,7.292356967926025,30.0
54,141,-3.525890827178955,2.024207353591919,4.0
54,142,-2.5341854095458984,1.6600323915481567,2.0
54,143,-1.621699333190918,1.4999395608901978,1.0
54,144,-11.072486877441406,64375.40234375,805.0
54,145,-11.898674964904785,4.425283432006836,11.0
54,146,-10.795352935791016,2.1621360778808594,4.0
54,147,-11.193290710449219,9.380735397338867,50.0
54,148,-6.787258625030518,2.636911630630493,3.0
56,0,-7.068892002105713,4.1114606857299805,15.0
56,1,-5.159071445465088,2.80615234375,4.0
56,2,-18.49647331237793,4.6709980964660645,309.0
56,3,-5.7489447593688965,2.606888771057129,7.0
56,4,-6.010800361633301,4.4938063621521,9.0
56,5,-13.11787223815918,79.25131225585938,35.0
56,6,-1.8614447116851807,1.451052188873291,1.0
56,7,-4.910159111022949,2.669875383377075,3.0
56,8,-10.982505798339844,8.993492126464844,23.0
56,9,-11.241253852844238,9.47115421295166,872.0
56,10,-3.0306363105773926,4.550868988037109,2.0
56,11,-6.540684700012207,5.130335807800293,32.0
56,12,-6.39261531829834,2.0345823764801025,6.0
56,13,-8.22470760345459,3.9384398460388184,8.0
56,14,-5.981621742248535,3.3079357147216797,4.0
56,15,-20.275726318359375,57.693538665771484,628.0
56,16,-10.69593620300293,14.497613906860352,23.0
56,17,-16.01866912841797,5.928979873657227,11.0
56,18,-5.348336696624756,14.500285148620605,15.0
56,19,-13.346599578857422,14.430150985717773,15.0
56,20,-10.584051132202148,14.097715377807617,43.0
56,21,-12.440177917480469,22.422042846679688,1207.0
56,22,-12.56925106048584,3.5145978927612305,13.0
56,23,-11.00501537322998,9.03407096862793,7.0
56,24,-15.289163589477539,6.760828495025635,17.0
56,25,-12.610636711120605,12.455065727233887,35.0
56,26,-2.0716354846954346,1.5133520364761353,2.0
56,27,-18.468793869018555,7.784139633178711,154.0
56,28,-3.7649455070495605,2.5631487369537354,2.0
56,29,-3.404181957244873,2.3420941829681396,2.0
56,30,-4.383255958557129,4.310635566711426,3.0
56,31,-6.83211612701416,3.1226627826690674,11.0
56,32,-5.617144584655762,16.58622169494629,19.0
56,33,-3.060595989227295,2.1493146419525146,3.0
56,34,-16.540077209472656,6.2826151847839355,37.0
56,35,-2.686814308166504,2.4488165378570557,2.0
56,36,-8.687472343444824,18.098411560058594,136.0
56,37,-3.785346269607544,3.5317094326019287,3.0
56,38,-5.675872802734375,4.132853984832764,3.0
56,39,-5.615646839141846,2.549612045288086,6.0
56,40,-5.870316505432129,3.2351112365722656,5.0
56,41,-13.481788635253906,89.47232818603516,379.0
56,42,-3.778578042984009,2.571899175643921,2.0
56,43,-5.690252780914307,17.203733444213867,14.0
56,44,-0.9669684767723083,1.21336030960083,1.0
56,45,-11.188961029052734,9.372615814208984,19.0
56,46,-7.74163818359375,3.0220890045166016,3.0
56,47,-1.5257059335708618,1.2895383834838867,2.0
56,48,-1.185115098953247,1.3448450565338135,1.0
56,49,-22.077533721923828,7.4413228034973145,37.0
56,50,-13.898130416870117,5.681790351867676,11.0
56,51,-8.87595272064209,3.0328235626220703,4.0
56,52,-2.6332955360412598,1.5509731769561768,2.0
56,53,-15.223579406738281,6.705629825592041,33.0
56,54,-20.875934600830078,32.4377326965332,7.0
56,55,-7.597902297973633,3.547761917114258,20.0
56,56,-10.459600448608398,32.672489166259766,20.0
56,57,-15.919830322265625,53.51476287841797,87.0
56,58,-14.22781753540039,5.920833110809326,37.0
56,59,-7.30575704574585,2.839646577835083,16.0
56,60,-13.351959228515625,3.0424506664276123,5.0
56,61,-4.410367012023926,3.0119621753692627,2.0
56,62,-2.974457263946533,1.4503532648086548,2.0
56,63,-6.587427139282227,2.56269907951355,70.0
56,64,-6.95278263092041,2.0042667388916016,2.0
56,65,-6.420943737030029,3.61173677444458,2.0
56,66,-6.612166404724121,2.285353660583496,11.0
56,67,-7.72316837310791,2.3587453365325928,19.0
56,68,-2.091301441192627,1.3481825590133667,1.0
56,69,-24.62523651123047,3.6548867225646973,70.0
56,70,-9.730684280395508,7.0015869140625,29.0
56,71,-5.529375076293945,1.9960533380508423,2.0
56,72,-5.189003944396973,1.912909746170044,2.0
56,73,-3.1951847076416016,1.4262099266052246,2.0
56,74,-2.4814043045043945,1.859580636024475,2.0
56,75,-4.8148579597473145,3.332472324371338,17.0
56,76,-8.53741455078125,2.1730432510375977,2.0
56,77,-5.374701976776123,1.9578320980072021,4.0
56,78,-11.320380210876465,5.038947105407715,15.0
56,79,-4.288114547729492,8.533991813659668,8.0
56,80,-16.552181243896484,62.68018341064453,135.0
56,81,-4.041983604431152,1.56691575050354,2.0
56,82,-3.9315595626831055,2.6721675395965576,4.0
56,83,-16.7283935546875,4.5757155418396,35.0
56,84,-2.1748504638671875,2.0646281242370605,1.0
56,85,-8.128599166870117,15.022257804870605,18.0
56,86,-5.478209495544434,15.473126411437988,16.0
56,87,-15.558341979980469,6.992182731628418,29.0
56,88,-9.776957511901855,26.023130416870117,8.0
56,89,-9.364078521728516,22.67719078063965,29.0
56,90,-3.3920481204986572,5.452226161956787,4.0
56,91,-8.81540298461914,9.059833526611328,5.0
56,92,-3.6770474910736084,1.8456679582595825,3.0
56,93,-30.403432846069336,158.7354278564453,603.0
56,94,-13.226751327514648,5.22442102432251,104.0
56,95,-1.6878212690353394,1.5249404907226562,1.0
56,96,-9.144586563110352,9.836959838867188,9.0
56,97,-5.285043716430664,5.82221794128418,2.0
56,98,-4.756252765655518,3.284003257751465,11.0
56,99,-4.539028167724609,1.6558864116668701,4.0
56,100,-1.4115384817123413,2.0254039764404297,1.0
56,101,-4.820314884185791,2.6223294734954834,11.0
56,102,-5.760964870452881,2.054680824279785,3.0
56,103,-2.9083991050720215,1.7890411615371704,2.0
56,104,-14.959983825683594,8.475168228149414,15.0
56,105,-10.587238311767578,34.09257125854492,116.0
56,106,-10.326004028320312,7.8868818283081055,7.0
56,107,-17.216100692749023,17.62556266784668,2435.0
56,108,-25.098234176635742,12.302757263183594,615.0
56,109,-4.49957275390625,2.45939302444458,5.0
56,110,-7.8424248695373535,7.10363245010376,12.0
56,111,-6.457032203674316,2.2414636611938477,7.0
56,112,-8.129563331604004,7.632312297821045,19.0
56,113,-9.942792892456055,2.2900328636169434,17.0
56,114,-5.41836404800415,6.086792945861816,7.0
56,115,-3.0793721675872803,1.8512747287750244,2.0
56,116,-10.542497634887695,13.952022552490234,4.0
56,117,-7.413943290710449,3.440638780593872,13.0
56,118,-5.114932060241699,2.7814888954162598,15.0
56,119,-18.62836265563965,4.72261905670166,5.0
56,120,-13.67064380645752,7.049447059631348,60.0
56,121,-1.9530476331710815,1.9174877405166626,2.0
56,122,-3.3147807121276855,5.245603561401367,2.0
56,123,-16.223968505859375,7.598843097686768,20.0
56,124,-14.837223052978516,4.409328460693359,102.0
56,125,-19.559799194335938,26.048667907714844,431.0
56,126,-9.057533264160156,20.474449157714844,7.0
56,127,-26.95254898071289,843.9871826171875,2448.0
56,128,-1.4088412523269653,1.3254715204238892,1.0
56,129,-10.946444511413574,238.22659301757812,146.0
56,130,-6.034946441650391,1.8284975290298462,6.0
56,131,-7.034328937530518,2.0206778049468994,4.0
56,132,-14.435723304748535,7.863612174987793,126.0
56,133,-11.245943069458008,2.77974271774292,3.0
56,134,-5.2487640380859375,2.856945037841797,3.0
56,135,-7.659594535827637,4.627047061920166,11.0
56,136,-19.818653106689453,27.19706153869629,475.0
56,137,-6.221335411071777,4.736667633056641,4.0
56,138,-11.282407760620117,16.786951065063477,530.0
56,139,-6.665285587310791,28.01227569580078,20.0
56,140,-27.682632446289062,7.223437309265137,29.0
56,141,-3.447138547897339,1.99257493019104,4.0
56,142,-2.5532290935516357,1.6663669347763062,2.0
56,143,-1.638928771018982,1.5064142942428589,2.0
56,144,-11.050156593322754,62953.8125,788.0
56,145,-11.844980239868164,4.395680904388428,11.0
56,146,-10.712543487548828,2.1493847370147705,4.0
56,147,-11.110147476196289,9.226035118103027,51.0
56,148,-6.833477973937988,2.6543800830841064,3.0
58,0,-7.080979347229004,4.12141227722168,16.0
58,1,-5.216403484344482,2.8385140895843506,4.0
58,2,-18.5824031829834,4.70456600189209,347.0
58,3,-5.772116661071777,2.616975784301758,7.0
58,4,-6.072061538696289,4.563159942626953,9.0
58,5,-13.165218353271484,80.51200103759766,37.0
58,6,-1.8697000741958618,1.4534499645233154,1.0
58,7,-4.830194473266602,2.627516031265259,3.0
58,8,-10.952899932861328,8.94039535522461,24.0
58,9,-11.155407905578613,9.309929847717285,842.0
58,10,-3.057400703430176,4.612178802490234,2.0
58,11,-6.503176212310791,5.08245325088501,32.0
58,12,-6.402706146240234,2.036864757537842,6.0
58,13,-8.210601806640625,3.9291911125183105,8.0
58,14,-5.8774213790893555,3.2397115230560303,4.0
58,15,-20.16616439819336,56.443077087402344,603.0
58,16,-10.841510772705078,15.034953117370605,26.0
58,17,-15.94809341430664,5.8826680183410645,10.0
58,18,-5.370943069458008,14.665114402770996,15.0
58,19,-13.312488555908203,14.332043647766113,15.0
58,20,-10.4339599609375,13.578532218933105,34.0
58,21,-12.38410472869873,22.109914779663086,1176.0
58,22,-12.716896057128906,3.5668742656707764,14.0
58,23,-10.876655578613281,8.805100440979004,7.0
58,24,-14.988524436950684,6.511472225189209,17.0
58,25,-12.60282039642334,12.435608863830566,37.0
58,26,-2.070848226547241,1.5131137371063232,2.0
58,27,-18.456600189208984,7.773599624633789,159.0
58,28,-3.691053628921509,2.5162341594696045,2.0
58,29,-3.3765456676483154,2.3259682655334473,2.0
58,30,-4.361291408538818,4.279190540313721,3.0
58,31,-6.782790184020996,3.0970964431762695,10.0
58,32,-5.643270492553711,16.80430793762207,19.0
58,33,-3.0583317279815674,2.1480984687805176,3.0
58,34,-16.591081619262695,6.318321228027344,39.0
58,35,-2.691624879837036,2.4527463912963867,2.0
58,36,-8.760232925415039,18.542724609375,140.0
58,37,-3.7448618412017822,3.484370231628418,3.0
58,38,-5.686234474182129,4.143573760986328,3.0
58,39,-5.510977268218994,2.5055198669433594,6.0
58,40,-5.870291709899902,3.2350950241088867,5.0
58,41,-13.485934257507324,89.59605407714844,379.0
58,42,-3.7625913619995117,2.561640501022339,2.0
58,43,-5.682214736938477,17.134729385375977,15.0
58,44,-0.9611954689025879,1.2119601964950562,1.0
58,45,-11.178308486938477,9.352668762207031,19.0
58,46,-7.749477863311768,3.02547550201416,3.0
58,47,-1.522789478302002,1.2889118194580078,2.0
58,48,-1.1656925678253174,1.3383307456970215,1.0
58,49,-22.041250228881836,7.416818141937256,37.0
58,50,-14.06281852722168,5.7999677658081055,11.0
58,51,-8.876697540283203,3.0331058502197266,4.0
58,52,-2.5662848949432373,1.5337475538253784,2.0
58,53,-15.238927841186523,6.718507289886475,34.0
58,54,-20.99738311767578,33.10101318359375,7.0
58,55,-7.637731552124023,3.5713915824890137,20.0
58,56,-10.39935302734375,32.02288818359375,20.0
58,57,-15.880849838256836,52.99578857421875,86.0
58,58,-14.172128677368164,5.879761219024658,35.0
58,59,-7.39780855178833,2.8772354125976562,16.0
58,60,-13.204736709594727,3.005352020263672,5.0
58,61,-4.39016056060791,2.9967851638793945,2.0
58,62,-2.944779634475708,1.444982886314392,2.0
58,63,-6.540119171142578,2.545438051223755,65.0
58,64,-6.849546432495117,1.9836817979812622,2.0
58,65,-6.3882551193237305,3.5882012844085693,2.0
58,66,-6.482706069946289,2.248668670654297,6.0
58,67,-7.697237014770508,2.351958990097046,19.0
58,68,-2.0354185104370117,1.3374624252319336,1.0
58,69,-24.617210388183594,3.6533429622650146,71.0
58,70,-9.62628173828125,6.856906890869141,29.0
58,71,-5.528550624847412,1.9958475828170776,2.0
58,72,-5.141780376434326,1.9016510248184204,2.0
58,73,-3.0584545135498047,1.404706358909607,2.0
58,74,-2.469935417175293,1.8542566299438477,2.0
58,75,-4.8559722900390625,3.3669021129608154,17.0
58,76,-8.384763717651367,2.1430954933166504,2.0
58,77,-5.18428373336792,1.9117814302444458,4.0
58,78,-11.273978233337402,5.005654811859131,15.0
58,79,-4.319909572601318,8.670745849609375,8.0
58,80,-16.57027816772461,62.96440124511719,139.0
58,81,-3.955901622772217,1.5520002841949463,2.0
58,82,-3.887819290161133,2.64310622215271,4.0
58,83,-16.554988861083984,4.504149436950684,35.0
58,84,-2.158377170562744,2.0533220767974854,1.0
58,85,-8.091504096984863,14.837653160095215,18.0
58,86,-5.463367462158203,15.358725547790527,15.0
58,87,-15.6997709274292,7.116893768310547,30.0
58,88,-9.651412963867188,24.956581115722656,7.0
58,89,-9.403412818908691,22.976478576660156,30.0
58,90,-3.3725268840789795,5.39926815032959,4.0
58,91,-8.760258674621582,8.935791015625,5.0
58,92,-3.7110979557037354,1.8561720848083496,3.0
58,93,-30.35681915283203,157.50697326660156,603.0
58,94,-13.134895324707031,5.1647772789001465,99.0
58,95,-1.6915032863616943,1.5263447761535645,1.0
58,96,-9.132135391235352,9.806386947631836,8.0
58,97,-5.333268165588379,5.916565418243408,2.0
58,98,-4.8042402267456055,3.3236382007598877,11.0
58,99,-4.536109447479248,1.6553494930267334,4.0
58,100,-1.426619052886963,2.040734052658081,1.0
58,101,-4.80336332321167,2.6134541034698486,11.0
58,102,-5.72484827041626,2.0454258918762207,3.0
58,103,-2.885049343109131,1.7807059288024902,2.0
58,104,-14.966034889221191,8.482499122619629,15.0
58,105,-10.617904663085938,34.44285583496094,120.0
58,106,-10.19384479522705,7.681148529052734,7.0
58,107,-17.192270278930664,17.555694580078125,2361.0
58,108,-24.9525089263916,12.124775886535645,601.0
58,109,-4.485547065734863,2.4525036811828613,5.0
58,110,-7.7962799072265625,7.022153854370117,10.0
58,111,-6.458451747894287,2.241861343383789,7.0
58,112,-8.129547119140625,7.63228178024292,19.0
58,113,-9.791890144348145,2.2614152431488037,17.0
58,114,-5.401667594909668,6.053010940551758,7.0
58,115,-3.048306465148926,1.8398079872131348,2.0
58,116,-10.502047538757324,13.81164264678955,4.0
58,117,-7.364252090454102,3.412261724472046,13.0
58,118,-5.089782238006592,2.767533540725708,14.0
58,119,-18.58310317993164,4.704840660095215,5.0
58,120,-13.650192260742188,7.028880596160889,59.0
58,121,-1.898360013961792,1.8828502893447876,2.0
58,122,-3.2152509689331055,4.990946292877197,2.0
58,123,-16.237510681152344,7.611717700958252,20.0
58,124,-14.794958114624023,4.390731334686279,101.0
58,125,-19.604148864746094,26.241918563842773,449.0
58,126,-9.026366233825684,20.26284408569336,7.0
58,127,-27.082595825195312,871.8775024414062,2481.0
58,128,-1.3867970705032349,1.3196406364440918,1.0
58,129,-10.921117782592773,235.22885131835938,144.0
58,130,-6.069777011871338,1.8348774909973145,6.0
58,131,-6.953666687011719,2.004443883895874,4.0
58,132,-14.39210319519043,7.814764022827148,125.0
58,133,-11.296087265014648,2.7924435138702393,3.0
58,134,-5.277409553527832,2.8733596801757812,3.0
58,135,-7.671482086181641,4.638061046600342,11.0
58,136,-19.722652435302734,26.765365600585938,443.0
58,137,-6.2548370361328125,4.776505947113037,4.0
58,138,-11.310956001281738,16.907190322875977,524.0
58,139,-6.7134809494018555,28.695505142211914,20.0
58,140,-27.62237548828125,7.192414283752441,29.0
58,141,-3.4151926040649414,1.9798846244812012,4.0
58,142,-2.5002219676971436,1.6487945318222046,2.0
58,143,-1.640486478805542,1.5070010423660278,2.0
58,144,-11.073039054870605,64410.95703125,796.0
58,145,-11.83950424194336,4.392673492431641,11.0
58,146,-10.704146385192871,2.1480960845947266,5.0
58,147,-11.13520622253418,9.272390365600586,52.0
58,148,-6.7913818359375,2.638465404510498,3.0
60,0,-7.135566711425781,4.166654109954834,16.0
60,1,-5.22658109664917,2.8442978858947754,4.0
60,2,-18.653837203979492,4.7326555252075195,339.0
60,3,-5.700126647949219,2.5857644081115723,7.0
60,4,-6.119783401489258,4.617926597595215,9.0
60,5,-13.123641014099121,79.40386199951172,36.0
60,6,-1.8768558502197266,1.4555315971374512,1.0
60,7,-4.723782539367676,2.5721869468688965,3.0
60,8,-10.91073989868164,8.865328788757324,23.0
60,9,-11.075093269348145,9.161581039428711,818.0
60,10,-3.0715718269348145,4.644974708557129,2.0
60,11,-6.536052703857422,5.124398708343506,32.0
60,12,-6.327319622039795,2.0198748111724854,6.0
60,13,-8.13101577758789,3.8774173259735107,8.0
60,14,-5.8219780921936035,3.2039856910705566,4.0
60,15,-20.229724884033203,57.165191650390625,627.0
60,16,-10.911599159240723,15.300718307495117,26.0
60,17,-15.944812774658203,5.880524635314941,10.0
60,18,-5.424285411834717,15.061513900756836,15.0
60,19,-13.35994815826416,14.468729019165039,15.0
60,20,-10.578163146972656,14.076979637145996,34.0
60,21,-12.365152359008789,22.005403518676758,1166.0
60,22,-12.680994033813477,3.554091215133667,14.0
60,23,-10.85683822631836,8.770270347595215,6.0
60,24,-14.94294548034668,6.4744791984558105,16.0
60,25,-12.460563659667969,12.086784362792969,35.0
60,26,-2.056643486022949,1.5088212490081787,2.0
60,27,-18.414905548095703,7.737669944763184,158.0
60,28,-3.61398983001709,2.4682207107543945,2.0
60,29,-3.3589210510253906,2.315742254257202,2.0
60,30,-4.383686065673828,4.311253547668457,3.0
60,31,-6.786416530609131,3.098968744277954,11.0
60,32,-5.632697105407715,16.7157039642334,19.0
60,33,-3.031736135482788,2.1338632106781006,3.0
60,34,-16.56779670715332,6.301995754241943,39.0
60,35,-2.697489023208618,2.457545280456543,2.0
60,36,-8.717792510986328,18.282251358032227,138.0
60,37,-3.73647141456604,3.4746384620666504,3.0
60,38,-5.624325752258301,4.079936504364014,3.0
60,39,-5.46898889541626,2.4880471229553223,6.0
60,40,-5.828403472900391,3.2081058025360107,6.0
60,41,-13.540258407592773,91.23326873779297,387.0
60,42,-3.759700298309326,2.5597896575927734,2.0
60,43,-5.67071008682251,17.036447525024414,14.0
60,44,-0.9159677624702454,1.2010468244552612,1.0
60,45,-11.159914016723633,9.318324089050293,19.0
60,46,-7.685435771942139,2.997921943664551,3.0
60,47,-1.5576281547546387,1.296417474746704,2.0
60,48,-1.1630253791809082,1.337438702583313,1.0
60,49,-21.96183204650879,7.363461971282959,31.0
60,50,-14.114677429199219,5.8376874923706055,11.0
60,51,-8.84815788269043,3.0223047733306885,5.0
60,52,-2.5922443866729736,1.5403977632522583,2.0
60,53,-15.276416778564453,6.750064849853516,34.0
60,54,-21.064701080322266,33.474483489990234,8.0
60,55,-7.553046703338623,3.52133846282959,20.0
60,56,-10.421831130981445,32.26373291015625,19.0
60,57,-15.881974220275879,53.01068878173828,87.0
60,58,-14.069090843200684,5.804516792297363,34.0
60,59,-7.443444728851318,2.896054267883301,16.0
60,60,-13.15846061706543,2.9937846660614014,5.0
60,61,-4.365934371948242,2.9786899089813232,2.0
60,62,-2.8297200202941895,1.424349308013916,2.0
60,63,-6.5341973304748535,2.543285608291626,64.0
60,64,-6.816693305969238,1.9771755933761597,2.0
60,65,-6.361865997314453,3.5693132877349854,2.0
60,66,-6.419474124908447,2.2309648990631104,6.0
60,67,-7.642228126525879,2.337627410888672,15.0
60,68,-2.0144126415252686,1.333454966545105,1.0
60,69,-24.33553123474121,3.599580764770508,69.0
60,70,-9.64437484741211,6.881763935089111,29.0
60,71,-5.559944152832031,2.003695011138916,2.0
60,72,-5.097339630126953,1.8911166191101074,2.0
60,73,-3.035482406616211,1.401125431060791,2.0
60,74,-2.4847512245178223,1.8611373901367188,2.0
60,75,-4.808579444885254,3.3272457122802734,17.0
60,76,-8.208541870117188,2.109036445617676,2.0
60,77,-5.134059906005859,1.8998167514801025,4.0
60,78,-11.457584381103516,5.138688087463379,15.0
60,79,-4.368288040161133,8.883041381835938,8.0
60,80,-16.68323516845703,64.76781463623047,139.0
60,81,-4.0272417068481445,1.5643513202667236,2.0
60,82,-3.9301962852478027,2.6712567806243896,5.0
60,83,-16.583908081054688,4.516005516052246,35.0
60,84,-2.1397273540496826,2.0405972003936768,1.0
60,85,-8.100001335144043,14.879739761352539,17.0
60,86,-5.453581809997559,15.283761024475098,14.0
60,87,-15.748208999633789,7.160115718841553,32.0
60,88,-9.513612747192383,23.83617401123047,7.0
60,89,-9.400655746459961,22.95536994934082,29.0
60,90,-3.343559741973877,5.321630954742432,4.0
60,91,-8.724824905395508,8.856983184814453,5.0
60,92,-3.7575488090515137,1.8705979585647583,3.0
60,93,-30.41718101501465,159.0995330810547,622.0
60,94,-13.125993728637695,5.159033298492432,101.0
60,95,-1.6660959720611572,1.516680359840393,1.0
60,96,-9.095181465148926,9.716207504272461,8.0
60,97,-5.319352626800537,5.889184951782227,2.0
60,98,-4.788327693939209,3.3104426860809326,11.0
60,99,-4.417215347290039,1.6336252689361572,4.0
60,100,-1.4163954257965088,2.0303287506103516,1.0
60,101,-4.768596172332764,2.5953445434570312,11.0
60,102,-5.652694225311279,2.0270605087280273,3.0
60,103,-2.8921258449554443,1.7832280397415161,2.0
60,104,-14.984207153320312,8.504547119140625,15.0
60,105,-10.624460220336914,34.5181999206543,121.0
60,106,-10.196791648864746,7.685676574707031,7.0
60,107,-17.18630027770996,17.538236618041992,2350.0
60,108,-24.94065284729004,12.110408782958984,597.0
60,109,-4.436212062835693,2.4284238815307617,5.0
60,110,-7.878319263458252,7.167664527893066,11.0
60,111,-6.428180694580078,2.2333943843841553,7.0
60,112,-8.107272148132324,7.589897632598877,19.0
60,113,-9.709150314331055,2.2458765506744385,17.0
60,114,-5.410538673400879,6.070937156677246,7.0
60,115,-3.0084376335144043,1.825196385383606,2.0
60,116,-10.571711540222168,14.054292678833008,4.0
60,117,-7.328774452209473,3.3921446800231934,12.0
60,118,-5.064804553985596,2.7537424564361572,14.0
60,119,-18.490036010742188,4.668493270874023,5.0
60,120,-13.70007610321045,7.079148769378662,63.0
60,121,-1.9319766759872437,1.9040672779083252,2.0
60,122,-3.1528053283691406,4.837522029876709,2.0
60,123,-16.127010345458984,7.507303237915039,20.0
60,124,-14.726062774658203,4.3605852127075195,94.0
60,125,-19.557628631591797,26.039241790771484,450.0
60,126,-8.97874641418457,19.943740844726562,7.0
60,127,-27.077476501464844,870.7623901367188,2487.0
60,128,-1.402182936668396,1.3237075805664062,1.0
60,129,-10.942039489746094,237.70245361328125,142.0
60,130,-6.065134048461914,1.8340257406234741,6.0
60,131,-6.966134071350098,2.0069446563720703,4.0
60,132,-14.421249389648438,7.847370624542236,127.0
60,133,-11.176733016967773,2.762308359146118,3.0
60,134,-5.255170822143555,2.8606081008911133,3.0
60,135,-7.579918384552002,4.553898334503174,10.0
60,136,-19.81717300415039,27.190351486206055,445.0
60,137,-6.224095821380615,4.739937782287598,4.0
60,138,-11.328185081481934,16.98017120361328,525.0
60,139,-6.683635234832764,28.270463943481445,20.0
60,140,-27.634872436523438,7.1988372802734375,29.0
60,141,-3.420727014541626,1.9820771217346191,4.0
60,142,-2.523526191711426,1.6564972400665283,2.0
60,143,-1.6592259407043457,1.5140776634216309,2.0
60,144,-11.07180404663086,64331.4609375,792.0
60,145,-11.825749397277832,4.385127067565918,11.0
60,146,-10.56279468536377,2.126516819000244,4.0
60,147,-11.070241928100586,9.152694702148438,50.0
60,148,-6.776044845581055,2.632690668106079,3.0
62,0,-7.135619640350342,4.166697978973389,14.0
62,1,-5.307864665985107,2.8909146785736084,4.0
62,2,-18.578998565673828,4.7032318115234375,341.0
62,3,-5.714193820953369,2.5918338298797607,7.0
62,4,-6.098483562469482,4.593401908874512,9.0
62,5,-13.218914985656738,81.96602630615234,38.0
62,6,-1.8845456838607788,1.457771897315979,1.0
62,7,-4.645428657531738,2.532193183898926,3.0
62,8,-11.00787353515625,9.039237022399902,25.0
62,9,-11.186905860900879,9.368764877319336,846.0
62,10,-3.0658388137817383,4.631679058074951,2.0
62,11,-6.553618907928467,5.146952152252197,34.0
62,12,-6.316944599151611,2.017547607421875,6.0
62,13,-8.06840991973877,3.837169647216797,8.0
62,14,-5.777002811431885,3.175294876098633,4.0
62,15,-20.29478645324707,57.91387939453125,639.0
62,16,-10.794243812561035,14.8583345413208,26.0
62,17,-15.965784072875977,5.894242763519287,11.0
62,18,-5.385336875915527,14.771039009094238,15.0
62,19,-13.33745002746582,14.403770446777344,15.0
62,20,-10.534082412719727,13.922699928283691,33.0
62,21,-12.35462760925293,21.947580337524414,1164.0
62,22,-12.478374481201172,3.4828031063079834,12.0
62,23,-10.817747116088867,8.701970100402832,6.0
62,24,-14.883665084838867,6.426680564880371,17.0
62,25,-12.469842910766602,12.109235763549805,36.0
62,26,-2.059763193130493,1.5097628831863403,2.0
62,27,-18.395009994506836,7.720584392547607,160.0
62,28,-3.5907654762268066,2.4539313316345215,2.0
62,29,-3.3768081665039062,2.3261208534240723,2.0
62,30,-4.334783554077148,4.241545677185059,3.0
62,31,-6.77913761138916,3.0952112674713135,11.0
62,32,-5.680345058441162,17.118717193603516,21.0
62,33,-3.0434505939483643,2.1401216983795166,3.0
62,34,-16.48973274230957,6.247569561004639,39.0
62,35,-2.7114312648773193,2.4689931869506836,2.0
62,36,-8.752022743225098,18.49205207824707,141.0
62,37,-3.78047251701355,3.5259764194488525,3.0
62,38,-5.609514236450195,4.064857006072998,3.0
62,39,-5.482281684875488,2.493565559387207,6.0
62,40,-5.833273887634277,3.2112324237823486,5.0
62,41,-13.487507820129395,89.64305877685547,376.0
62,42,-3.7201967239379883,2.5346338748931885,2.0
62,43,-5.646784782409668,16.833860397338867,14.0
62,44,-0.9211345314979553,1.2022886276245117,1.0
62,45,-11.158526420593262,9.3157377243042,20.0
62,46,-7.693928241729736,3.001561403274536,3.0
62,47,-1.5881106853485107,1.3030205965042114,2.0
62,48,-1.1628034114837646,1.3373644351959229,1.0
62,49,-21.938339233398438,7.347752094268799,32.0
62,50,-14.139087677001953,5.855526924133301,10.0
62,51,-8.889670372009277,3.0380284786224365,5.0
62,52,-2.5780575275421143,1.5367599725723267,2.0
62,53,-15.290534973144531,6.761987686157227,34.0
62,54,-21.046772003173828,33.37460708618164,8.0
62,55,-7.554189682006836,3.5220091342926025,20.0
62,56,-10.411145210266113,32.14901351928711,19.0
62,57,-15.850263595581055,52.592098236083984,86.0
62,58,-14.132362365722656,5.850606441497803,34.0
62,59,-7.40730094909668,2.8811392784118652,15.0
62,60,-13.16899585723877,2.9964139461517334,5.0
62,61,-4.392077922821045,2.9982218742370605,2.0
62,62,-2.818690538406372,1.4223867654800415,2.0
62,63,-6.498807907104492,2.5304601192474365,65.0
62,64,-6.78618049621582,1.9711518287658691,2.0
62,65,-6.367973804473877,3.573676109313965,2.0
62,66,-6.308546543121338,2.200244188308716,5.0
62,67,-7.612341403961182,2.3298776149749756,15.0
62,68,-2.0189154148101807,1.334312915802002,1.0
62,69,-24.252941131591797,3.583967924118042,66.0
62,70,-9.675821304321289,6.9251813888549805,29.0
62,71,-5.510428428649902,1.9913315773010254,2.0
62,72,-5.073551654815674,1.8855018615722656,2.0
62,73,-2.9073193073272705,1.3813143968582153,2.0
62,74,-2.481931209564209,1.859825849533081,2.0
62,75,-4.773489952087402,3.2981855869293213,17.0
62,76,-8.044628143310547,2.0778419971466064,2.0
62,77,-5.015434265136719,1.8718537092208862,4.0
62,78,-11.518752098083496,5.183787822723389,15.0
62,79,-4.357435703277588,8.83497142791748,7.0
62,80,-16.65967559814453,64.38745880126953,139.0
62,81,-4.119637489318848,1.5804940462112427,2.0
62,82,-3.933443546295166,2.673426389694214,5.0
62,83,-16.719966888427734,4.572211265563965,37.0
62,84,-2.1461803913116455,2.0449912548065186,1.0
62,85,-8.121337890625,14.985941886901855,17.0
62,86,-5.452273845672607,15.27376937866211,14.0
62,87,-15.645387649536133,7.0686774253845215,31.0
62,88,-9.496006965637207,23.696697235107422,7.0
62,89,-9.387176513671875,22.852462768554688,29.0
62,90,-3.3142733573913574,5.2442731857299805,4.0
62,91,-8.71447467803955,8.834095001220703,5.0
62,92,-3.7875475883483887,1.879974126815796,3.0
62,93,-30.392547607421875,158.4476776123047,624.0
62,94,-13.110565185546875,5.149093151092529,101.0
62,95,-1.6167975664138794,1.4981026649475098,1.0
62,96,-9.004926681518555,9.499429702758789,8.0
62,97,-5.332494735717773,5.915040016174316,2.0
62,98,-4.85591983795166,3.3668580055236816,11.0
62,99,-4.354062557220459,1.6222025156021118,3.0
62,100,-1.4180455207824707,2.0320045948028564,1.0
62,101,-4.724737167358398,2.5726780891418457,11.0
62,102,-5.593571662902832,2.0121352672576904,3.0
62,103,-2.8831377029418945,1.7800252437591553,2.0
62,104,-14.924543380737305,8.432368278503418,15.0
62,105,-10.72787094116211,35.728797912597656,136.0
62,106,-10.168872833251953,7.642880916595459,7.0
62,107,-17.132863998413086,17.382732391357422,2294.0
62,108,-24.87165069580078,12.027131080627441,596.0
62,109,-4.40440034866333,2.41302227973938,5.0
62,110,-7.817030906677246,7.058677673339844,10.0
62,111,-6.411437511444092,2.228724956512451,7.0
62,112,-8.108267784118652,7.591786861419678,19.0
62,113,-9.633055686950684,2.231679916381836,16.0
62,114,-5.421970844268799,6.094115257263184,7.0
62,115,-3.006603479385376,1.8245269060134888,2.0
62,116,-10.557083129882812,14.002988815307617,4.0
62,117,-7.3058671951293945,3.379218816757202,12.0
62,118,-5.006222248077393,2.7216665744781494,14.0
62,119,-18.433544158935547,4.646566867828369,5.0
62,120,-13.623113632202148,7.001743316650391,60.0
62,121,-1.8934725522994995,1.879785180091858,2.0
62,122,-3.1203694343566895,4.759700298309326,2.0
62,123,-16.15009117126465,7.528993606567383,20.0
62,124,-14.59969711303711,4.305829048156738,93.0
62,125,-19.680023193359375,26.57587432861328,455.0
62,126,-8.97884750366211,19.944416046142578,7.0
62,127,-27.156648635864258,888.1690673828125,2542.0
62,128,-1.4001299142837524,1.3231642246246338,1.0
62,129,-10.939972877502441,237.45697021484375,144.0
62,130,-6.103245735168457,1.8410286903381348,6.0
62,131,-6.987705707550049,2.0112786293029785,4.0
62,132,-14.401653289794922,7.825432777404785,128.0
62,133,-11.215030670166016,2.771942377090454,4.0
62,134,-5.2682085037231445,2.868076801300049,3.0
62,135,-7.578812122344971,4.552891254425049,10.0
62,136,-19.846506118774414,27.323604583740234,471.0
62,137,-6.216909885406494,4.7314300537109375,4.0
62,138,-11.304788589477539,16.88114356994629,505.0
62,139,-6.712610244750977,28.683013916015625,20.0
62,140,-27.584468841552734,7.172966003417969,29.0
62,141,-3.406480073928833,1.9764374494552612,4.0
62,142,-2.572737216949463,1.6728813648223877,2.0
62,143,-1.697810411453247,1.5287532806396484,2.0
62,144,-11.068620681762695,64126.99609375,792.0
62,145,-11.812495231628418,4.377868175506592,11.0
62,146,-10.521817207336426,2.1203017234802246,4.0
62,147,-11.158878326416016,9.316394805908203,52.0
62,148,-6.824889183044434,2.651125192642212,3.0
64,0,-7.147618770599365,4.1767096519470215,14.0
64,1,-5.327215671539307,2.9021246433258057,4.0
64,2,-18.512781143188477,4.677350044250488,329.0
64,3,-5.64722204208374,2.5630648136138916,6.0
64,4,-6.154677391052246,4.658387660980225,9.0
64,5,-13.086723327636719,78.43273162841797,32.0
64,6,-1.929652452468872,1.4709824323654175,1.0
64,7,-4.62083625793457,2.5197691917419434,3.0
64,8,-10.942749977111816,8.922266006469727,24.0
64,9,-11.082502365112305,9.175166130065918,814.0
64,10,-3.0960285663604736,4.702123641967773,2.0
64,11,-6.529805660247803,5.116401672363281,33.0
64,12,-6.324483871459961,2.0192384719848633,6.0
64,13,-8.026083946228027,3.8101961612701416,9.0
64,14,-5.742663383483887,3.153562068939209,4.0
64,15,-20.138290405273438,56.129302978515625,628.0
64,16,-10.776671409606934,14.793204307556152,26.0
64,17,-15.968116760253906,5.89577054977417,11.0
64,18,-5.349743366241455,14.51048755645752,15.0
64,19,-13.301597595214844,14.300859451293945,15.0
64,20,-10.585397720336914,14.102461814880371,36.0
64,21,-12.334152221679688,21.835521697998047,1157.0
64,22,-12.572790145874023,3.5158419609069824,12.0
64,23,-10.83005142211914,8.723410606384277,6.0
64,24,-14.810456275939941,6.368137836456299,16.0
64,25,-12.432626724243164,12.019439697265625,37.0
64,26,-2.0618245601654053,1.5103853940963745,2.0
64,27,-18.36421012878418,7.694207668304443,160.0
64,28,-3.568760395050049,2.4404687881469727,2.0
64,29,-3.3725509643554688,2.3236465454101562,2.0
64,30,-4.320169448852539,4.22093391418457,3.0
64,31,-6.733102798461914,3.071554660797119,11.0
64,32,-5.7125325202941895,17.396451950073242,21.0
64,33,-3.07207989692688,2.155493974685669,3.0
64,34,-16.404088973999023,6.1884002685546875,38.0
64,35,-2.7252414226531982,2.4803850650787354,2.0
64,36,-8.732734680175781,18.3735408782959,138.0
64,37,-3.718423843383789,3.453798770904541,3.0
64,38,-5.638698101043701,4.094622611999512,3.0
64,39,-5.486230850219727,2.4952073097229004,6.0
64,40,-5.817536354064941,3.2011406421661377,5.0
64,41,-13.492131233215332,89.78131866455078,378.0
64,42,-3.701338291168213,2.522712230682373,2.0
64,43,-5.607335567474365,16.50507354736328,14.0
64,44,-0.9216586947441101,1.2024147510528564,1.0
64,45,-11.214640617370605,9.420875549316406,19.0
64,46,-7.734090805053711,3.018832206726074,3.0
64,47,-1.6052175760269165,1.3067409992218018,2.0
64,48,-1.1805830001831055,1.3433221578598022,1.0
64,49,-21.90782928466797,7.327401638031006,32.0
64,50,-14.09730052947998,5.825020790100098,11.0
64,51,-8.938901901245117,3.0567820072174072,5.0
64,52,-2.578089952468872,1.5367681980133057,2.0
64,53,-15.264911651611328,6.7403645515441895,34.0
64,54,-21.018762588500977,33.21916961669922,7.0
64,55,-7.5371198654174805,3.512003183364868,20.0
64,56,-10.464942932128906,32.73073196411133,21.0
64,57,-15.803388595581055,51.9793815612793,84.0
64,58,-14.158687591552734,5.8698906898498535,34.0
64,59,-7.511373043060303,2.9242944717407227,16.0
64,60,-13.230225563049316,3.011742353439331,5.0
64,61,-4.379482269287109,2.988795757293701,2.0
64,62,-2.8128151893615723,1.4213426113128662,2.0
64,63,-6.500558376312256,2.531092882156372,61.0
64,64,-6.791263580322266,1.9721540212631226,2.0
64,65,-6.3418684005737305,3.5550663471221924,2.0
64,66,-6.2680745124816895,2.189141035079956,4.0
64,67,-7.619154930114746,2.3316421508789062,15.0
64,68,-1.9633666276931763,1.3237663507461548,1.0
64,69,-24.419363021850586,3.6154980659484863,72.0
64,70,-9.626664161682129,6.857430458068848,28.0
64,71,-5.525405406951904,1.995063066482544,2.0
64,72,-5.059395790100098,1.8821682929992676,2.0
64,73,-2.8941240310668945,1.3792906999588013,2.0
64,74,-2.485934019088745,1.8616877794265747,2.0
64,75,-4.740596771240234,3.271174669265747,17.0
64,76,-8.132073402404785,2.094425678253174,2.0
64,77,-5.045221328735352,1.8788363933563232,4.0
64,78,-11.439712524414062,5.125585079193115,15.0
64,79,-4.3438496589660645,8.775157928466797,8.0
64,80,-16.577457427978516,63.0775146484375,139.0
64,81,-4.128195285797119,1.5819977521896362,2.0
64,82,-3.9246838092803955,2.6675779819488525,5.0
64,83,-16.604578018188477,4.524499893188477,37.0
64,84,-2.135190725326538,2.037513494491577,1.0
64,85,-8.156911849975586,15.164703369140625,17.0
64,86,-5.423950672149658,15.058992385864258,14.0
64,87,-15.675884246826172,7.095675945281982,31.0
64,88,-9.502925872802734,23.75140953063965,7.0
64,89,-9.433916091918945,23.21129035949707,30.0
64,90,-3.3270492553710938,5.277881145477295,4.0
64,91,-8.716316223144531,8.838163375854492,5.0
64,92,-3.764631748199463,1.8728073835372925,3.0
64,93,-30.347900390625,157.27304077148438,600.0
64,94,-13.12727165222168,5.159857749938965,100.0
64,95,-1.6098699569702148,1.4955103397369385,1.0
64,96,-9.055509567260742,9.620319366455078,8.0
64,97,-5.355498313903809,5.960570335388184,2.0
64,98,-4.7718119621276855,3.296802282333374,11.0
64,99,-4.377448081970215,1.6264230012893677,3.0
64,100,-1.4019958972930908,2.015763282775879,1.0
64,101,-4.7148847579956055,2.5676136016845703,11.0
64,102,-5.6236371994018555,2.019711494445801,3.0
64,103,-2.8740074634552,1.776777744293213,2.0
64,104,-14.957123756408691,8.47170639038086,15.0
64,105,-10.723197937011719,35.673179626464844,134.0
64,106,-10.112866401672363,7.557747840881348,7.0
64,107,-17.07686996459961,17.221263885498047,2276.0
64,108,-24.93083953857422,12.098529815673828,614.0
64,109,-4.432281970977783,2.426515817642212,5.0
64,110,-7.757920742034912,6.955134868621826,10.0
64,111,-6.308836460113525,2.2003238201141357,7.0
64,112,-8.128396987915039,7.630087375640869,19.0
64,113,-9.625890731811523,2.2303478717803955,15.0
64,114,-5.428771018981934,6.107944965362549,7.0
64,115,-2.978553295135498,1.8143198490142822,2.0
64,116,-10.506301879882812,13.826340675354004,4.0
64,117,-7.4193010330200195,3.4437127113342285,13.0
64,118,-5.078438758850098,2.7612617015838623,14.0
64,119,-18.40134048461914,4.634113788604736,5.0
64,120,-13.618196487426758,6.996826171875,59.0
64,121,-1.9016485214233398,1.8849151134490967,2.0
64,122,-3.115324020385742,4.747708320617676,2.0
64,123,-16.156475067138672,7.535004615783691,20.0
64,124,-14.706172943115234,4.351921081542969,96.0
64,125,-19.60488510131836,26.245141983032227,445.0
64,126,-8.904765129089355,19.457935333251953,7.0
64,127,-27.139739990234375,884.4225463867188,2528.0
64,128,-1.3907870054244995,1.320694088935852,1.0
64,129,-10.931182861328125,236.4156494140625,144.0
64,130,-6.10101318359375,1.8406178951263428,6.0
64,131,-6.992288589477539,2.012200355529785,4.0
64,132,-14.427469253540039,7.854346752166748,127.0
64,133,-11.258951187133789,2.783031940460205,4.0
64,134,-5.215838432312012,2.838193416595459,3.0
64,135,-7.557238578796387,4.533288478851318,10.0
64,136,-19.86969566345215,27.429414749145508,469.0
64,137,-6.2439470291137695,4.763519287109375,4.0
64,138,-11.248509407043457,16.64529037475586,491.0
64,139,-6.736162185668945,29.02277946472168,21.0
64,140,-27.570514678955078,7.1658196449279785,29.0
64,141,-3.4418509006500244,1.9904687404632568,4.0
64,142,-2.547811508178711,1.664562463760376,2.0
64,143,-1.7305834293365479,1.541330337524414,2.0
64,144,-11.041468620300293,62409.23828125,773.0
64,145,-11.780447006225586,4.360365390777588,11.0
64,146,-10.482316017150879,2.1143276691436768,4.0
64,147,-11.052355766296387,9.120012283325195,49.0
64,148,-6.896323204040527,2.6783180236816406,3.0
66,0,-7.099758625030518,4.13692045211792,15.0
66,1,-5.320273399353027,2.8980982303619385,4.0
66,2,-18.605113983154297,4.7134785652160645,338.0
66,3,-5.739732265472412,2.602889060974121,7.0
66,4,-6.126507759094238,4.625696659088135,9.0
66,5,-13.118963241577148,79.2801513671875,35.0
66,6,-1.9280164241790771,1.470501184463501,1.0
66,7,-4.508179664611816,2.463630199432373,3.0
66,8,-10.951190948486328,8.937341690063477,24.0
66,9,-11.042292594909668,9.101675033569336,811.0
66,10,-3.093076229095459,4.695187568664551,2.0
66,11,-6.489374160766602,5.06494665145874,33.0
66,12,-6.339731693267822,2.0226621627807617,6.0
66,13,-8.085296630859375,3.8479843139648438,8.0
66,14,-5.741385459899902,3.1527562141418457,4.0
66,15,-20.022235870361328,54.841487884521484,613.0
66,16,-10.702895164489746,14.522858619689941,23.0
66,17,-15.964628219604492,5.893486022949219,11.0
66,18,-5.3374457359313965,14.421539306640625,15.0
66,19,-13.291271209716797,14.271352767944336,15.0
66,20,-10.580211639404297,14.084190368652344,36.0
66,21,-12.280017852783203,21.54199981689453,1143.0
66,22,-12.439647674560547,3.469341516494751,11.0
66,23,-10.74500846862793,8.57629108428955,6.0
66,24,-14.7205810546875,6.296996116638184,15.0
66,25,-12.385320663452148,11.906257629394531,37.0
66,26,-2.0537283420562744,1.507941722869873,2.0
66,27,-18.246421813964844,7.594165325164795,158.0
66,28,-3.5562081336975098,2.4328222274780273,2.0
66,29,-3.3837077617645264,2.330136775970459,2.0
66,30,-4.330225944519043,4.235107421875,3.0
66,31,-6.718183517456055,3.0639264583587646,10.0
66,32,-5.698771953582764,17.277170181274414,21.0
66,33,-3.0487935543060303,2.142982006072998,3.0
66,34,-16.40338134765625,6.18791389465332,37.0
66,35,-2.713707208633423,2.470867156982422,2.0
66,36,-8.693665504455566,18.13580894470215,138.0
66,37,-3.682253837585449,3.412407159805298,3.0
66,38,-5.615128517150879,4.070566177368164,3.0
66,39,-5.522629737854004,2.510390520095825,6.0
66,40,-5.82440185546875,3.2055394649505615,5.0
66,41,-13.551957130432129,91.58973693847656,393.0
66,42,-3.716245651245117,2.5321316719055176,2.0
66,43,-5.624433994293213,16.64678382873535,14.0
66,44,-0.9316497445106506,1.204819679260254,1.0
66,45,-11.259574890136719,9.505922317504883,19.0
66,46,-7.758097171783447,3.029203176498413,3.0
66,47,-1.628347635269165,1.3117882013320923,2.0
66,48,-1.1840728521347046,1.3444947004318237,1.0
66,49,-21.99634552001953,7.386601448059082,32.0
66,50,-14.105937957763672,5.831313610076904,10.0
66,51,-8.985821723937988,3.0747628211975098,5.0
66,52,-2.6120944023132324,1.5455025434494019,2.0
66,53,-15.294448852539062,6.765296936035156,34.0
66,54,-21.183805465698242,34.14561462402344,8.0
66,55,-7.480193138122559,3.478839635848999,20.0
66,56,-10.411190032958984,32.14949417114258,20.0
66,57,-15.808423042297363,52.04484558105469,85.0
66,58,-14.004571914672852,5.757892608642578,34.0
66,59,-7.483123779296875,2.9125168323516846,16.0
66,60,-13.212045669555664,3.007183074951172,5.0
66,61,-4.372812271118164,2.983816146850586,2.0
66,62,-2.856051445007324,1.4290450811386108,2.0
66,63,-6.553045272827148,2.550142765045166,66.0
66,64,-6.830451965332031,1.9798978567123413,2.0
66,65,-6.402634620666504,3.5985350608825684,2.0
66,66,-6.244288444519043,2.1826419830322266,4.0
66,67,-7.647975921630859,2.339120626449585,15.0
66,68,-1.959864854812622,1.3231042623519897,1.0
66,69,-24.31784439086914,3.596231698989868,66.0
66,70,-9.658174514770508,6.900783538818359,28.0
66,71,-5.558804988861084,2.0034098625183105,2.0
66,72,-5.097500801086426,1.8911546468734741,2.0
66,73,-2.8265209197998047,1.3689689636230469,2.0
66,74,-2.4968817234039307,1.8667900562286377,2.0
66,75,-4.775513172149658,3.299854040145874,17.0
66,76,-8.085859298706055,2.0856449604034424,2.0
66,77,-4.999043941497803,1.8680226802825928,3.0
66,78,-11.630280494689941,5.267040252685547,16.0
66,79,-4.302328109741211,8.594857215881348,6.0
66,80,-16.698589324951172,65.01690673828125,139.0
66,81,-4.106715679168701,1.5782264471054077,2.0
66,82,-3.912654161453247,2.6595675945281982,5.0
66,83,-16.6156005859375,4.529036045074463,37.0
66,84,-2.0914511680603027,2.0080225467681885,1.0
66,85,-8.105531692504883,14.907195091247559,16.0
66,86,-5.4666218757629395,15.383737564086914,14.0
66,87,-15.466142654418945,6.9120612144470215,29.0
66,88,-9.446404457092285,23.308115005493164,7.0
66,89,-9.421194076538086,23.113065719604492,29.0
66,90,-3.305845022201538,5.222219944000244,4.0
66,91,-8.675851821899414,8.749205589294434,5.0
66,92,-3.76123046875,1.8717460632324219,3.0
66,93,-30.38054656982422,158.13113403320312,607.0
66,94,-13.177327156066895,5.192243576049805,102.0
66,95,-1.6064363718032837,1.4942271709442139,1.0
66,96,-9.039514541625977,9.581926345825195,7.0
66,97,-5.366871356964111,5.983209133148193,2.0
66,98,-4.759004592895508,3.2862634658813477,11.0
66,99,-4.350625514984131,1.6215829849243164,3.0
66,100,-1.4297982454299927,2.043980598449707,1.0
66,101,-4.716643333435059,2.568516969680786,11.0
66,102,-5.586058616638184,2.010246515274048,3.0
66,103,-2.8676719665527344,1.7745277881622314,2.0
66,104,-15.037954330444336,8.570097923278809,15.0
66,105,-10.721935272216797,35.65817642211914,135.0
66,106,-10.063433647155762,7.483396530151367,7.0
66,107,-17.136688232421875,17.393814086914062,2288.0
66,108,-24.93511199951172,12.103699684143066,604.0
66,109,-4.371153831481934,2.397030830383301,5.0
66,110,-7.725263595581055,6.8985819816589355,10.0
66,111,-6.339430332183838,2.208754539489746,7.0
66,112,-8.088736534118652,7.554807662963867,18.0
66,113,-9.54051685333252,2.214536190032959,13.0
66,114,-5.435646057128906,6.121958255767822,7.0
66,115,-2.989121437072754,1.8181586265563965,2.0
66,116,-10.461984634399414,13.673999786376953,4.0
66,117,-7.361303806304932,3.410585403442383,13.0
66,118,-5.030110836029053,2.73470139503479,14.0
66,119,-18.297204971313477,4.594073295593262,5.0
66,120,-13.55769157409668,6.936609745025635,58.0
66,121,-1.8573579788208008,1.8572916984558105,2.0
66,122,-3.144252300262451,4.816878795623779,2.0
66,123,-16.038604736328125,7.42479944229126,20.0
66,124,-14.681806564331055,4.341329574584961,94.0
66,125,-19.59506607055664,26.202224731445312,456.0
66,126,-8.921709060668945,19.568143844604492,7.0
66,127,-27.02159881591797,858.682861328125,2520.0
66,128,-1.3545554876327515,1.311158537864685,1.0
66,129,-10.919447898864746,235.03253173828125,140.0
66,130,-6.118120193481445,1.8437693119049072,6.0
66,131,-7.0443339347839355,2.022700071334839,4.0
66,132,-14.387280464172363,7.809381484985352,127.0
66,133,-11.220788955688477,2.7733936309814453,4.0
66,134,-5.2553935050964355,2.8607351779937744,3.0
66,135,-7.592411994934082,4.565291881561279,10.0
66,136,-19.830913543701172,27.252689361572266,472.0
66,137,-6.299352645874023,4.829959869384766,4.0
66,138,-11.274944305419922,16.755659103393555,500.0
66,139,-6.764011383056641,29.429738998413086,20.0
66,140,-27.584732055664062,7.17310094833374,29.0
66,141,-3.37662935256958,1.9646731615066528,4.0
66,142,-2.562110185623169,1.6693294048309326,2.0
66,143,-1.7317297458648682,1.5417720079421997,2.0
66,144,-11.032363891601562,61843.6015625,780.0
66,145,-11.794624328613281,4.368099689483643,11.0
66,146,-10.527570724487305,2.121173143386841,4.0
66,147,-11.083868980407715,9.177674293518066,48.0
66,148,-7.025569438934326,2.728229522705078,3.0
68,0,-7.157042503356934,4.18458890914917,15.0
68,1,-5.362639427185059,2.9227585792541504,4.0
68,2,-18.46229362487793,4.657712936401367,334.0
68,3,-5.759814739227295,2.6116158962249756,7.0
68,4,-6.146633148193359,4.649028301239014,9.0
68,5,-13.141357421875,79.87417602539062,35.0
68,6,-1.9306403398513794,1.4712731838226318,1.0
68,7,-4.501491546630859,2.460336923599243,3.0
68,8,-10.958854675292969,8.951051712036133,24.0
68,9,-11.072348594665527,9.156551361083984,822.0
68,10,-3.054579734802246,4.605678081512451,2.0
68,11,-6.454512119293213,5.020994663238525,33.0
68,12,-6.3587188720703125,2.0269339084625244,6.0
68,13,-8.064746856689453,3.8348276615142822,8.0
68,14,-5.741084098815918,3.152566432952881,4.0
68,15,-20.002822875976562,54.62898254394531,607.0
68,16,-10.702920913696289,14.52295207977295,24.0
68,17,-15.805026054382324,5.789894104003906,11.0
68,18,-5.310983180999756,14.23198127746582,15.0
68,19,-13.30921459197998,14.32265853881836,15.0
68,20,-10.54733657836914,13.968910217285156,33.0
68,21,-12.273138046264648,21.504980087280273,1136.0
68,22,-12.344314575195312,3.4364242553710938,8.0
68,23,-10.751538276672363,8.58750057220459,6.0
68,24,-14.80113410949707,6.360721111297607,17.0
68,25,-12.332828521728516,11.781913757324219,35.0
68,26,-2.0758471488952637,1.51462721824646,2.0
68,27,-18.207487106323242,7.561383247375488,157.0
68,28,-3.5500102043151855,2.429055690765381,2.0
68,29,-3.4103288650512695,2.345696210861206,2.0
68,30,-4.284712791442871,4.1713409423828125,3.0
68,31,-6.7308783531188965,3.07041597366333,9.0
68,32,-5.6798295974731445,17.114307403564453,21.0
68,33,-3.0444998741149902,2.140683174133301,3.0
68,34,-16.349102020263672,6.150706768035889,37.0
68,35,-2.7187442779541016,2.4750189781188965,2.0
68,36,-8.6854248046875,18.086061477661133,137.0
68,37,-3.711216688156128,3.4455108642578125,3.0
68,38,-5.629583358764648,4.085302829742432,3.0
68,39,-5.487236499786377,2.4956254959106445,6.0
68,40,-5.819914817810059,3.2026641368865967,5.0
68,41,-13.511900901794434,90.37492370605469,386.0
68,42,-3.7225334644317627,2.5361151695251465,2.0
68,43,-5.705702304840088,17.337142944335938,15.0
68,44,-0.9304691553115845,1.2045352458953857,1.0
68,45,-11.128620147705078,9.260184288024902,18.0
68,46,-7.782812595367432,3.039917230606079,3.0
68,47,-1.661880612373352,1.3191401958465576,2.0
68,48,-1.1730200052261353,1.3407846689224243,1.0
68,49,-22.040760040283203,7.416487216949463,32.0
68,50,-14.099185943603516,5.826394081115723,10.0
68,51,-8.911669731140137,3.0463943481445312,5.0
68,52,-2.5775721073150635,1.5366356372833252,2.0
68,53,-15.389657974243164,6.846292495727539,34.0
68,54,-21.01848602294922,33.2176399230957,7.0
68,55,-7.473126411437988,3.474745035171509,20.0
68,56,-10.420029640197754,32.244361877441406,19.0
68,57,-15.789594650268555,51.80044174194336,83.0
68,58,-13.996513366699219,5.752095699310303,34.0
68,59,-7.536561012268066,2.9348361492156982,16.0
68,60,-13.122623443603516,2.9848573207855225,5.0
68,61,-4.35760498046875,2.972493886947632,2.0
68,62,-2.8314335346221924,1.4246543645858765,2.0
68,63,-6.523192882537842,2.539290428161621,60.0
68,64,-6.849908351898193,1.9837536811828613,2.0
68,65,-6.414052486419678,3.606761932373047,2.0
68,66,-6.148916244506836,2.156775951385498,4.0
68,67,-7.633626937866211,2.3353943824768066,15.0
68,68,-1.9820239543914795,1.3272993564605713,1.0
68,69,-24.370319366455078,3.606178045272827,68.0
68,70,-9.604488372802734,6.827084064483643,28.0
68,71,-5.55435848236084,2.0022964477539062,2.0
68,72,-5.109746932983398,1.8940517902374268,2.0
68,73,-2.859201669692993,1.3739489316940308,2.0
68,74,-2.4726247787475586,1.855503797531128,2.0
68,75,-4.783285617828369,3.306272506713867,17.0
68,76,-8.011514663696289,2.071596384048462,2.0
68,77,-5.028818607330322,1.8749881982803345,4.0
68,78,-11.585100173950195,5.233154773712158,16.0
68,79,-4.348739147186279,8.796637535095215,7.0
68,80,-16.482250213623047,61.5938835144043,139.0
68,81,-4.087624549865723,1.5748822689056396,2.0
68,82,-3.9611263275146484,2.6919925212860107,6.0
68,83,-16.6433048248291,4.540457248687744,38.0
68,84,-2.0821890830993652,2.0018324851989746,1.0
68,85,-8.061347007751465,14.689247131347656,16.0
68,86,-5.460970878601074,15.34033203125,14.0
68,87,-15.429768562316895,6.880704879760742,29.0
68,88,-9.49859619140625,23.7171573638916,7.0
68,89,-9.35900592803955,22.638877868652344,29.0
68,90,-3.3084421157836914,5.229005336761475,4.0
68,91,-8.671356201171875,8.739377975463867,5.0
68,92,-3.754852294921875,1.8697574138641357,3.0
68,93,-30.309978485107422,156.28213500976562,603.0
68,94,-13.160143852233887,5.181102752685547,98.0
68,95,-1.5992108583450317,1.491530418395996,1.0
68,96,-9.014993667602539,9.523366928100586,8.0
68,97,-5.368823528289795,5.987104415893555,2.0
68,98,-4.753942012786865,3.282106876373291,11.0
68,99,-4.3131537437438965,1.6148455142974854,3.0
68,100,-1.3860386610031128,1.9997442960739136,1.0
68,101,-4.596756935119629,2.5076634883880615,10.0
68,102,-5.610650062561035,2.016435384750366,3.0
68,103,-2.856781482696533,1.7706669569015503,2.0
68,104,-15.056661605834961,8.593031883239746,15.0
68,105,-10.6564359664917,34.88808059692383,124.0
68,106,-10.044716835021973,7.455435276031494,7.0
68,107,-17.09125518798828,17.262601852416992,2238.0
68,108,-24.850318908691406,12.00150203704834,591.0
68,109,-4.484840393066406,2.4521572589874268,5.0
68,110,-7.74470329284668,6.932190418243408,10.0
68,111,-6.315768241882324,2.2022311687469482,7.0
68,112,-8.085700035095215,7.549075126647949,18.0
68,113,-9.579318046569824,2.2217085361480713,13.0
68,114,-5.445650577545166,6.142408847808838,7.0
68,115,-2.9974277019500732,1.8211815357208252,2.0
68,116,-10.458410263061523,13.661785125732422,4.0
68,117,-7.315117359161377,3.384432077407837,13.0
68,118,-5.0735015869140625,2.7585365772247314,14.0
68,119,-18.190509796142578,4.553407669067383,5.0
68,120,-13.453792572021484,6.83441162109375,59.0
68,121,-1.8571783304214478,1.8571804761886597,2.0
68,122,-3.1267974376678467,4.775022983551025,2.0
68,123,-16.01850128173828,7.406164646148682,20.0
68,124,-14.622901916503906,4.315832138061523,92.0
68,125,-19.56760025024414,26.082555770874023,453.0
68,126,-8.92482852935791,19.588504791259766,7.0
68,127,-27.0544376373291,865.761474609375,2535.0
68,128,-1.3683444261550903,1.3147794008255005,1.0
68,129,-10.900579452514648,232.8256072998047,146.0
68,130,-6.069162845611572,1.834764838218689,6.0
68,131,-7.086565971374512,2.0312607288360596,4.0
68,132,-14.357755661010742,7.7765116691589355,124.0
68,133,-11.207971572875977,2.7701640129089355,4.0
68,134,-5.243706703186035,2.8540565967559814,3.0
68,135,-7.620926856994629,4.591402053833008,10.0
68,136,-19.786685943603516,27.052541732788086,454.0
68,137,-6.261030197143555,4.78390645980835,4.0
68,138,-11.200807571411133,16.447967529296875,478.0
68,139,-6.7181806564331055,28.76301383972168,20.0
68,140,-27.5770263671875,7.169154167175293,28.0
68,141,-3.3667521476745605,1.9607958793640137,4.0
68,142,-2.5412051677703857,1.6623646020889282,2.0
68,143,-1.705573320388794,1.531723141670227,2.0
68,144,-11.067761421203613,64071.9140625,792.0
68,145,-11.802988052368164,4.372668266296387,11.0
68,146,-10.57099723815918,2.127763271331787,4.0
68,147,-11.094987869262695,9.198105812072754,48.0
68,148,-7.013038635253906,2.7233498096466064,3.0
70,0,-7.1767578125,4.201121807098389,15.0
70,1,-5.353062152862549,2.917165517807007,4.0
70,2,-18.476346969604492,4.66317081451416,334.0
70,3,-5.724452972412109,2.596269130706787,7.0
70,4,-6.08756160736084,4.58087682723999,9.0
70,5,-13.181769371032715,80.9574203491211,36.0
70,6,-1.9588336944580078,1.4795924425125122,1.0
70,7,-4.530859470367432,2.474830389022827,3.0
70,8,-10.942415237426758,8.92166805267334,24.0
70,9,-11.064178466796875,9.141603469848633,846.0
70,10,-3.058053731918335,4.61368465423584,2.0
70,11,-6.4357686042785645,4.99752140045166,33.0
70,12,-6.349728107452393,2.0249099731445312,6.0
70,13,-8.069950103759766,3.8381545543670654,8.0
70,14,-5.708432197570801,3.1320457458496094,4.0
70,15,-20.059125900268555,55.24761199951172,624.0
70,16,-10.781230926513672,14.810076713562012,26.0
70,17,-15.748868942260742,5.753880023956299,11.0
70,18,-5.325522422790527,14.335819244384766,15.0
70,19,-13.311607360839844,14.329517364501953,15.0
70,20,-10.509166717529297,13.8362455368042,32.0
70,21,-12.249601364135742,21.378812789916992,1128.0
70,22,-12.375028610229492,3.4469947814941406,9.0
70,23,-10.87186050415039,8.796661376953125,6.0
70,24,-14.789629936218262,6.35158109664917,15.0
70,25,-12.32254409790039,11.757705688476562,35.0
70,26,-2.0808184146881104,1.5161340236663818,2.0
70,27,-18.185041427612305,7.542550086975098,159.0
70,28,-3.5604281425476074,2.4353902339935303,2.0
70,29,-3.403268814086914,2.341559410095215,2.0
70,30,-4.29965877532959,4.192174434661865,3.0
70,31,-6.722222805023193,3.0659899711608887,9.0
70,32,-5.6490936279296875,16.85330581665039,21.0
70,33,-3.097358465194702,2.169159173965454,3.0
70,34,-16.294841766357422,6.113735675811768,34.0
70,35,-2.7066843509674072,2.4650895595550537,2.0
70,36,-8.675583839416504,18.026830673217773,134.0
70,37,-3.6849400997161865,3.415463924407959,3.0
70,38,-5.644498825073242,4.100564479827881,3.0
70,39,-5.501980781555176,2.501765727996826,6.0
70,40,-5.828021049499512,3.2078607082366943,5.0
70,41,-13.570093154907227,92.14510345458984,396.0
70,42,-3.7179360389709473,2.5332016944885254,2.0
70,43,-5.680436134338379,17.11949920654297,15.0
70,44,-0.9153784513473511,1.2009053230285645,1.0
70,45,-11.222569465637207,9.43582820892334,19.0
70,46,-7.748148441314697,3.0249011516571045,3.0
70,47,-1.6546987295150757,1.3175621032714844,2.0
70,48,-1.1762974262237549,1.341883659362793,1.0
70,49,-21.992835998535156,7.384245872497559,38.0
70,50,-14.01519775390625,5.76554536819458,10.0
70,51,-8.929645538330078,3.0532472133636475,5.0
70,52,-2.5586142539978027,1.5317879915237427,2.0
70,53,-15.444928169250488,6.8937554359436035,34.0
70,54,-21.04161262512207,33.34592056274414,8.0
70,55,-7.441227436065674,3.4563205242156982,20.0
70,56,-10.446706771850586,32.532371520996094,21.0
70,57,-15.82949447631836,52.319732666015625,84.0
70,58,-14.051883697509766,5.792045593261719,34.0
70,59,-7.5512003898620605,2.9409801959991455,15.0
70,60,-13.14895248413086,2.9914135932922363,5.0
70,61,-4.3928985595703125,2.9988372325897217,2.0
70,62,-2.8728392124176025,1.4320470094680786,2.0
70,63,-6.52903413772583,2.541410446166992,59.0
70,64,-6.864989280700684,1.9867475032806396,2.0
70,65,-6.362912178039551,3.5700600147247314,2.0
70,66,-6.094437599182129,2.142138719558716,4.0
70,67,-7.6457953453063965,2.3385541439056396,15.0
70,68,-1.958507776260376,1.322847843170166,1.0
70,69,-24.319202423095703,3.5964884757995605,66.0
70,70,-9.57282829284668,6.783992290496826,29.0
70,71,-5.589771270751953,2.0111796855926514,2.0
70,72,-5.118129730224609,1.8960374593734741,2.0
70,73,-2.819986343383789,1.3679753541946411,2.0
70,74,-2.4792380332946777,1.8585739135742188,2.0
70,75,-4.772520542144775,3.297386407852173,17.0
70,76,-8.019189834594727,2.073042154312134,2.0
70,77,-4.9670000076293945,1.8605552911758423,3.0
70,78,-11.63050365447998,5.267208576202393,15.0
70,79,-4.332549571990967,8.72571849822998,7.0
70,80,-16.58937644958496,63.265750885009766,138.0
70,81,-4.106715679168701,1.5782264471054077,2.0
70,82,-3.951035976409912,2.6852102279663086,5.0
70,83,-16.499242782592773,4.481380939483643,37.0
70,84,-2.005370855331421,1.9512242078781128,1.0
70,85,-8.046675682067871,14.617584228515625,14.0
70,86,-5.4199652671813965,15.029014587402344,14.0
70,87,-15.379179000854492,6.8373308181762695,30.0
70,88,-9.48100757598877,23.57851219177246,7.0
70,89,-9.383984565734863,22.82815933227539,29.0
70,90,-3.300112724304199,5.207273483276367,4.0
70,91,-8.679170608520508,8.756467819213867,5.0
70,92,-3.6931467056274414,1.8506269454956055,3.0
70,93,-30.22967529296875,154.20440673828125,584.0
70,94,-13.216543197631836,5.217758655548096,100.0
70,95,-1.6018424034118652,1.4925119876861572,1.0
70,96,-8.947242736816406,9.363420486450195,8.0
70,97,-5.369693756103516,5.9888410568237305,2.0
70,98,-4.7811479568481445,3.3045060634613037,11.0
70,99,-4.266213417053223,1.606445074081421,3.0
70,100,-1.3868789672851562,2.000584602355957,1.0
70,101,-4.64022970199585,2.5295615196228027,10.0
70,102,-5.575936317443848,2.007704496383667,3.0
70,103,-2.852067232131958,1.7689982652664185,2.0
70,104,-15.000849723815918,8.52479076385498,15.0
70,105,-10.719064712524414,35.62407684326172,133.0
70,106,-10.004104614257812,7.395124435424805,7.0
70,107,-17.029956817626953,17.087141036987305,2171.0
70,108,-24.90043067932129,12.061797142028809,593.0
70,109,-4.435857772827148,2.4282517433166504,5.0
70,110,-7.7215962409973145,6.892260551452637,10.0
70,111,-6.364533424377441,2.215696096420288,7.0
70,112,-8.071066856384277,7.521509170532227,18.0
70,113,-9.519681930541992,2.2106947898864746,13.0
70,114,-5.464200019836426,6.180505275726318,7.0
70,115,-2.985995292663574,1.8170223236083984,2.0
70,116,-10.517790794372559,13.866109848022461,4.0
70,117,-7.405186653137207,3.4356210231781006,13.0
70,118,-5.06496524810791,2.753831148147583,14.0
70,119,-18.174049377441406,4.547165870666504,5.0
70,120,-13.39777946472168,6.779941558837891,56.0
70,121,-1.8407663106918335,1.847048044204712,2.0
70,122,-3.0939979553222656,4.697351932525635,2.0
70,123,-16.073177337646484,7.4569549560546875,20.0
70,124,-14.720211029052734,4.358034133911133,93.0
70,125,-19.624801635742188,26.33240509033203,464.0
70,126,-8.90925407409668,19.48707389831543,7.0
70,127,-27.008102416992188,855.7904663085938,2534.0
70,128,-1.3869297504425049,1.3196756839752197,1.0
70,129,-10.909549713134766,233.87220764160156,137.0
70,130,-6.0771684646606445,1.8362343311309814,6.0
70,131,-7.141839504241943,2.0425190925598145,4.0
70,132,-14.398666381835938,7.822093963623047,129.0
70,133,-11.241842269897461,2.7787067890167236,4.0
70,134,-5.258728981018066,2.8626444339752197,3.0
70,135,-7.585284233093262,4.558787822723389,10.0
70,136,-19.79022216796875,27.068490982055664,448.0
70,137,-6.317479133605957,4.851897239685059,4.0
70,138,-11.282767295837402,16.788461685180664,497.0
70,139,-6.7155890464782715,28.725767135620117,20.0
70,140,-27.67353630065918,7.21874475479126,28.0
70,141,-3.4369699954986572,1.988526701927185,4.0
70,142,-2.5656659603118896,1.670517086982727,2.0
70,143,-1.759272813796997,1.5524250268936157,2.0
70,144,-11.015707015991211,60822.01171875,772.0
70,145,-11.784500122070312,4.362575054168701,11.0
70,146,-10.554701805114746,2.1252877712249756,4.0
70,147,-11.12328052520752,9.250301361083984,49.0
70,148,-7.041255474090576,2.734349489212036,3.0
72,0,-7.219254493713379,4.236980438232422,16.0
72,1,-5.3914313316345215,2.9396374225616455,4.0
72,2,-18.491371154785156,4.669012069702148,336.0
72,3,-5.760746002197266,2.6120212078094482,6.0
72,4,-6.144159317016602,4.646154403686523,9.0
72,5,-13.191448211669922,81.21903228759766,37.0
72,6,-1.9479566812515259,1.4763773679733276,1.0
72,7,-4.416680335998535,2.4189560413360596,3.0
72,8,-11.00873851776123,9.040800094604492,24.0
72,9,-10.985953330993652,8.999695777893066,819.0
72,10,-3.0695834159851074,4.640358924865723,2.0
72,11,-6.4347124099731445,4.99620246887207,33.0
72,12,-6.348545074462891,2.024643898010254,6.0
72,13,-8.078876495361328,3.8438689708709717,8.0
72,14,-5.756331920623779,3.1621949672698975,4.0
72,15,-20.088184356689453,55.56962585449219,611.0
72,16,-10.791705131530762,14.848907470703125,25.0
72,17,-15.841176986694336,5.813197612762451,11.0
72,18,-5.325505256652832,14.33569622039795,15.0
72,19,-13.223015785217285,14.077858924865723,15.0
72,20,-10.516521453857422,13.861710548400879,32.0
72,21,-12.231228828430176,21.280841827392578,1117.0
72,22,-12.376089096069336,3.4473605155944824,7.0
72,23,-10.813858032226562,8.695204734802246,7.0
72,24,-14.917745590209961,6.4541168212890625,15.0
72,25,-12.342174530029297,11.803956985473633,36.0
72,26,-2.1056323051452637,1.5236769914627075,2.0
72,27,-18.139652252197266,7.504606246948242,160.0
72,28,-3.534533977508545,2.419675588607788,2.0
72,29,-3.3796167373657227,2.3277549743652344,2.0
72,30,-4.280559539794922,4.165570259094238,3.0
72,31,-6.723104000091553,3.0664401054382324,10.0
72,32,-5.629080295562744,16.685501098632812,21.0
72,33,-3.0768752098083496,2.1580798625946045,3.0
72,34,-16.365385055541992,6.161844253540039,38.0
72,35,-2.7021846771240234,2.461395025253296,2.0
72,36,-8.662642478942871,17.949235916137695,132.0
72,37,-3.7274370193481445,3.4641902446746826,3.0
72,38,-5.650838851928711,4.10706901550293,3.0
72,39,-5.50221061706543,2.501861810684204,6.0
72,40,-5.746223449707031,3.155808448791504,5.0
72,41,-13.567337036132812,92.06047821044922,400.0
72,42,-3.7070624828338623,2.526324987411499,2.0
72,43,-5.667419910430908,17.008445739746094,15.0
72,44,-0.8996907472610474,1.197143316268921,1.0
72,45,-11.229486465454102,9.448890686035156,19.0
72,46,-7.77507209777832,3.036557674407959,3.0
72,47,-1.6392704248428345,1.314178466796875,2.0
72,48,-1.1569702625274658,1.3354156017303467,1.0
72,49,-22.00818634033203,7.394556999206543,38.0
72,50,-14.049697875976562,5.790462970733643,10.0
72,51,-8.93990421295166,3.0571651458740234,5.0
72,52,-2.5764577388763428,1.5363502502441406,2.0
72,53,-15.500267028808594,6.94160795211792,34.0
72,54,-21.18083381652832,34.12871170043945,7.0
72,55,-7.423332691192627,3.4460272789001465,19.0
72,56,-10.429742813110352,32.34892654418945,19.0
72,57,-15.822136878967285,52.22358322143555,85.0
72,58,-14.027862548828125,5.774680137634277,34.0
72,59,-7.489337921142578,2.9151036739349365,15.0
72,60,-13.08950424194336,2.976630926132202,5.0
72,61,-4.36885929107666,2.9808688163757324,2.0
72,62,-2.8576576709747314,1.4293320178985596,2.0
72,63,-6.493427276611328,2.5285158157348633,50.0
72,64,-6.872302055358887,1.9882009029388428,2.0
72,65,-6.40237283706665,3.5983469486236572,2.0
72,66,-6.022531509399414,2.1229708194732666,4.0
72,67,-7.637038230895996,2.3362796306610107,15.0
72,68,-1.9426116943359375,1.3198472261428833,1.0
72,69,-24.33346939086914,3.5991902351379395,67.0
72,70,-9.529411315917969,6.725338459014893,28.0
72,71,-5.546658515930176,2.0003702640533447,2.0
72,72,-5.142090797424316,1.901724934577942,2.0
72,73,-2.781980276107788,1.3622106313705444,2.0
72,74,-2.489940881729126,1.863553524017334,2.0
72,75,-4.764962673187256,3.2911617755889893,17.0
72,76,-7.972317218780518,2.06422758102417,2.0
72,77,-4.956092834472656,1.858020305633545,4.0
72,78,-11.620772361755371,5.259891033172607,15.0
72,79,-4.324296951293945,8.689787864685059,6.0
72,80,-16.521408081054688,62.19981384277344,137.0
72,81,-4.072989463806152,1.5723234415054321,2.0
72,82,-3.958436965942383,2.690183162689209,6.0
72,83,-16.583681106567383,4.515913009643555,37.0
72,84,-2.0196986198425293,1.960565209388733,1.0
72,85,-8.087491035461426,14.817817687988281,14.0
72,86,-5.431188583374023,15.113590240478516,14.0
72,87,-15.429649353027344,6.8806023597717285,30.0
72,88,-9.504873275756836,23.766834259033203,8.0
72,89,-9.34879207611084,22.561933517456055,29.0
72,90,-3.277116298675537,5.147741794586182,4.0
72,91,-8.658891677856445,8.712187767028809,5.0
72,92,-3.6975040435791016,1.8519713878631592,3.0
72,93,-30.303417205810547,156.11134338378906,597.0
72,94,-13.281181335449219,5.260087490081787,100.0
72,95,-1.5922720432281494,1.4889453649520874,1.0
72,96,-8.973244667053223,9.42448616027832,8.0
72,97,-5.399993419647217,6.0496344566345215,2.0
72,98,-4.809706211090088,3.328183174133301,11.0
72,99,-4.318628311157227,1.6158281564712524,3.0
72,100,-1.3897936344146729,2.003502368927002,1.0
72,101,-4.55164909362793,2.4851419925689697,9.0
72,102,-5.628206729888916,2.0208654403686523,3.0
72,103,-2.8516576290130615,1.7688534259796143,2.0
72,104,-15.022953033447266,8.551751136779785,15.0
72,105,-10.64743709564209,34.783592224121094,127.0
72,106,-10.020204544067383,7.418975830078125,7.0
72,107,-17.06768226623535,17.194917678833008,2163.0
72,108,-25.00798797607422,12.192228317260742,605.0
72,109,-4.437794208526611,2.429192304611206,5.0
72,110,-7.646721839904785,6.76444673538208,8.0
72,111,-6.338521957397461,2.2085037231445312,7.0
72,112,-8.07421588897705,7.527432441711426,18.0
72,113,-9.589578628540039,2.22360897064209,14.0
72,114,-5.450218677520752,6.151768207550049,7.0
72,115,-2.950026512145996,1.8039978742599487,2.0
72,116,-10.48913288116455,13.767121315002441,4.0
72,117,-7.33772087097168,3.3972065448760986,12.0
72,118,-5.056277751922607,2.7490501403808594,14.0
72,119,-18.112579345703125,4.523932456970215,5.0
72,120,-13.37708854675293,6.759930610656738,55.0
72,121,-1.8433939218521118,1.8486666679382324,2.0
72,122,-3.134431838989258,4.793284893035889,2.0
72,123,-16.040443420410156,7.4265055656433105,19.0
72,124,-14.618099212646484,4.313759803771973,93.0
72,125,-19.508176803588867,25.825511932373047,449.0
72,126,-8.874295234680176,19.261310577392578,7.0
72,127,-26.92843246459961,838.9139404296875,2478.0
72,128,-1.3906892538070679,1.320668339729309,1.0
72,129,-10.930672645568848,236.35533142089844,149.0
72,130,-6.083251476287842,1.8373514413833618,6.0
72,131,-7.249776363372803,2.0646848678588867,4.0
72,132,-14.301586151123047,7.714361667633057,127.0
72,133,-11.212577819824219,2.7713241577148438,4.0
72,134,-5.247414588928223,2.8561739921569824,3.0
72,135,-7.528584957122803,4.507384300231934,10.0
72,136,-19.853492736816406,27.355438232421875,462.0
72,137,-6.295919418334961,4.8258161544799805,4.0
72,138,-11.258342742919922,16.686260223388672,490.0
72,139,-6.7132954597473145,28.692842483520508,20.0
72,140,-27.708412170410156,7.236751079559326,28.0
72,141,-3.435360908508301,1.987886667251587,4.0
72,142,-2.5638129711151123,1.6698981523513794,2.0
72,143,-1.73627507686615,1.543524980545044,2.0
72,144,-10.997021675109863,59696.08203125,765.0
72,145,-11.749324798583984,4.343435287475586,11.0
72,146,-10.57242488861084,2.1279802322387695,4.0
72,147,-11.125877380371094,9.255105972290039,49.0
72,148,-7.043537139892578,2.735241174697876,3.0
74,0,-7.191122055053711,4.2132086753845215,15.0
74,1,-5.3459696769714355,2.9130306243896484,4.0
74,2,-18.551586151123047,4.692500114440918,360.0
74,3,-5.77391242980957,2.6177592277526855,6.0
74,4,-6.1642656326293945,4.669567108154297,9.0
74,5,-13.139471054077148,79.82395935058594,35.0
74,6,-1.994530200958252,1.4901936054229736,1.0
74,7,-4.408480644226074,2.414992332458496,2.0
74,8,-10.99379825592041,9.013825416564941,24.0
74,9,-10.952118873596191,8.939000129699707,791.0
74,10,-3.056861400604248,4.610935211181641,2.0
74,11,-6.456887722015381,5.023977279663086,33.0
74,12,-6.392701625823975,2.034601926803589,6.0
74,13,-8.069462776184082,3.837843179702759,8.0
74,14,-5.752566337585449,3.1598143577575684,4.0
74,15,-20.05650520324707,55.218666076660156,618.0
74,16,-10.807174682617188,14.906445503234863,25.0
74,17,-15.788926124572754,5.779545783996582,11.0
74,18,-5.2593207359313965,13.869059562683105,13.0
74,19,-13.303543090820312,14.306425094604492,15.0
74,20,-10.586590766906738,14.106669425964355,34.0
74,21,-12.298508644104004,21.64181137084961,1142.0
74,22,-12.492172241210938,3.487612009048462,8.0
74,23,-10.766802787780762,8.613757133483887,6.0
74,24,-14.933109283447266,6.46652364730835,15.0
74,25,-12.35569953918457,11.835930824279785,37.0
74,26,-2.106168746948242,1.5238404273986816,2.0
74,27,-18.127216339111328,7.4942426681518555,153.0
74,28,-3.5443854331970215,2.425642251968384,2.0
74,29,-3.3842999935150146,2.330481767654419,2.0
74,30,-4.296200752258301,4.187345027923584,3.0
74,31,-6.690672874450684,3.049910306930542,9.0
74,32,-5.66947078704834,17.025894165039062,21.0
74,33,-3.030369758605957,2.133134365081787,3.0
74,34,-16.399112701416016,6.184979438781738,38.0
74,35,-2.7062551975250244,2.4647367000579834,2.0
74,36,-8.664219856262207,17.95867347717285,135.0
74,37,-3.72920823097229,3.4662363529205322,3.0
74,38,-5.650647163391113,4.106872081756592,3.0
74,39,-5.504981994628906,2.5030176639556885,6.0
74,40,-5.798947334289551,3.1892616748809814,5.0
74,41,-13.618556022644043,93.6457290649414,406.0
74,42,-3.6459832191467285,2.488041400909424,2.0
74,43,-5.746826171875,17.69731903076172,15.0
74,44,-0.8996411561965942,1.1971315145492554,1.0
74,45,-11.216323852539062,9.424047470092773,19.0
74,46,-7.702912330627441,3.00541615486145,3.0
74,47,-1.6188592910766602,1.3097153902053833,2.0
74,48,-1.134382724761963,1.3278958797454834,1.0
74,49,-22.020816802978516,7.40305233001709,38.0
74,50,-14.040205001831055,5.783596515655518,10.0
74,51,-8.931560516357422,3.053978204727173,5.0
74,52,-2.562020778656006,1.5326579809188843,2.0
74,53,-15.51983642578125,6.958609104156494,34.0
74,54,-21.250959396362305,34.529930114746094,8.0
74,55,-7.458239555358887,3.466134548187256,20.0
74,56,-10.43052864074707,32.35740280151367,21.0
74,57,-15.826653480529785,52.282588958740234,85.0
74,58,-13.971668243408203,5.734259128570557,33.0
74,59,-7.605605602264404,2.9639270305633545,15.0
74,60,-13.110462188720703,2.9818336963653564,5.0
74,61,-4.348707675933838,2.9658894538879395,2.0
74,62,-2.8803465366363525,1.4333915710449219,2.0
74,63,-6.481529235839844,2.524221658706665,50.0
74,64,-6.911138534545898,1.995937466621399,2.0
74,65,-6.302430152893066,3.527135133743286,2.0
74,66,-6.042751312255859,2.128343343734741,4.0
74,67,-7.6011762619018555,2.326988935470581,12.0
74,68,-1.9208842515945435,1.315756916999817,1.0
74,69,-24.337268829345703,3.599910259246826,66.0
74,70,-9.628643035888672,6.860145092010498,29.0
74,71,-5.534816741943359,1.9974114894866943,2.0
74,72,-5.113880634307861,1.8950307369232178,2.0
74,73,-2.7843127250671387,1.3625638484954834,2.0
74,74,-2.4683165550231934,1.853506326675415,2.0
74,75,-4.801175594329834,3.3210928440093994,17.0
74,76,-7.90875244140625,2.0523335933685303,2.0
74,77,-4.942796230316162,1.8549346923828125,3.0
74,78,-11.612472534179688,5.253658294677734,15.0
74,79,-4.370100021362305,8.891093254089355,7.0
74,80,-16.451799392700195,61.126766204833984,130.0
74,81,-4.10929536819458,1.5786789655685425,2.0
74,82,-3.958040714263916,2.6899166107177734,6.0
74,83,-16.5351505279541,4.496033191680908,37.0
74,84,-1.9801526069641113,1.934890627861023,1.0
74,85,-8.038593292236328,14.578256607055664,14.0
74,86,-5.414721488952637,14.989662170410156,14.0
74,87,-15.3875093460083,6.844453811645508,30.0
74,88,-9.478747367858887,23.56075668334961,8.0
74,89,-9.391252517700195,22.883533477783203,29.0
74,90,-3.3064463138580322,5.223789691925049,4.0
74,91,-8.693817138671875,8.788589477539062,5.0
74,92,-3.6749703884124756,1.8450289964675903,2.0
74,93,-30.345905303955078,157.2207794189453,597.0
74,94,-13.304253578186035,5.275279521942139,100.0
74,95,-1.5942667722702026,1.4896880388259888,1.0
74,96,-8.987449645996094,9.458013534545898,8.0
74,97,-5.373590469360352,5.9966254234313965,2.0
74,98,-4.820376396179199,3.3370728492736816,11.0
74,99,-4.248053550720215,1.603206992149353,3.0
74,100,-1.3544164896011353,1.9683747291564941,1.0
74,101,-4.586396217346191,2.502472400665283,10.0
74,102,-5.626674652099609,2.0204784870147705,3.0
74,103,-2.833305597305298,1.7623728513717651,2.0
74,104,-15.13253402709961,8.686678886413574,15.0
74,105,-10.741724014282227,35.8941650390625,135.0
74,106,-10.031965255737305,7.436445236206055,7.0
74,107,-17.088603973388672,17.254976272583008,2162.0
74,108,-24.867900848388672,12.022624015808105,590.0
74,109,-4.419221878051758,2.4201860427856445,5.0
74,110,-7.719228744506836,6.888182163238525,10.0
74,111,-6.315776824951172,2.2022335529327393,7.0
74,112,-8.102973937988281,7.581745624542236,18.0
74,113,-9.521047592163086,2.2109463214874268,13.0
74,114,-5.4805707931518555,6.214324474334717,7.0
74,115,-2.96333646774292,1.8088066577911377,2.0
74,116,-10.505655288696289,13.824105262756348,4.0
74,117,-7.370627403259277,3.4158895015716553,13.0
74,118,-5.0385003089904785,2.7392935752868652,14.0
74,119,-18.127609252929688,4.52960205078125,5.0
74,120,-13.250495910644531,6.6387786865234375,55.0
74,121,-1.832208275794983,1.8417866230010986,2.0
74,122,-3.1070632934570312,4.7281389236450195,2.0
74,123,-15.968724250793457,7.360225200653076,19.0
74,124,-14.666557312011719,4.334714412689209,93.0
74,125,-19.67193031311035,26.540054321289062,470.0
74,126,-8.86735725402832,19.216815948486328,7.0
74,127,-27.03622817993164,861.8291625976562,2536.0
74,128,-1.3747262954711914,1.3164585828781128,1.0
74,129,-10.900304794311523,232.79364013671875,137.0
74,130,-6.128786087036133,1.8457368612289429,6.0
74,131,-7.158860683441162,2.0459988117218018,4.0
74,132,-14.363442420959473,7.782833099365234,128.0
74,133,-11.213293075561523,2.7715041637420654,4.0
74,134,-5.21971321105957,2.8403937816619873,3.0
74,135,-7.558051109313965,4.5340256690979,10.0
74,136,-19.85708999633789,27.37184715270996,468.0
74,137,-6.320211410522461,4.855212211608887,4.0
74,138,-11.282755851745605,16.78841209411621,490.0
74,139,-6.721561908721924,28.811683654785156,20.0
74,140,-27.68490219116211,7.224608898162842,28.0
74,141,-3.4598217010498047,1.997635841369629,4.0
74,142,-2.570472478866577,1.6721235513687134,2.0
74,143,-1.7441802024841309,1.5465784072875977,2.0
74,144,-11.007049560546875,60297.71875,768.0
74,145,-11.748392105102539,4.342929363250732,11.0
74,146,-10.580286026000977,2.1291754245758057,4.0
74,147,-11.093026161193848,9.194498062133789,49.0
74,148,-7.132434368133545,2.7701990604400635,3.0
76,0,-7.169155120849609,4.194738388061523,13.0
76,1,-5.384001731872559,2.935272693634033,4.0
76,2,-18.4183406829834,4.640683650970459,313.0
76,3,-5.765834808349609,2.6142375469207764,6.0
76,4,-6.143676280975342,4.645593166351318,9.0
76,5,-13.166899681091309,80.55712890625,39.0
76,6,-1.9957351684570312,1.4905527830123901,1.0
76,7,-4.385786056518555,2.4040558338165283,2.0
76,8,-10.894674301147461,8.836888313293457,25.0
76,9,-10.980624198913574,8.990107536315918,792.0
76,10,-3.055568218231201,4.607954978942871,2.0
76,11,-6.458966255187988,5.0265889167785645,33.0
76,12,-6.412293434143066,2.0390357971191406,6.0
76,13,-8.076112747192383,3.8420987129211426,8.0
76,14,-5.797767639160156,3.188509464263916,4.0
76,15,-20.12302589416504,55.95821762084961,634.0
76,16,-10.926584243774414,15.358146667480469,26.0
76,17,-15.84243392944336,5.814010143280029,10.0
76,18,-5.27593994140625,13.984785079956055,14.0
76,19,-13.303193092346191,14.305420875549316,15.0
76,20,-10.529449462890625,13.906583786010742,33.0
76,21,-12.179703712463379,21.008474349975586,1079.0
76,22,-12.57663345336914,3.51719331741333,9.0
76,23,-10.76424789428711,8.609357833862305,6.0
76,24,-14.953246116638184,6.482821464538574,15.0
76,25,-12.305523872375488,11.717751502990723,36.0
76,26,-2.109360456466675,1.5248134136199951,2.0
76,27,-18.07297706604004,7.449214458465576,155.0
76,28,-3.524522304534912,2.4136269092559814,2.0
76,29,-3.395796775817871,2.3371894359588623,2.0
76,30,-4.261695861816406,4.139459609985352,3.0
76,31,-6.719176292419434,3.0644333362579346,9.0
76,32,-5.632036209106445,16.710180282592773,21.0
76,33,-3.01867413520813,2.126906394958496,3.0
76,34,-16.355924606323242,6.155370712280273,35.0
76,35,-2.701120615005493,2.460521936416626,2.0
76,36,-8.656787872314453,17.914241790771484,136.0
76,37,-3.7184669971466064,3.453848123550415,3.0
76,38,-5.645473480224609,4.101563930511475,3.0
76,39,-5.53331184387207,2.5148637294769287,6.0
76,40,-5.765093803405762,3.167740821838379,5.0
76,41,-13.633620262145996,94.11711883544922,410.0
76,42,-3.7642087936401367,2.5626766681671143,2.0
76,43,-5.637402057647705,16.75507164001465,15.0
76,44,-0.9074312448501587,1.1989980936050415,1.0
76,45,-11.198490142822266,9.390494346618652,19.0
76,46,-7.772059440612793,3.0352513790130615,3.0
76,47,-1.6256402730941772,1.3111964464187622,2.0
76,48,-1.1474732160568237,1.3322486877441406,1.0
76,49,-22.168725967407227,7.503268241882324,40.0
76,50,-14.110727310180664,5.834805488586426,10.0
76,51,-8.9401216506958,3.057248115539551,6.0
76,52,-2.5486011505126953,1.5292339324951172,2.0
76,53,-15.568958282470703,7.001468181610107,34.0
76,54,-21.158428192138672,34.001502990722656,8.0
76,55,-7.485353946685791,3.4818332195281982,20.0
76,56,-10.433836936950684,32.39310073852539,20.0
76,57,-15.889130592346191,53.105613708496094,85.0
76,58,-13.957832336425781,5.724350452423096,34.0
76,59,-7.59981632232666,2.9614765644073486,15.0
76,60,-13.089033126831055,2.9765138626098633,5.0
76,61,-4.336329460144043,2.9567253589630127,2.0
76,62,-2.860438823699951,1.4298290014266968,2.0
76,63,-6.520056247711182,2.5381529331207275,51.0
76,64,-6.8952484130859375,1.992768406867981,2.0
76,65,-6.313459396362305,3.534924030303955,2.0
76,66,-5.995077610015869,2.1156978607177734,4.0
76,67,-7.666810989379883,2.3440210819244385,12.0
76,68,-1.9424917697906494,1.3198245763778687,1.0
76,69,-24.281951904296875,3.589444637298584,67.0
76,70,-9.638927459716797,6.874270439147949,29.0
76,71,-5.5684814453125,2.0058345794677734,2.0
76,72,-5.100781440734863,1.891930341720581,2.0
76,73,-2.7476155757904053,1.357019305229187,2.0
76,74,-2.5023322105407715,1.8693355321884155,2.0
76,75,-4.824804306030273,3.340769052505493,17.0
76,76,-7.947447776794434,2.059566020965576,2.0
76,77,-4.92424201965332,1.850637674331665,3.0
76,78,-11.720277786254883,5.3351945877075195,18.0
76,79,-4.355576992034912,8.826764106750488,7.0
76,80,-16.555381774902344,62.73035430908203,136.0
76,81,-4.041903018951416,1.5669018030166626,2.0
76,82,-3.9668657779693604,2.6958580017089844,6.0
76,83,-16.56614875793457,4.508720874786377,37.0
76,84,-2.027489185333252,1.965663194656372,1.0
76,85,-8.052807807922363,14.647493362426758,14.0
76,86,-5.466373443603516,15.381827354431152,14.0
76,87,-15.449677467346191,6.8978495597839355,31.0
76,88,-9.45067310333252,23.3413028717041,7.0
76,89,-9.388940811157227,22.865907669067383,29.0
76,90,-3.277744770050049,5.149359703063965,4.0
76,91,-8.744346618652344,8.900314331054688,5.0
76,92,-3.6698741912841797,1.843462586402893,2.0
76,93,-30.34187126159668,157.11509704589844,612.0
76,94,-13.239164352416992,5.2325334548950195,99.0
76,95,-1.6046587228775024,1.493563175201416,1.0
76,96,-9.032190322875977,9.564396858215332,8.0
76,97,-5.388408184051514,6.026317119598389,2.0
76,98,-4.798966884613037,3.3192596435546875,11.0
76,99,-4.255863189697266,1.6045987606048584,3.0
76,100,-1.3877606391906738,2.001466751098633,1.0
76,101,-4.5764241218566895,2.4974863529205322,10.0
76,102,-5.634961128234863,2.0225722789764404,3.0
76,103,-2.864150047302246,1.7732783555984497,2.0
76,104,-15.055049896240234,8.591053009033203,15.0
76,105,-10.73185920715332,35.776329040527344,134.0
76,106,-10.017915725708008,7.4155802726745605,7.0
76,107,-17.05419921875,17.15631675720215,2121.0
76,108,-25.012630462646484,12.197893142700195,605.0
76,109,-4.457394123077393,2.4387335777282715,5.0
76,110,-7.683490753173828,6.826913356781006,8.0
76,111,-6.346944808959961,2.2108302116394043,7.0
76,112,-8.04207992553711,7.467199325561523,18.0
76,113,-9.586190223693848,2.2229812145233154,14.0
76,114,-5.4253997802734375,6.101085186004639,7.0
76,115,-2.965202569961548,1.8094818592071533,2.0
76,116,-10.489580154418945,13.768660545349121,4.0
76,117,-7.334254264831543,3.3952443599700928,12.0
76,118,-5.00465202331543,2.7208120822906494,13.0
76,119,-18.066631317138672,4.506643772125244,5.0
76,120,-13.266845703125,6.654302597045898,55.0
76,121,-1.8197948932647705,1.834181547164917,2.0
76,122,-3.1951029300689697,4.940919399261475,2.0
76,123,-15.890789031982422,7.2888712882995605,19.0
76,124,-14.672569274902344,4.3373212814331055,93.0
76,125,-19.459636688232422,25.6174259185791,456.0
76,126,-8.837288856506348,19.025171279907227,7.0
76,127,-26.9954776763916,853.0936889648438,2478.0
76,128,-1.3645251989364624,1.3137755393981934,1.0
76,129,-10.902702331542969,233.0728759765625,140.0
76,130,-6.116130828857422,1.843402624130249,6.0
76,131,-7.2053141593933105,2.055525302886963,4.0
76,132,-14.357059478759766,7.775738716125488,127.0
76,133,-11.264080047607422,2.784329891204834,4.0
76,134,-5.229284286499023,2.8458359241485596,3.0
76,135,-7.519389629364014,4.4991021156311035,10.0
76,136,-19.87502670288086,27.453800201416016,471.0
76,137,-6.275999069213867,4.801843166351318,4.0
76,138,-11.270774841308594,16.738203048706055,495.0
76,139,-6.683314323425293,28.26593017578125,20.0
76,140,-27.63479232788086,7.198796272277832,29.0
76,141,-3.4732141494750977,2.002993583679199,4.0
76,142,-2.6086513996124268,1.6849405765533447,2.0
76,143,-1.7551980018615723,1.5508443117141724,2.0
76,144,-11.075071334838867,64541.9921875,788.0
76,145,-11.724653244018555,4.330060958862305,11.0
76,146,-10.566761016845703,2.127119541168213,5.0
76,147,-11.067304611206055,9.147319793701172,49.0
76,148,-7.102634429931641,2.7584309577941895,3.0
78,0,-7.202703475952148,4.222978115081787,15.0
78,1,-5.3318281173706055,2.9048030376434326,4.0
78,2,-18.511377334594727,4.676803112030029,341.0
78,3,-5.7759246826171875,2.6186373233795166,6.0
78,4,-6.1785969734191895,4.6863274574279785,9.0
78,5,-13.147171020507812,80.02911376953125,38.0
78,6,-2.0112786293029785,1.495193600654602,1.0
78,7,-4.37784481048584,2.400240421295166,2.0
78,8,-10.87704849243164,8.805792808532715,24.0
78,9,-10.953451156616211,8.94138240814209,796.0
78,10,-3.073911666870117,4.650412082672119,2.0
78,11,-6.435383319854736,4.997040748596191,33.0
78,12,-6.413990020751953,2.0394201278686523,6.0
78,13,-8.0863676071167,3.8486709594726562,8.0
78,14,-5.780527114868164,3.1775338649749756,4.0
78,15,-20.162078857421875,56.396995544433594,633.0
78,16,-10.898641586303711,15.251233100891113,26.0
78,17,-15.785622596740723,5.777425289154053,11.0
78,18,-5.2713847160339355,13.952969551086426,14.0
78,19,-13.267736434936523,14.204336166381836,15.0
78,20,-10.536775588989258,13.93207836151123,33.0
78,21,-12.17142105102539,20.965017318725586,1064.0
78,22,-12.421037673950195,3.462891101837158,8.0
78,23,-10.842879295349121,8.745819091796875,7.0
78,24,-14.97984790802002,6.504414081573486,15.0
78,25,-12.331806182861328,11.77950668334961,36.0
78,26,-2.1240856647491455,1.529310703277588,2.0
78,27,-18.23247718811035,7.582407474517822,162.0
78,28,-3.536712169647217,2.4209935665130615,2.0
78,29,-3.373764753341675,2.3243517875671387,2.0
78,30,-4.2685770988464355,4.148965835571289,3.0
78,31,-6.681303977966309,3.045151472091675,9.0
78,32,-5.650668621063232,16.8665828704834,21.0
78,33,-3.014914035797119,2.124907970428467,3.0
78,34,-16.380146026611328,6.171958923339844,36.0
78,35,-2.7112884521484375,2.4688756465911865,2.0
78,36,-8.661140441894531,17.940250396728516,135.0
78,37,-3.715390682220459,3.450308084487915,3.0
78,38,-5.678276062011719,4.135337829589844,3.0
78,39,-5.456689357757568,2.482952356338501,6.0
78,40,-5.758330345153809,3.163459062576294,5.0
78,41,-13.632119178771973,94.0700454711914,409.0
78,42,-3.6762213706970215,2.5069210529327393,2.0
78,43,-5.652665615081787,16.883432388305664,15.0
78,44,-0.9056614637374878,1.1985737085342407,1.0
78,45,-11.281366348266602,9.547441482543945,19.0
78,46,-7.728964805603027,3.016622304916382,3.0
78,47,-1.6317485570907593,1.3125320672988892,2.0
78,48,-1.1121729612350464,1.3205432891845703,1.0
78,49,-22.01549530029297,7.399471759796143,40.0
78,50,-13.96584701538086,5.730088233947754,10.0
78,51,-8.923462867736816,3.0508885383605957,5.0
78,52,-2.5876519680023193,1.5392192602157593,2.0
78,53,-15.461774826049805,6.90828800201416,34.0
78,54,-21.27281951904297,34.65597152709961,8.0
78,55,-7.45172643661499,3.462373971939087,20.0
78,56,-10.48267650604248,32.92477798461914,21.0
78,57,-15.86354923248291,52.76707077026367,85.0
78,58,-13.935519218444824,5.708406925201416,34.0
78,59,-7.610340118408203,2.965932607650757,15.0
78,60,-13.07887077331543,2.973994255065918,5.0
78,61,-4.372461795806885,2.9835548400878906,2.0
78,62,-2.909125566482544,1.4385572671890259,2.0
78,63,-6.518433094024658,2.537564516067505,50.0
78,64,-6.877971649169922,1.9893286228179932,2.0
78,65,-6.292974472045898,3.5204710960388184,2.0
78,66,-5.982605934143066,2.1124022006988525,4.0
78,67,-7.653748512268066,2.3406214714050293,13.0
78,68,-1.915106177330017,1.3146711587905884,1.0
78,69,-24.278480529785156,3.5887885093688965,67.0
78,70,-9.578524589538574,6.7917256355285645,28.0
78,71,-5.535157203674316,1.997496485710144,2.0
78,72,-5.159355163574219,1.90583336353302,2.0
78,73,-2.7485756874084473,1.3571641445159912,2.0
78,74,-2.481360912322998,1.8595606088638306,2.0
78,75,-4.7618184089660645,3.2885758876800537,17.0
78,76,-7.907774925231934,2.0521512031555176,2.0
78,77,-4.868980407714844,1.8378980159759521,2.0
78,78,-11.558086395263672,5.212998867034912,15.0
78,79,-4.323116779327393,8.684660911560059,6.0
78,80,-16.48215675354004,61.592445373535156,138.0
78,81,-4.050538539886475,1.5684059858322144,2.0
78,82,-3.940561294555664,2.678187608718872,5.0
78,83,-16.613122940063477,4.528016090393066,39.0
78,84,-2.0122170448303223,1.9556819200515747,1.0
78,85,-8.017269134521484,14.475001335144043,14.0
78,86,-5.420389652252197,15.032203674316406,14.0
78,87,-15.486778259277344,6.929913520812988,31.0
78,88,-9.449426651000977,23.331605911254883,7.0
78,89,-9.398292541503906,22.937294006347656,29.0
78,90,-3.2964110374450684,5.197644233703613,4.0
78,91,-8.760157585144043,8.935564994812012,5.0
78,92,-3.663717269897461,1.8415719270706177,2.0
78,93,-30.34267807006836,157.13624572753906,616.0
78,94,-13.242232322692871,5.2345404624938965,97.0
78,95,-1.596114993095398,1.4903764724731445,1.0
78,96,-9.00751781463623,9.505584716796875,8.0
78,97,-5.393509387969971,6.0365729331970215,2.0
78,98,-4.806631088256836,3.325625419616699,11.0
78,99,-4.2399821281433105,1.6017698049545288,3.0
78,100,-1.391898512840271,2.0056121349334717,1.0
78,101,-4.55667781829834,2.487642765045166,9.0
78,102,-5.684270858764648,2.0350773334503174,3.0
78,103,-2.8997716903686523,1.7859569787979126,2.0
78,104,-15.095735549926758,8.641133308410645,15.0
78,105,-10.622003555297852,34.48994064331055,119.0
78,106,-10.002639770507812,7.39295768737793,7.0
78,107,-16.98138999938965,16.949386596679688,2100.0
78,108,-24.860885620117188,12.014190673828125,596.0
78,109,-4.422426223754883,2.4217374324798584,5.0
78,110,-7.731708526611328,6.9097065925598145,10.0
78,111,-6.3582563400268555,2.213958263397217,7.0
78,112,-8.129980087280273,7.633107662200928,19.0
78,113,-9.54728889465332,2.2157864570617676,14.0
78,114,-5.424773216247559,6.099810600280762,7.0
78,115,-2.937032461166382,1.7993159294128418,2.0
78,116,-10.580760955810547,14.086124420166016,4.0
78,117,-7.308811187744141,3.3808772563934326,12.0
78,118,-5.056371688842773,2.7491021156311035,15.0
78,119,-17.99329376220703,4.479185104370117,5.0
78,120,-13.27228832244873,6.659478187561035,56.0
78,121,-1.8267313241958618,1.8384273052215576,2.0
78,122,-3.1181600093841553,4.754445552825928,2.0
78,123,-15.932940483093262,7.327376842498779,19.0
78,124,-14.615039825439453,4.312440395355225,92.0
78,125,-19.510770797729492,25.8366756439209,468.0
78,126,-8.850268363952637,19.107664108276367,7.0
78,127,-27.078407287597656,870.9650268554688,2512.0
78,128,-1.4139195680618286,1.3268183469772339,1.0
78,129,-10.870237350463867,229.320068359375,140.0
78,130,-6.078585624694824,1.8364943265914917,6.0
78,131,-7.243549346923828,2.06339955329895,4.0
78,132,-14.346038818359375,7.76350736618042,128.0
78,133,-11.197973251342773,2.7676475048065186,3.0
78,134,-5.240139484405518,2.8520212173461914,3.0
78,135,-7.5121636390686035,4.492604732513428,10.0
78,136,-19.814395904541016,27.177770614624023,454.0
78,137,-6.239794731140137,4.758577346801758,4.0
78,138,-11.272370338439941,16.74488067626953,496.0
78,139,-6.67161750793457,28.10110092163086,20.0
78,140,-27.770877838134766,7.2691121101379395,28.0
78,141,-3.461780071258545,1.9984182119369507,4.0
78,142,-2.6352198123931885,1.6939175128936768,2.0
78,143,-1.7663984298706055,1.5551929473876953,2.0
78,144,-11.069570541381836,64187.9375,787.0
78,145,-11.767343521118164,4.35322904586792,11.0
78,146,-10.569153785705566,2.1274828910827637,4.0
78,147,-11.105550765991211,9.217557907104492,49.0
78,148,-7.1462202072143555,2.7756600379943848,3.0
80,0,-7.1802849769592285,4.2040863037109375,15.0
80,1,-5.368002414703369,2.9258952140808105,4.0
80,2,-18.489089965820312,4.668125152587891,335.0
80,3,-5.745555877685547,2.605416774749756,6.0
80,4,-6.163490295410156,4.668662071228027,9.0
80,5,-13.073516845703125,78.08821105957031,35.0
80,6,-1.9959889650344849,1.4906283617019653,1.0
80,7,-4.3637495040893555,2.393483877182007,2.0
80,8,-10.839614868164062,8.7401123046875,23.0
80,9,-11.057709693908691,9.129782676696777,836.0
80,10,-3.051882743835449,4.599471569061279,2.0
80,11,-6.441709995269775,5.004950046539307,32.0
80,12,-6.4131269454956055,2.039224624633789,6.0
80,13,-8.091615676879883,3.852039098739624,8.0
80,14,-5.791053295135498,3.184230327606201,4.0
80,15,-20.068023681640625,55.346012115478516,614.0
80,16,-10.927495002746582,15.36164379119873,26.0
80,17,-15.784360885620117,5.776615619659424,12.0
80,18,-5.294987201690674,14.118606567382812,14.0
80,19,-13.19151496887207,13.9894437789917,15.0
80,20,-10.538795471191406,13.939114570617676,33.0
80,21,-12.18674373626709,21.045482635498047,1089.0
80,22,-12.355626106262207,3.4403133392333984,7.0
80,23,-10.813589096069336,8.69473648071289,6.0
80,24,-14.973075866699219,6.498910427093506,15.0
80,25,-12.35651969909668,11.837872505187988,37.0
80,26,-2.0988619327545166,1.5216151475906372,2.0
80,27,-18.170124053955078,7.530058860778809,161.0
80,28,-3.5433566570281982,2.425018548965454,2.0
80,29,-3.3983726501464844,2.3386952877044678,2.0
80,30,-4.265491008758545,4.144699573516846,3.0
80,31,-6.668928146362305,3.03887677192688,9.0
80,32,-5.604485988616943,16.48157501220703,21.0
80,33,-3.0064425468444824,2.120412588119507,3.0
80,34,-16.401565551757812,6.186665058135986,38.0
80,35,-2.7034730911254883,2.4624521732330322,2.0
80,36,-8.632996559143066,17.772733688354492,133.0
80,37,-3.7259154319763184,3.4624340534210205,3.0
80,38,-5.625900745391846,4.081543445587158,3.0
80,39,-5.513390064239502,2.5065276622772217,6.0
80,40,-5.8157124519348145,3.1999733448028564,5.0
80,41,-13.64010238647461,94.32072448730469,408.0
80,42,-3.6537673473358154,2.4928877353668213,2.0
80,43,-5.656996250152588,16.920028686523438,15.0
80,44,-0.9034209251403809,1.1980366706848145,1.0
80,45,-11.24031925201416,9.469383239746094,19.0
80,46,-7.708529472351074,3.007828712463379,3.0
80,47,-1.6144461631774902,1.308752417564392,2.0
80,48,-1.1247605085372925,1.3247054815292358,1.0
80,49,-22.108806610107422,7.462507724761963,40.0
80,50,-14.00876235961914,5.760909557342529,10.0
80,51,-8.9664306640625,3.0673186779022217,5.0
80,52,-2.5816891193389893,1.5376904010772705,2.0
80,53,-15.523111343383789,6.961458206176758,34.0
80,54,-21.271236419677734,34.646827697753906,7.0
80,55,-7.465965747833252,3.4706006050109863,20.0
80,56,-10.433744430541992,32.39210510253906,20.0
80,57,-15.84042739868164,52.462928771972656,85.0
80,58,-13.914169311523438,5.693192958831787,34.0
80,59,-7.555032730102539,2.9425907135009766,15.0
80,60,-13.146560668945312,2.9908175468444824,5.0
80,61,-4.332582473754883,2.9539568424224854,2.0
80,62,-2.9153892993927,1.4396841526031494,2.0
80,63,-6.51302433013916,2.535604476928711,46.0
80,64,-6.912811279296875,1.9962713718414307,2.0
80,65,-6.328680992126465,3.5457019805908203,2.0
80,66,-5.940774917602539,2.1013855934143066,3.0
80,67,-7.603020668029785,2.3274660110473633,11.0
80,68,-1.9339125156402588,1.3182079792022705,1.0
80,69,-24.278018951416016,3.5887014865875244,68.0
80,70,-9.580595016479492,6.794537544250488,29.0
80,71,-5.564511775970459,2.0048394203186035,2.0
80,72,-5.170331001281738,1.9084498882293701,2.0
80,73,-2.7594552040100098,1.3588056564331055,2.0
80,74,-2.4909188747406006,1.8640092611312866,2.0
80,75,-4.7815470695495605,3.304835557937622,17.0
80,76,-7.95432186126709,2.0608534812927246,2.0
80,77,-4.9562249183654785,1.858051061630249,3.0
80,78,-11.778372764587402,5.379657745361328,18.0
80,79,-4.334826469421387,8.735657691955566,6.0
80,80,-16.49995994567871,61.8671875,136.0
80,81,-4.06641960144043,1.5711759328842163,2.0
80,82,-3.9521865844726562,2.6859827041625977,6.0
80,83,-16.600658416748047,4.522887706756592,38.0
80,84,-1.9718893766403198,1.9295686483383179,1.0
80,85,-8.039262771606445,14.581509590148926,14.0
80,86,-5.446129322052002,15.226916313171387,14.0
80,87,-15.426809310913086,6.878159523010254,31.0
80,88,-9.504810333251953,23.766334533691406,8.0
80,89,-9.374015808105469,22.752429962158203,29.0
80,90,-3.269261121749878,5.1275634765625,4.0
80,91,-8.75903606414795,8.933059692382812,5.0
80,92,-3.623368263244629,1.8292292356491089,2.0
80,93,-30.301517486572266,156.06192016601562,624.0
80,94,-13.250982284545898,5.240268707275391,97.0
80,95,-1.5895603895187378,1.48793625831604,1.0
80,96,-8.939048767089844,9.344259262084961,7.0
80,97,-5.390415191650391,6.0303497314453125,2.0
80,98,-4.795891284942627,3.3167083263397217,11.0
80,99,-4.270567417144775,1.6072224378585815,3.0
80,100,-1.3740432262420654,1.9877862930297852,1.0
80,101,-4.594404220581055,2.506483554840088,10.0
80,102,-5.706444263458252,2.0407259464263916,3.0
80,103,-2.849170207977295,1.76797354221344,2.0
80,104,-15.099855422973633,8.646219253540039,15.0
80,105,-10.746763229370117,35.954505920410156,134.0
80,106,-10.016563415527344,7.413573741912842,7.0
80,107,-17.02129364013672,17.062488555908203,2084.0
80,108,-25.043384552001953,12.235462188720703,600.0
80,109,-4.460474967956543,2.4402365684509277,5.0
80,110,-7.67595100402832,6.81405782699585,10.0
80,111,-6.352739334106445,2.2124321460723877,7.0
80,112,-8.107185363769531,7.589732646942139,18.0
80,113,-9.563042640686035,2.2186973094940186,12.0
80,114,-5.464094161987305,6.1802873611450195,7.0
80,115,-2.9901270866394043,1.8185244798660278,2.0
80,116,-10.566003799438477,14.034253120422363,4.0
80,117,-7.359301567077637,3.409447431564331,13.0
80,118,-5.090926170349121,2.7681667804718018,15.0
80,119,-18.11932373046875,4.526475429534912,5.0
80,120,-13.34787654876709,6.7317795753479,56.0
80,121,-1.7967268228530884,1.8201320171356201,2.0
80,122,-3.0842747688293457,4.674570560455322,2.0
80,123,-15.905557632446289,7.30233907699585,19.0
80,124,-14.652093887329102,4.328449726104736,93.0
80,125,-19.511566162109375,25.84010124206543,467.0
80,126,-8.835954666137695,19.016714096069336,7.0
80,127,-27.02389907836914,859.1768798828125,2453.0
80,128,-1.349675178527832,1.3098793029785156,1.0
80,129,-10.880155563354492,230.46009826660156,139.0
80,130,-6.120566368103027,1.8442202806472778,6.0
80,131,-7.266298770904541,2.068099021911621,4.0
80,132,-14.36724853515625,7.787064552307129,127.0
80,133,-11.21998119354248,2.7731902599334717,4.0
80,134,-5.264950752258301,2.866209030151367,3.0
80,135,-7.492095470428467,4.474609375,10.0
80,136,-19.801307678222656,27.118547439575195,457.0
80,137,-6.245965480804443,4.765923500061035,4.0
80,138,-11.294496536254883,16.8377628326416,496.0
80,139,-6.702509880065918,28.53852653503418,20.0
80,140,-27.775638580322266,7.271584510803223,28.0
80,141,-3.4626851081848145,1.9987800121307373,4.0
80,142,-2.575892925262451,1.6739373207092285,2.0
80,143,-1.76063871383667,1.5529552698135376,2.0
80,144,-11.059342384338379,63534.7578125,790.0
80,145,-11.711698532104492,4.323055267333984,10.0
80,146,-10.568835258483887,2.127434492111206,4.0
80,147,-11.112921714782715,9.231156349182129,48.0
80,148,-7.1054277420043945,2.7595322132110596,3.0
82,0,-7.135803699493408,4.16685152053833,15.0
82,1,-5.329963684082031,2.9037201404571533,4.0
82,2,-18.500486373901367,4.672560214996338,330.0
82,3,-5.762814044952393,2.612921714782715,6.0
82,4,-6.207608222961426,4.72044038772583,9.0
82,5,-13.071470260620117,78.03495025634766,34.0
82,6,-2.0175442695617676,1.4970685243606567,1.0
82,7,-4.3737711906433105,2.3982858657836914,2.0
82,8,-10.917343139648438,8.877043724060059,25.0
82,9,-11.018595695495605,9.058640480041504,814.0
82,10,-3.0624756813049316,4.623897075653076,2.0
82,11,-6.447654724121094,5.012393951416016,33.0
82,12,-6.463129997253418,2.050585985183716,6.0
82,13,-8.143993377685547,3.885812997817993,8.0
82,14,-5.753808975219727,3.160599946975708,3.0
82,15,-20.1368408203125,56.11302947998047,637.0
82,16,-10.898733139038086,15.251582145690918,27.0
82,17,-15.759575843811035,5.7607293128967285,11.0
82,18,-5.230515956878662,13.67074203491211,13.0
82,19,-13.209871292114258,14.040895462036133,15.0
82,20,-10.514842987060547,13.855895042419434,32.0
82,21,-12.205446243286133,21.144113540649414,1084.0
82,22,-12.534263610839844,3.5023224353790283,9.0
82,23,-10.760872840881348,8.603546142578125,5.0
82,24,-14.904098510742188,6.443116188049316,15.0
82,25,-12.329983711242676,11.775213241577148,37.0
82,26,-2.1120519638061523,1.525634527206421,2.0
82,27,-18.071107864379883,7.447668075561523,159.0
82,28,-3.549321174621582,2.4286372661590576,2.0
82,29,-3.374051570892334,2.3245184421539307,2.0
82,30,-4.2755327224731445,4.158596038818359,3.0
82,31,-6.673312664031982,3.0410983562469482,9.0
82,32,-5.648456573486328,16.847938537597656,21.0
82,33,-2.9888358116149902,2.1110997200012207,3.0
82,34,-16.37446403503418,6.168063640594482,36.0
82,35,-2.7141404151916504,2.471223831176758,2.0
82,36,-8.62726879119873,17.738834381103516,130.0
82,37,-3.7202422618865967,3.455892324447632,3.0
82,38,-5.644986629486084,4.101064682006836,3.0
82,39,-5.50111198425293,2.501403570175171,6.0
82,40,-5.814006328582764,3.1988816261291504,5.0
82,41,-13.631274223327637,94.04354858398438,407.0
82,42,-3.6562681198120117,2.4944469928741455,2.0
82,43,-5.634065628051758,16.727144241333008,15.0
82,44,-0.9201452732086182,1.202050805091858,1.0
82,45,-11.283378601074219,9.551285743713379,19.0
82,46,-7.698772430419922,3.0036392211914062,3.0
82,47,-1.612906813621521,1.308416724205017,2.0
82,48,-1.133273959159851,1.3275278806686401,1.0
82,49,-22.326236724853516,7.611481189727783,45.0
82,50,-14.042880058288574,5.785530090332031,10.0
82,51,-8.967873573303223,3.0678720474243164,5.0
82,52,-2.5383384227752686,1.5266203880310059,2.0
82,53,-15.600703239440918,7.029305934906006,34.0
82,54,-21.250247955322266,34.52583694458008,8.0
82,55,-7.38582181930542,3.424550771713257,19.0
82,56,-10.384132385253906,31.860830307006836,20.0
82,57,-15.921695709228516,53.53972625732422,87.0
82,58,-13.920425415039062,5.697646617889404,31.0
82,59,-7.578993797302246,2.9526803493499756,15.0
82,60,-13.13598346710205,2.988182306289673,5.0
82,61,-4.348892688751221,2.9660263061523438,2.0
82,62,-2.9039249420166016,1.4376224279403687,2.0
82,63,-6.499480247497559,2.530703067779541,44.0
82,64,-6.927127838134766,1.9991313219070435,2.0
82,65,-6.33296537399292,3.5487418174743652,2.0
82,66,-5.949662208557129,2.1037211418151855,3.0
82,67,-7.650905132293701,2.3398821353912354,11.0
82,68,-1.9404630661010742,1.3194421529769897,2.0
82,69,-24.230037689208984,3.579650402069092,66.0
82,70,-9.607361793518066,6.831008434295654,28.0
82,71,-5.549294471740723,2.0010294914245605,2.0
82,72,-5.145512580871582,1.9025384187698364,2.0
82,73,-2.706850528717041,1.3508867025375366,2.0
82,74,-2.5121424198150635,1.873925805091858,2.0
82,75,-4.8275980949401855,3.3431034088134766,17.0
82,76,-8.02537727355957,2.0742087364196777,2.0
82,77,-4.929736137390137,1.8519090414047241,2.0
82,78,-11.802499771118164,5.398231506347656,19.0
82,79,-4.294775009155273,8.562458992004395,6.0
82,80,-16.438316345214844,60.92107009887695,135.0
82,81,-4.116049766540527,1.579864263534546,2.0
82,82,-3.9419801235198975,2.679137945175171,6.0
82,83,-16.447999954223633,4.46055269241333,38.0
82,84,-1.9669344425201416,1.926384449005127,1.0
82,85,-8.002152442932129,14.402246475219727,14.0
82,86,-5.432736396789551,15.125290870666504,14.0
82,87,-15.34786605834961,6.8106207847595215,30.0
82,88,-9.446398735046387,23.30807113647461,7.0
82,89,-9.403460502624512,22.976844787597656,29.0
82,90,-3.2599971294403076,5.103867530822754,4.0
82,91,-8.78212833404541,8.984780311584473,5.0
82,92,-3.673412799835205,1.8445502519607544,2.0
82,93,-30.254287719726562,154.83828735351562,601.0
82,94,-13.258700370788574,5.245326519012451,95.0
82,95,-1.5878559350967407,1.487302303314209,1.0
82,96,-8.968392372131348,9.413060188293457,8.0
82,97,-5.417550563812256,6.085142612457275,2.0
82,98,-4.78713321685791,3.3094542026519775,11.0
82,99,-4.294620037078857,1.6115235090255737,3.0
82,100,-1.3666977882385254,1.9804991483688354,1.0
82,101,-4.552486896514893,2.48555850982666,10.0
82,102,-5.6821208000183105,2.0345304012298584,3.0
82,103,-2.823836326599121,1.7590383291244507,2.0
82,104,-15.112295150756836,8.661599159240723,15.0
82,105,-10.594978332519531,34.18063735961914,120.0
82,106,-9.99980354309082,7.388765335083008,7.0
82,107,-17.04462242126465,17.128957748413086,2094.0
82,108,-24.948530197143555,12.119952201843262,591.0
82,109,-4.430853843688965,2.4258227348327637,5.0
82,110,-7.659655570983887,6.7863545417785645,9.0
82,111,-6.2988786697387695,2.19758677482605,7.0
82,112,-8.08784008026123,7.553114891052246,18.0
82,113,-9.58769702911377,2.2232604026794434,13.0
82,114,-5.482799530029297,6.218942642211914,7.0
82,115,-2.9723522663116455,1.8120710849761963,2.0
82,116,-10.582015037536621,14.09054183959961,4.0
82,117,-7.386446952819824,3.4249074459075928,13.0
82,118,-5.047098636627197,2.7440080642700195,14.0
82,119,-17.985319137573242,4.4762091636657715,5.0
82,120,-13.260331153869629,6.648112773895264,53.0
82,121,-1.8276457786560059,1.8389875888824463,2.0
82,122,-3.1055307388305664,4.724517345428467,2.0
82,123,-15.908438682556152,7.304969787597656,19.0
82,124,-14.629762649536133,4.318794250488281,93.0
82,125,-19.52069854736328,25.87946319580078,456.0
82,126,-8.847436904907227,19.089635848999023,7.0
82,127,-27.049039840698242,864.593994140625,2492.0
82,128,-1.3491097688674927,1.3097312450408936,1.0
82,129,-10.892765998840332,231.9178009033203,141.0
82,130,-6.135046005249023,1.8468927145004272,6.0
82,131,-7.148805618286133,2.04394268989563,4.0
82,132,-14.357799530029297,7.776561737060547,127.0
82,133,-11.236595153808594,2.777381658554077,4.0
82,134,-5.253076076507568,2.8594095706939697,3.0
82,135,-7.54986572265625,4.526609420776367,9.0
82,136,-19.83770751953125,27.283567428588867,469.0
82,137,-6.2715983390808105,4.796562671661377,4.0
82,138,-11.30860424041748,16.897253036499023,495.0
82,139,-6.656754016876221,27.893033981323242,20.0
82,140,-27.685577392578125,7.224956512451172,26.0
82,141,-3.4301364421844482,1.9858107566833496,4.0
82,142,-2.613304615020752,1.6865092515945435,2.0
82,143,-1.7684588432312012,1.5559942722320557,2.0
82,144,-11.019085884094238,61027.8671875,774.0
82,145,-11.740799903869629,4.338809490203857,11.0
82,146,-10.587715148925781,2.130305290222168,4.0
82,147,-11.07351303100586,9.158684730529785,48.0
82,148,-7.12429666519165,2.7669806480407715,3.0
84,0,-7.138559341430664,4.1691484451293945,16.0
84,1,-5.351451873779297,2.9162261486053467,4.0
84,2,-18.468368530273438,4.660070896148682,333.0
84,3,-5.734487056732178,2.600614547729492,6.0
84,4,-6.177384376525879,4.684906959533691,9.0
84,5,-13.107939720153809,78.98936462402344,37.0
84,6,-2.0085031986236572,1.4943640232086182,1.0
84,7,-4.331873893737793,2.3782734870910645,2.0
84,8,-10.908199310302734,8.860825538635254,24.0
84,9,-10.984557151794434,8.99718189239502,799.0
84,10,-3.0894851684570312,4.686764717102051,2.0
84,11,-6.49312686920166,5.069700717926025,33.0
84,12,-6.414984226226807,2.0396456718444824,6.0
84,13,-8.205524444580078,3.925867795944214,8.0
84,14,-5.8092241287231445,3.1958236694335938,4.0
84,15,-20.088741302490234,55.57582473754883,618.0
84,16,-10.97909927368164,15.561108589172363,28.0
84,17,-15.810525894165039,5.793433666229248,13.0
84,18,-5.3003668785095215,14.156635284423828,15.0
84,19,-13.272388458251953,14.217556953430176,15.0
84,20,-10.587587356567383,14.110184669494629,34.0
84,21,-12.20026683807373,21.11675453186035,1088.0
84,22,-12.568840026855469,3.514453411102295,9.0
84,23,-10.759864807128906,8.601813316345215,6.0
84,24,-14.946166038513184,6.477086544036865,15.0
84,25,-12.331756591796875,11.779389381408691,37.0
84,26,-2.131053924560547,1.5314435958862305,2.0
84,27,-18.126842498779297,7.493931770324707,161.0
84,28,-3.566493511199951,2.4390859603881836,2.0
84,29,-3.380692720413208,2.328381061553955,2.0
84,30,-4.282445430755615,4.168189525604248,3.0
84,31,-6.631441593170166,3.0199496746063232,9.0
84,32,-5.61499547958374,16.568408966064453,21.0
84,33,-3.0273611545562744,2.131530523300171,3.0
84,34,-16.375905990600586,6.1690521240234375,36.0
84,35,-2.713163375854492,2.470418930053711,2.0
84,36,-8.658126831054688,17.922239303588867,133.0
84,37,-3.7134041786193848,3.4480245113372803,3.0
84,38,-5.634049415588379,4.089866638183594,3.0
84,39,-5.455269813537598,2.4823648929595947,6.0
84,40,-5.817927360534668,3.2013912200927734,5.0
84,41,-13.685251235961914,95.75093841552734,415.0
84,42,-3.661228656768799,2.497542381286621,2.0
84,43,-5.647922039031982,16.843435287475586,14.0
84,44,-0.9202876687049866,1.2020848989486694,1.0
84,45,-11.198629379272461,9.390756607055664,19.0
84,46,-7.766540050506592,3.0328590869903564,3.0
84,47,-1.6321710348129272,1.312624454498291,2.0
84,48,-1.128543496131897,1.3259588479995728,1.0
84,49,-22.334774017333984,7.6173906326293945,45.0
84,50,-13.985525131225586,5.744200229644775,10.0
84,51,-8.962923049926758,3.065974235534668,5.0
84,52,-2.5538322925567627,1.5305677652359009,2.0
84,53,-15.56379508972168,6.996950626373291,34.0
84,54,-21.296100616455078,34.79069900512695,8.0
84,55,-7.4418206214904785,3.4566619396209717,20.0
84,56,-10.48763656616211,32.97926330566406,21.0
84,57,-15.861835479736328,52.74446487426758,85.0
84,58,-13.922185897827148,5.6989006996154785,31.0
84,59,-7.667459487915039,2.9902329444885254,15.0
84,60,-13.261861801147461,3.0196926593780518,5.0
84,61,-4.3694071769714355,2.9812772274017334,2.0
84,62,-2.8973443508148193,1.436440348625183,2.0
84,63,-6.482365608215332,2.5245232582092285,45.0
84,64,-6.961276054382324,2.005969762802124,2.0
84,65,-6.372638702392578,3.577012062072754,2.0
84,66,-5.935734748840332,2.1000618934631348,4.0
84,67,-7.652122974395752,2.3401987552642822,13.0
84,68,-1.9548110961914062,1.322149395942688,1.0
84,69,-24.27477264404297,3.5880885124206543,68.0
84,70,-9.555046081542969,6.759907245635986,29.0
84,71,-5.5623931884765625,2.0043084621429443,2.0
84,72,-5.150575160980225,1.9037429094314575,2.0
84,73,-2.676100254058838,1.3462790250778198,2.0
84,74,-2.498202085494995,1.8674063682556152,2.0
84,75,-4.760446548461914,3.2874481678009033,17.0
84,76,-8.051578521728516,2.079155206680298,2.0
84,77,-4.960685729980469,1.859087347984314,3.0
84,78,-11.65958023071289,5.289132595062256,15.0
84,79,-4.2717390060424805,8.46440315246582,6.0
84,80,-16.457658767700195,61.216373443603516,133.0
84,81,-4.092838287353516,1.5757948160171509,2.0
84,82,-3.9181008338928223,2.663191556930542,6.0
84,83,-16.47252655029297,4.4705095291137695,37.0
84,84,-1.9555288553237915,1.919074296951294,1.0
84,85,-8.028787612915039,14.530685424804688,14.0
84,86,-5.4396467208862305,15.177640914916992,14.0
84,87,-15.39267349243164,6.848873615264893,30.0
84,88,-9.483145713806152,23.595327377319336,8.0
84,89,-9.39960765838623,22.94735336303711,29.0
84,90,-3.259018659591675,5.1013712882995605,4.0
84,91,-8.870871543884277,9.1863431930542,5.0
84,92,-3.6241254806518555,1.8294600248336792,3.0
84,93,-30.224098205566406,154.0611572265625,604.0
84,94,-13.2669095993042,5.250711917877197,98.0
84,95,-1.5851415395736694,1.4862934350967407,1.0
84,96,-8.95390510559082,9.379029273986816,7.0
84,97,-5.385012626647949,6.019500255584717,2.0
84,98,-4.756422519683838,3.28414249420166,11.0
84,99,-4.249589920043945,1.6034806966781616,3.0
84,100,-1.3793727159500122,1.993090271949768,1.0
84,101,-4.558289527893066,2.4884448051452637,10.0
84,102,-5.666097164154053,2.030459403991699,3.0
84,103,-2.84708833694458,1.767237663269043,2.0
84,104,-15.128421783447266,8.6815767288208,15.0
84,105,-10.638410568237305,34.6790885925293,124.0
84,106,-9.984583854675293,7.366308689117432,7.0
84,107,-16.985366821289062,16.96062660217285,2101.0
84,108,-24.920291900634766,12.085775375366211,593.0
84,109,-4.393256187438965,2.4076502323150635,5.0
84,110,-7.668326377868652,6.80108118057251,9.0
84,111,-6.314936637878418,2.2020022869110107,7.0
84,112,-8.135482788085938,7.643615245819092,19.0
84,113,-9.575535774230957,2.22100830078125,13.0
84,114,-5.45963716506958,6.171112060546875,7.0
84,115,-2.9956629276275635,1.8205389976501465,2.0
84,116,-10.551937103271484,13.9849853515625,4.0
84,117,-7.39109992980957,3.427564859390259,13.0
84,118,-5.047562122344971,2.7442626953125,15.0
84,119,-18.01363754272461,4.486785411834717,5.0
84,120,-13.251565933227539,6.639793872833252,55.0
84,121,-1.8164162635803223,1.832116961479187,2.0
84,122,-3.125905990600586,4.772894859313965,2.0
84,123,-15.8183012008667,7.223124980926514,19.0
84,124,-14.66991138458252,4.3361687660217285,93.0
84,125,-19.622966766357422,26.324352264404297,472.0
84,126,-8.836166381835938,19.018054962158203,7.0
84,127,-26.997894287109375,853.6092529296875,2447.0
84,128,-1.349091649055481,1.3097264766693115,1.0
84,129,-10.919010162353516,234.98110961914062,146.0
84,130,-6.087917327880859,1.8382090330123901,6.0
84,131,-7.239468097686768,2.0625576972961426,4.0
84,132,-14.339473724365234,7.756229400634766,126.0
84,133,-11.19814682006836,2.767690896987915,4.0
84,134,-5.240568161010742,2.8522655963897705,3.0
84,135,-7.537786483764648,4.515686511993408,9.0
84,136,-19.75338363647461,26.90280532836914,455.0
84,137,-6.263004302978516,4.78626823425293,4.0
84,138,-11.194374084472656,16.421533584594727,476.0
84,139,-6.683696269989014,28.27132797241211,20.0
84,140,-27.71748924255371,7.241443634033203,29.0
84,141,-3.4034922122955322,1.9752569198608398,4.0
84,142,-2.6456358432769775,1.697450041770935,2.0
84,143,-1.7483099699020386,1.5481760501861572,2.0
84,144,-11.01921272277832,61035.609375,766.0
84,145,-11.759950637817383,4.349208354949951,11.0
84,146,-10.517583847045898,2.1196606159210205,4.0
84,147,-11.139250755310059,9.279894828796387,50.0
84,148,-7.178043842315674,2.7883076667785645,3.0
86,0,-7.045676231384277,4.092414855957031,15.0
86,1,-5.370274543762207,2.927225351333618,4.0
86,2,-18.643476486206055,4.72857141494751,369.0
86,3,-5.736719131469727,2.6015822887420654,6.0
86,4,-6.19526481628418,4.705896377563477,10.0
86,5,-13.123072624206543,79.38883209228516,36.0
86,6,-2.0135867595672607,1.4958840608596802,1.0
86,7,-4.319466590881348,2.3723793029785156,2.0
86,8,-10.89245891571045,8.832974433898926,24.0
86,9,-10.969186782836914,8.96956729888916,798.0
86,10,-3.097705841064453,4.706068992614746,2.0
86,11,-6.466355800628662,5.03588342666626,33.0
86,12,-6.438470363616943,2.0449752807617188,6.0
86,13,-8.11445426940918,3.866729259490967,8.0
86,14,-5.757754325866699,3.1630945205688477,4.0
86,15,-20.141094207763672,56.16078567504883,631.0
86,16,-10.89328670501709,15.230830192565918,26.0
86,17,-15.818601608276367,5.798634052276611,12.0
86,18,-5.250191688537598,13.80589771270752,14.0
86,19,-13.311273574829102,14.328560829162598,15.0
86,20,-10.512805938720703,13.848840713500977,32.0
86,21,-12.259406089782715,21.431278228759766,1122.0
86,22,-12.506677627563477,3.4926745891571045,8.0
86,23,-10.774477005004883,8.626986503601074,5.0
86,24,-14.991859436035156,6.514187335968018,16.0
86,25,-12.360258102416992,11.84672737121582,36.0
86,26,-2.1206016540527344,1.528245449066162,2.0
86,27,-18.103055953979492,7.4741530418396,160.0
86,28,-3.566831588745117,2.4392921924591064,2.0
86,29,-3.3821897506713867,2.3292524814605713,2.0
86,30,-4.2744011878967285,4.157027721405029,3.0
86,31,-6.671144485473633,3.0399997234344482,9.0
86,32,-5.6036224365234375,16.474458694458008,20.0
86,33,-3.02207350730896,2.1287147998809814,3.0
86,34,-16.42526626586914,6.202978610992432,37.0
86,35,-2.710230827331543,2.4680051803588867,2.0
86,36,-8.597562789916992,17.564050674438477,129.0
86,37,-3.713716983795166,3.4483838081359863,3.0
86,38,-5.651784420013428,4.1080403327941895,3.0
86,39,-5.520037651062012,2.5093061923980713,6.0
86,40,-5.829192161560059,3.2086122035980225,5.0
86,41,-13.630661010742188,94.02435302734375,408.0
86,42,-3.677826404571533,2.507927179336548,2.0
86,43,-5.6337571144104,16.724565505981445,15.0
86,44,-0.9304690957069397,1.2045352458953857,1.0
86,45,-11.211669921875,9.41528034210205,19.0
86,46,-7.746823310852051,3.0243284702301025,3.0
86,47,-1.6002798080444336,1.3056660890579224,2.0
86,48,-1.1396063566207886,1.3296310901641846,1.0
86,49,-22.258283615112305,7.5646071434021,44.0
86,50,-14.039129257202148,5.78281831741333,10.0
86,51,-8.942187309265137,3.058037757873535,5.0
86,52,-2.56455659866333,1.5333058834075928,2.0
86,53,-15.535979270935059,6.9726643562316895,34.0
86,54,-21.266206741333008,34.617794036865234,8.0
86,55,-7.378113746643066,3.420154094696045,20.0
86,56,-10.452756881713867,32.59804153442383,20.0
86,57,-15.859437942504883,52.71286392211914,85.0
86,58,-13.924036026000977,5.700218677520752,31.0
86,59,-7.68310546875,2.99692440032959,16.0
86,60,-13.15546989440918,2.9930386543273926,5.0
86,61,-4.362749099731445,2.9763190746307373,2.0
86,62,-2.923659324645996,1.4411731958389282,2.0
86,63,-6.494561195373535,2.5289254188537598,46.0
86,64,-6.9195756912231445,1.9976222515106201,2.0
86,65,-6.281105995178223,3.512124538421631,2.0
86,66,-5.984281539916992,2.112844467163086,3.0
86,67,-7.637147903442383,2.336308002471924,11.0
86,68,-1.9543523788452148,1.3220627307891846,2.0
86,69,-24.237659454345703,3.5810866355895996,66.0
86,70,-9.64555549621582,6.883389472961426,29.0
86,71,-5.576616287231445,2.0078752040863037,2.0
86,72,-5.14761209487915,1.9030379056930542,2.0
86,73,-2.7145304679870605,1.3520399332046509,2.0
86,74,-2.499358654022217,1.8679463863372803,2.0
86,75,-4.772650241851807,3.2974932193756104,17.0
86,76,-7.973453521728516,2.0644407272338867,2.0
86,77,-4.896623611450195,1.8442596197128296,2.0
86,78,-11.801887512207031,5.397759437561035,19.0
86,79,-4.30247688293457,8.595497131347656,6.0
86,80,-16.469362258911133,61.395748138427734,135.0
86,81,-4.063901424407959,1.5707364082336426,2.0
86,82,-3.9563589096069336,2.688786029815674,6.0
86,83,-16.485721588134766,4.475875377655029,37.0
86,84,-2.0010030269622803,1.948385238647461,1.0
86,85,-8.020793914794922,14.492018699645996,14.0
86,86,-5.429611682891846,15.101678848266602,14.0
86,87,-15.348190307617188,6.810896873474121,30.0
86,88,-9.453001022338867,23.359418869018555,8.0
86,89,-9.399436950683594,22.946044921875,29.0
86,90,-3.2778143882751465,5.149538993835449,4.0
86,91,-8.862773895263672,9.167764663696289,5.0
86,92,-3.615581750869751,1.8268568515777588,2.0
86,93,-30.224124908447266,154.06182861328125,602.0
86,94,-13.252920150756836,5.241538047790527,97.0
86,95,-1.5738416910171509,1.4821006059646606,1.0
86,96,-8.982874870300293,9.447203636169434,7.0
86,97,-5.394686222076416,6.038941860198975,2.0
86,98,-4.778791904449463,3.3025600910186768,11.0
86,99,-4.241083145141602,1.6019657850265503,3.0
86,100,-1.3728240728378296,1.9865750074386597,1.0
86,101,-4.526576042175293,2.4727110862731934,9.0
86,102,-5.691289901733398,2.0368638038635254,3.0
86,103,-2.8500404357910156,1.7682812213897705,2.0
86,104,-15.106714248657227,8.654696464538574,15.0
86,105,-10.686429023742676,35.2386360168457,128.0
86,106,-10.021675109863281,7.421156406402588,7.0
86,107,-17.01816177368164,17.05358123779297,2114.0
86,108,-24.884729385375977,12.042872428894043,578.0
86,109,-4.445096969604492,2.4327428340911865,5.0
86,110,-7.69278621673584,6.842796802520752,10.0
86,111,-6.308791637420654,2.2003114223480225,7.0
86,112,-8.100250244140625,7.576584815979004,18.0
86,113,-9.587516784667969,2.223227024078369,12.0
86,114,-5.450458526611328,6.1522603034973145,7.0
86,115,-2.9749913215637207,1.8130277395248413,2.0
86,116,-10.611116409301758,14.193428039550781,4.0
86,117,-7.342059135437012,3.3996639251708984,13.0
86,118,-5.099277496337891,2.772794008255005,15.0
86,119,-18.023473739624023,4.490464210510254,5.0
86,120,-13.216239929199219,6.606369495391846,56.0
86,121,-1.8523539304733276,1.854196310043335,2.0
86,122,-3.146061897277832,4.821238994598389,2.0
86,123,-15.908855438232422,7.305349826812744,19.0
86,124,-14.678098678588867,4.339720249176025,93.0
86,125,-19.501188278198242,25.79545021057129,458.0
86,126,-8.833786010742188,19.002971649169922,7.0
86,127,-27.078393936157227,870.9620971679688,2469.0
86,128,-1.3672620058059692,1.3144947290420532,1.0
86,129,-10.872474670410156,229.57675170898438,135.0
86,130,-6.112443923950195,1.8427228927612305,6.0
86,131,-7.100408554077148,2.034074306488037,4.0
86,132,-14.332525253295898,7.748534679412842,128.0
86,133,-11.207619667053223,2.7700753211975098,4.0
86,134,-5.284186363220215,2.8772568702697754,3.0
86,135,-7.514256477355957,4.494485855102539,10.0
86,136,-19.83182716369629,27.2568416595459,468.0
86,137,-6.2703447341918945,4.795059680938721,4.0
86,138,-11.273128509521484,16.74805450439453,492.0
86,139,-6.703398704528809,28.551210403442383,20.0
86,140,-27.761064529418945,7.264018535614014,27.0
86,141,-3.4226527214050293,1.9828407764434814,4.0
86,142,-2.61301589012146,1.6864118576049805,2.0
86,143,-1.7551212310791016,1.5508145093917847,2.0
86,144,-11.034847259521484,61997.37109375,785.0
86,145,-11.727015495300293,4.3313398361206055,11.0
86,146,-10.56242561340332,2.1264607906341553,4.0
86,147,-11.081920623779297,9.17409896850586,49.0
86,148,-7.136111259460449,2.7716546058654785,3.0
88,0,-7.015210151672363,4.067554950714111,14.0
88,1,-5.354937553405762,2.918259620666504,4.0
88,2,-18.59203338623047,4.708343505859375,348.0
88,3,-5.776644229888916,2.6189515590667725,6.0
88,4,-6.120478630065918,4.618729591369629,9.0
88,5,-13.069221496582031,77.97647094726562,35.0
88,6,-2.0128750801086426,1.495671033859253,1.0
88,7,-4.342406272888184,2.383288621902466,2.0
88,8,-10.873624801635742,8.799765586853027,24.0
88,9,-10.967964172363281,8.96737289428711,799.0
88,10,-3.088852643966675,4.685283184051514,2.0
88,11,-6.486581325531006,5.061411380767822,33.0
88,12,-6.408905029296875,2.0382683277130127,6.0
88,13,-8.148018836975098,3.888420581817627,8.0
88,14,-5.7689714431762695,3.170198678970337,4.0
88,15,-20.152210235595703,56.28579330444336,638.0
88,16,-10.817327499389648,14.944329261779785,25.0
88,17,-15.833776473999023,5.808419227600098,12.0
88,18,-5.213634014129639,13.555834770202637,13.0
88,19,-13.302757263183594,14.304176330566406,16.0
88,20,-10.54167366027832,13.949148178100586,32.0
88,21,-12.193615913391113,21.0816707611084,1084.0
88,22,-12.439704895019531,3.4693610668182373,7.0
88,23,-10.842299461364746,8.744806289672852,6.0
88,24,-14.884931564331055,6.427698135375977,15.0
88,25,-12.351951599121094,11.827061653137207,37.0
88,26,-2.107055902481079,1.5241107940673828,2.0
88,27,-18.052085876464844,7.431943416595459,156.0
88,28,-3.5642447471618652,2.4377150535583496,2.0
88,29,-3.400416851043701,2.339890480041504,2.0
88,30,-4.263219356536865,4.141562461853027,3.0
88,31,-6.656434059143066,3.032555341720581,9.0
88,32,-5.634055137634277,16.7270565032959,21.0
88,33,-3.0271859169006348,2.131437301635742,3.0
88,34,-16.37714958190918,6.1699042320251465,35.0
88,35,-2.7126972675323486,2.4700353145599365,2.0
88,36,-8.631776809692383,17.765512466430664,132.0
88,37,-3.7321038246154785,3.4695839881896973,3.0
88,38,-5.630486488342285,4.0862250328063965,3.0
88,39,-5.510054111480713,2.505134344100952,6.0
88,40,-5.841922760009766,3.216791868209839,5.0
88,41,-13.645034790039062,94.4759292602539,408.0
88,42,-3.686532974243164,2.5133919715881348,2.0
88,43,-5.691493988037109,17.214412689208984,15.0
88,44,-0.9132072925567627,1.2003840208053589,1.0
88,45,-11.20022964477539,9.393763542175293,19.0
88,46,-7.712458610534668,3.0095176696777344,3.0
88,47,-1.6384336948394775,1.3139952421188354,2.0
88,48,-1.1516950130462646,1.333655595779419,1.0
88,49,-22.24666976928711,7.556623935699463,45.0
88,50,-13.916563034057617,5.694896221160889,10.0
88,51,-8.96136474609375,3.0653772354125977,5.0
88,52,-2.5502712726593018,1.5296595096588135,2.0
88,53,-15.53663444519043,6.973235607147217,34.0
88,54,-21.28073501586914,34.701717376708984,8.0
88,55,-7.4150190353393555,3.441255807876587,18.0
88,56,-10.462608337402344,32.70526885986328,21.0
88,57,-15.859750747680664,52.716983795166016,85.0
88,58,-13.872003555297852,5.663264274597168,31.0
88,59,-7.691956996917725,3.000715970993042,16.0
88,60,-13.273441314697266,3.0226082801818848,5.0
88,61,-4.3544158935546875,2.9701247215270996,2.0
88,62,-2.893371343612671,1.4357272386550903,2.0
88,63,-6.503524303436279,2.532165765762329,46.0
88,64,-6.937460899353027,2.0011982917785645,2.0
88,65,-6.285521507263184,3.5152275562286377,2.0
88,66,-5.9977240562438965,2.1163978576660156,3.0
88,67,-7.643765449523926,2.338026762008667,13.0
88,68,-1.9008840322494507,1.3120028972625732,1.0
88,69,-24.319507598876953,3.5965464115142822,67.0
88,70,-9.587332725524902,6.803699493408203,28.0
88,71,-5.556511402130127,2.002835512161255,2.0
88,72,-5.15084171295166,1.903806209564209,2.0
88,73,-2.7009663581848145,1.3500038385391235,2.0
88,74,-2.5082006454467773,1.8720800876617432,2.0
88,75,-4.758238792419434,3.2856342792510986,17.0
88,76,-8.050060272216797,2.0788683891296387,2.0
88,77,-4.900541305541992,1.845163106918335,2.0
88,78,-11.788037300109863,5.38709020614624,18.0
88,79,-4.264559268951416,8.43407154083252,6.0
88,80,-16.404861450195312,60.413665771484375,133.0
88,81,-4.083293437957764,1.5741244554519653,2.0
88,82,-3.954423189163208,2.6874849796295166,5.0
88,83,-16.448143005371094,4.460610866546631,37.0
88,84,-1.9678101539611816,1.926946759223938,1.0
88,85,-7.976253032684326,14.27844524383545,14.0
88,86,-5.480215072631836,15.488651275634766,14.0
88,87,-15.459962844848633,6.906723499298096,31.0
88,88,-9.470605850219727,23.496904373168945,8.0
88,89,-9.426307678222656,23.15249252319336,29.0
88,90,-3.260554790496826,5.10529088973999,4.0
88,91,-8.734588623046875,8.878628730773926,5.0
88,92,-3.601583957672119,1.82260000705719,3.0
88,93,-30.219268798828125,153.9372100830078,602.0
88,94,-13.241485595703125,5.234051704406738,98.0
88,95,-1.589172124862671,1.487791895866394,1.0
88,96,-8.974714279174805,9.427948951721191,7.0
88,97,-5.3757243156433105,6.000892162322998,2.0
88,98,-4.8060736656188965,3.325162172317505,11.0
88,99,-4.270051002502441,1.6071301698684692,3.0
88,100,-1.3807235956192017,1.9944369792938232,1.0
88,101,-4.536458492279053,2.4776034355163574,9.0
88,102,-5.746527194976807,2.050976276397705,3.0
88,103,-2.901735544204712,1.786658525466919,2.0
88,104,-15.098371505737305,8.644387245178223,15.0
88,105,-10.644635200500488,34.751121520996094,120.0
88,106,-9.986183166503906,7.3686652183532715,7.0
88,107,-17.009416580200195,17.028745651245117,2113.0
88,108,-24.91267204284668,12.076570510864258,573.0
88,109,-4.4654459953308105,2.4426639080047607,5.0
88,110,-7.6939377784729,6.844767093658447,10.0
88,111,-6.296216011047363,2.196855306625366,7.0
88,112,-8.115583419799805,7.605684280395508,19.0
88,113,-9.51333236694336,2.2095253467559814,12.0
88,114,-5.474555015563965,6.201874732971191,7.0
88,115,-2.9542438983917236,1.8055202960968018,2.0
88,116,-10.573118209838867,14.059236526489258,4.0
88,117,-7.399779319763184,3.4325263500213623,13.0
88,118,-5.04094123840332,2.740631103515625,14.0
88,119,-18.04960823059082,4.500255107879639,5.0
88,120,-13.153165817260742,6.547109603881836,54.0
88,121,-1.8075268268585205,1.8266962766647339,2.0
88,122,-3.0986990928649902,4.708406925201416,2.0
88,123,-15.899971008300781,7.297241687774658,19.0
88,124,-14.667476654052734,4.335112571716309,93.0
88,125,-19.575870513916016,26.118528366088867,470.0
88,126,-8.808721542358398,18.844865798950195,7.0
88,127,-27.031246185302734,860.7564086914062,2502.0
88,128,-1.3448755741119385,1.3086225986480713,1.0
88,129,-10.935196876525879,236.89060974121094,140.0
88,130,-6.1326141357421875,1.8464436531066895,7.0
88,131,-7.132279396057129,2.040567398071289,4.0
88,132,-14.32573413848877,7.741019248962402,127.0
88,133,-11.217090606689453,2.772461175918579,4.0
88,134,-5.247995853424072,2.856505870819092,3.0
88,135,-7.474557876586914,4.45894193649292,9.0
88,136,-19.880340576171875,27.478118896484375,466.0
88,137,-6.28341007232666,4.8107476234436035,4.0
88,138,-11.297372817993164,16.84987449645996,497.0
88,139,-6.703268051147461,28.549346923828125,20.0
88,140,-27.802762985229492,7.285686492919922,27.0
88,141,-3.4345920085906982,1.9875810146331787,4.0
88,142,-2.6628456115722656,1.7033026218414307,2.0
88,143,-1.7722270488739014,1.5574607849121094,2.0
88,144,-10.999017715454102,59815.359375,763.0
88,145,-11.727313041687012,4.331501007080078,11.0
88,146,-10.602423667907715,2.132544994354248,4.0
88,147,-11.070261001586914,9.152729988098145,48.0
88,148,-7.152074337005615,2.777982473373413,3.0
90,0,-7.082256317138672,4.122464656829834,15.0
90,1,-5.299408912658691,2.8860299587249756,4.0
90,2,-18.410869598388672,4.637795925140381,300.0
90,3,-5.740933895111084,2.603410482406616,6.0
90,4,-6.146790504455566,4.649211406707764,9.0
90,5,-13.1080322265625,78.99181365966797,36.0
90,6,-2.0281262397766113,1.5002402067184448,1.0
90,7,-4.307493209838867,2.3667049407958984,2.0
90,8,-10.907198905944824,8.859052658081055,24.0
90,9,-11.011655807495117,9.046075820922852,820.0
90,10,-3.077270746231079,4.658229351043701,2.0
90,11,-6.483262062072754,5.057212829589844,33.0
90,12,-6.447263717651367,2.0469741821289062,6.0
90,13,-8.143157958984375,3.8852720260620117,8.0
90,14,-5.790476322174072,3.1838629245758057,4.0
90,15,-20.134002685546875,56.081199645996094,620.0
90,16,-10.963687896728516,15.501270294189453,26.0
90,17,-15.72335147857666,5.737589359283447,11.0
90,18,-5.274935722351074,13.977766036987305,15.0
90,19,-13.25830364227295,14.177563667297363,15.0
90,20,-10.640596389770508,14.298421859741211,34.0
90,21,-12.264398574829102,21.458044052124023,1115.0
90,22,-12.520891189575195,3.4976425170898438,8.0
90,23,-10.730700492858887,8.551785469055176,5.0
90,24,-14.892395973205566,6.4336981773376465,15.0
90,25,-12.32784652709961,11.770180702209473,37.0
90,26,-2.117532968521118,1.5273077487945557,2.0
90,27,-18.108278274536133,7.478489875793457,159.0
90,28,-3.525008201599121,2.4139201641082764,2.0
90,29,-3.3989477157592773,2.339031219482422,2.0
90,30,-4.2710466384887695,4.1523823738098145,3.0
90,31,-6.64173698425293,3.0251359939575195,9.0
90,32,-5.639523029327393,16.772850036621094,21.0
90,33,-2.99654483795166,2.1151721477508545,3.0
90,34,-16.333972930908203,6.140375137329102,37.0
90,35,-2.6980903148651123,2.458038091659546,2.0
90,36,-8.630157470703125,17.755924224853516,132.0
90,37,-3.7343249320983887,3.472153425216675,3.0
90,38,-5.588287353515625,4.0433430671691895,3.0
90,39,-5.50690221786499,2.5038187503814697,6.0
90,40,-5.8064656257629395,3.194061040878296,5.0
90,41,-13.629719734191895,93.99485778808594,411.0
90,42,-3.6110944747924805,2.4664344787597656,2.0
90,43,-5.622663974761963,16.632057189941406,14.0
90,44,-0.9427017569541931,1.2074857950210571,1.0
90,45,-11.231517791748047,9.452730178833008,19.0
90,46,-7.675047874450684,2.993476390838623,3.0
90,47,-1.5994127988815308,1.3054773807525635,2.0
90,48,-1.1519885063171387,1.3337534666061401,1.0
90,49,-22.23255157470703,7.546932220458984,45.0
90,50,-14.033882141113281,5.779026985168457,10.0
90,51,-8.962835311889648,3.0659406185150146,5.0
90,52,-2.536926746368408,1.526261329650879,2.0
90,53,-15.5338134765625,6.97077751159668,34.0
90,54,-21.2821044921875,34.70963668823242,8.0
90,55,-7.402907371520996,3.434316635131836,19.0
90,56,-10.409318923950195,32.129451751708984,20.0
90,57,-15.80948257446289,52.058631896972656,84.0
90,58,-13.920330047607422,5.6975789070129395,31.0
90,59,-7.583309650421143,2.9545013904571533,15.0
90,60,-13.079700469970703,2.9741995334625244,5.0
90,61,-4.368621826171875,2.980691909790039,2.0
90,62,-2.9142966270446777,1.4394874572753906,2.0
90,63,-6.499874114990234,2.5308456420898438,43.0
90,64,-6.917046546936035,1.997117042541504,2.0
90,65,-6.312466144561768,3.53422212600708,2.0
90,66,-5.965935707092285,2.1080048084259033,3.0
90,67,-7.666310787200928,2.34389066696167,13.0
90,68,-1.9265333414077759,1.3168190717697144,1.0
90,69,-24.25670623779297,3.5846786499023438,68.0
90,70,-9.645938873291016,6.88391637802124,28.0
90,71,-5.558189868927002,2.003255605697632,2.0
90,72,-5.144806385040283,1.902370572090149,2.0
90,73,-2.7319819927215576,1.3546640872955322,2.0
90,74,-2.510159492492676,1.8729970455169678,2.0
90,75,-4.7404465675354,3.2710518836975098,17.0
90,76,-8.078664779663086,2.0842812061309814,2.0
90,77,-4.9615936279296875,1.8592983484268188,2.0
90,78,-11.744771957397461,5.353896617889404,17.0
90,79,-4.279064178466797,8.495462417602539,6.0
90,80,-16.4176082611084,60.60649108886719,136.0
90,81,-4.0668439865112305,1.571250081062317,2.0
90,82,-3.933913230895996,2.6737401485443115,6.0
90,83,-16.48702049255371,4.476404190063477,36.0
90,84,-1.9500404596328735,1.9155666828155518,1.0
90,85,-8.018852233886719,14.482641220092773,14.0
90,86,-5.455198764801025,15.296123504638672,14.0
90,87,-15.43799114227295,6.887780666351318,31.0
90,88,-9.464168548583984,23.44654083251953,8.0
90,89,-9.434408187866211,23.215097427368164,29.0
90,90,-3.2532944679260254,5.086791038513184,4.0
90,91,-8.821633338928223,9.073955535888672,5.0
90,92,-3.610198497772217,1.825218677520752,2.0
90,93,-30.2371768951416,154.39732360839844,607.0
90,94,-13.264616012573242,5.24920654296875,98.0
90,95,-1.5817533731460571,1.4850350618362427,1.0
90,96,-8.934408187866211,9.33342456817627,6.0
90,97,-5.382476806640625,6.014414310455322,2.0
90,98,-4.770092010498047,3.2953848838806152,11.0
90,99,-4.27126407623291,1.6073468923568726,3.0
90,100,-1.3567218780517578,1.9706450700759888,1.0
90,101,-4.610820770263672,2.5147268772125244,10.0
90,102,-5.70305871963501,2.0398623943328857,3.0
90,103,-2.8689284324645996,1.774973750114441,2.0
90,104,-15.093767166137695,8.638702392578125,15.0
90,105,-10.679841041564941,35.16133499145508,129.0
90,106,-9.97800350189209,7.356620788574219,7.0
90,107,-17.063631057739258,17.18330955505371,2127.0
90,108,-24.84032440185547,11.989514350891113,577.0
90,109,-4.416916370391846,2.419070243835449,5.0
90,110,-7.691563606262207,6.840705871582031,10.0
90,111,-6.2933125495910645,2.1960582733154297,7.0
90,112,-8.105237007141113,7.586036205291748,19.0
90,113,-9.518035888671875,2.2103915214538574,13.0
90,114,-5.477267742156982,6.207485675811768,7.0
90,115,-3.006145477294922,1.824359655380249,2.0
90,116,-10.577383041381836,14.074234008789062,4.0
90,117,-7.446499824523926,3.4593586921691895,13.0
90,118,-5.0496344566345215,2.7454001903533936,14.0
90,119,-18.01996421813965,4.489151477813721,5.0
90,120,-13.273849487304688,6.660963535308838,55.0
90,121,-1.7794185876846313,1.8096610307693481,2.0
90,122,-3.071869373321533,4.645665645599365,2.0
90,123,-15.875970840454102,7.2753825187683105,19.0
90,124,-14.624942779541016,4.316713333129883,93.0
90,125,-19.56377410888672,26.06592559814453,459.0
90,126,-8.89697265625,19.407459259033203,7.0
90,127,-27.002260208129883,854.5414428710938,2459.0
90,128,-1.3810138702392578,1.318115234375,1.0
90,129,-10.910209655761719,233.94940185546875,143.0
90,130,-6.090479373931885,1.8386800289154053,6.0
90,131,-7.20191764831543,2.0548272132873535,4.0
90,132,-14.318215370178223,7.7327094078063965,128.0
90,133,-11.218597412109375,2.772841215133667,4.0
90,134,-5.231793403625488,2.847264528274536,3.0
90,135,-7.523917198181152,4.503178119659424,9.0
90,136,-19.838111877441406,27.285402297973633,459.0
90,137,-6.295064926147461,4.824785232543945,4.0
90,138,-11.235054969787598,16.589397430419922,475.0
90,139,-6.666804790496826,28.03356170654297,20.0
90,140,-27.84150505065918,7.305875778198242,29.0
90,141,-3.4501497745513916,1.9937753677368164,4.0
90,142,-2.6502809524536133,1.6990277767181396,2.0
90,143,-1.7933557033538818,1.565709114074707,2.0
90,144,-10.996903419494629,59689.0234375,765.0
90,145,-11.771320343017578,4.355393886566162,11.0
90,146,-10.628250122070312,2.1364822387695312,4.0
90,147,-11.060243606567383,9.134411811828613,49.0
90,148,-7.131854057312012,2.7699694633483887,3.0
92,0,-7.100210189819336,4.137294292449951,16.0
92,1,-5.329967021942139,2.9037222862243652,4.0
92,2,-18.57258415222168,4.700718402862549,344.0
92,3,-5.795949935913086,2.627391815185547,6.0
92,4,-6.203930854797363,4.716102123260498,10.0
92,5,-13.050440788269043,77.48983764648438,36.0
92,6,-2.000744342803955,1.49204683303833,1.0
92,7,-4.305426120758057,2.3657267093658447,2.0
92,8,-10.810778617858887,8.689849853515625,24.0
92,9,-10.988306045532227,9.00393009185791,794.0
92,10,-3.073624610900879,4.649744510650635,2.0
92,11,-6.448452949523926,5.013394832611084,33.0
92,12,-6.398704528808594,2.035959482192993,6.0
92,13,-8.134592056274414,3.8797290325164795,8.0
92,14,-5.822503089904785,3.204322099685669,4.0
92,15,-20.154502868652344,56.31159591674805,642.0
92,16,-11.017958641052246,15.713019371032715,27.0
92,17,-15.749063491821289,5.754004001617432,11.0
92,18,-5.2191162109375,13.593043327331543,13.0
92,19,-13.243412017822266,14.135400772094727,15.0
92,20,-10.558699607849121,14.008649826049805,33.0
92,21,-12.256314277648926,21.41472053527832,1118.0
92,22,-12.442340850830078,3.47027587890625,7.0
92,23,-10.792110443115234,8.657465934753418,5.0
92,24,-14.886761665344238,6.429168701171875,15.0
92,25,-12.358085632324219,11.841582298278809,37.0
92,26,-2.1033122539520264,1.5229700803756714,2.0
92,27,-18.123394012451172,7.491061210632324,162.0
92,28,-3.5891969203948975,2.4529693126678467,2.0
92,29,-3.396876811981201,2.3378207683563232,2.0
92,30,-4.288204669952393,4.176198959350586,3.0
92,31,-6.641639709472656,3.0250871181488037,9.0
92,32,-5.602412223815918,16.464492797851562,19.0
92,33,-3.0102791786193848,2.1224472522735596,3.0
92,34,-16.468059539794922,6.232542991638184,37.0
92,35,-2.698668956756592,2.4585120677948,2.0
92,36,-8.664346694946289,17.959436416625977,135.0
92,37,-3.7485134601593018,3.4886136054992676,3.0
92,38,-5.6545305252075195,4.110861778259277,3.0
92,39,-5.485296249389648,2.494818687438965,6.0
92,40,-5.800365924835205,3.190166711807251,5.0
92,41,-13.638751983642578,94.27828216552734,407.0
92,42,-3.6618452072143555,2.497927188873291,2.0
92,43,-5.5966010093688965,16.416723251342773,14.0
92,44,-0.9192819595336914,1.20184326171875,1.0
92,45,-11.21497631072998,9.4215087890625,19.0
92,46,-7.7377824783325195,3.0204246044158936,3.0
92,47,-1.6303951740264893,1.312235951423645,2.0
92,48,-1.1403834819793701,1.3298895359039307,1.0
92,49,-22.145187377929688,7.487229347229004,43.0
92,50,-14.000153541564941,5.754713535308838,10.0
92,51,-8.949010848999023,3.0606470108032227,5.0
92,52,-2.5542678833007812,1.5306787490844727,2.0
92,53,-15.522151947021484,6.960623264312744,34.0
92,54,-21.236032485961914,34.44413757324219,7.0
92,55,-7.404351234436035,3.435142755508423,20.0
92,56,-10.489261627197266,32.99713134765625,21.0
92,57,-15.773451805114746,51.5918083190918,83.0
92,58,-13.910526275634766,5.690600872039795,31.0
92,59,-7.661545753479004,2.9877078533172607,15.0
92,60,-13.167215347290039,2.995969772338867,5.0
92,61,-4.376787185668945,2.9867827892303467,2.0
92,62,-2.929438829421997,1.4422147274017334,2.0
92,63,-6.480898857116699,2.5239944458007812,44.0
92,64,-6.949545383453369,2.003618001937866,2.0
92,65,-6.322182655334473,3.5410966873168945,2.0
92,66,-6.028812408447266,2.124638319015503,4.0
92,67,-7.68055534362793,2.3476035594940186,11.0
92,68,-1.9191213846206665,1.3154255151748657,1.0
92,69,-24.32000732421875,3.5966410636901855,69.0
92,70,-9.589136123657227,6.806154251098633,28.0
92,71,-5.5396575927734375,1.9986205101013184,2.0
92,72,-5.144628047943115,1.9023281335830688,2.0
92,73,-2.734752655029297,1.3550812005996704,2.0
92,74,-2.4870786666870117,1.8622205257415771,2.0
92,75,-4.786582946777344,3.3089988231658936,17.0
92,76,-8.020685195922852,2.073324203491211,2.0
92,77,-4.937995910644531,1.8538219928741455,2.0
92,78,-11.925408363342285,5.493852615356445,21.0
92,79,-4.265894412994385,8.439703941345215,6.0
92,80,-16.46395492553711,61.31280517578125,138.0
92,81,-4.1008100509643555,1.5771912336349487,2.0
92,82,-3.988267421722412,2.710320234298706,6.0
92,83,-16.586971282958984,4.517263889312744,39.0
92,84,-2.0550014972686768,1.9837727546691895,1.0
92,85,-8.048757553100586,14.627734184265137,14.0
92,86,-5.464873313903809,15.370293617248535,14.0
92,87,-15.423062324523926,6.87493896484375,31.0
92,88,-9.48143196105957,23.581851959228516,8.0
92,89,-9.49679183959961,23.70289421081543,30.0
92,90,-3.23946213722229,5.051731586456299,4.0
92,91,-8.83249568939209,9.098630905151367,5.0
92,92,-3.5990381240844727,1.821826696395874,2.0
92,93,-30.319271087646484,156.5243682861328,615.0
92,94,-13.28166389465332,5.26040506362915,97.0
92,95,-1.5748964548110962,1.4824914932250977,1.0
92,96,-8.926146507263184,9.314167976379395,6.0
92,97,-5.401191234588623,6.0520501136779785,2.0
92,98,-4.779962539672852,3.3035268783569336,11.0
92,99,-4.258868217468262,1.6051346063613892,3.0
92,100,-1.3936465978622437,2.0073659420013428,1.0
92,101,-4.538133144378662,2.47843337059021,9.0
92,102,-5.7237548828125,2.0451464653015137,3.0
92,103,-2.8417704105377197,1.7653589248657227,2.0
92,104,-15.131431579589844,8.685309410095215,15.0
92,105,-10.5368070602417,33.52425003051758,112.0
92,106,-9.989913940429688,7.3741655349731445,7.0
92,107,-17.047414779663086,17.136930465698242,2140.0
92,108,-24.984041213989258,12.163066864013672,591.0
92,109,-4.441936492919922,2.4312057495117188,5.0
92,110,-7.6933064460754395,6.843687057495117,10.0
92,111,-6.30364465713501,2.1988964080810547,7.0
92,112,-8.11388874053955,7.602462291717529,19.0
92,113,-9.512185096740723,2.2093141078948975,12.0
92,114,-5.449069976806641,6.149413108825684,7.0
92,115,-2.998957872390747,1.8217390775680542,2.0
92,116,-10.58769416809082,14.110560417175293,4.0
92,117,-7.363874435424805,3.4120469093322754,13.0
92,118,-5.058636665344238,2.75034761428833,15.0
92,119,-18.00748062133789,4.48448371887207,5.0
92,120,-13.178887367248535,6.571211814880371,55.0
92,121,-1.7974833250045776,1.820590853691101,2.0
92,122,-3.0960440635681152,4.702160358428955,2.0
92,123,-15.841522216796875,7.244121551513672,19.0
92,124,-14.654179573059082,4.329352855682373,92.0
92,125,-19.56939697265625,26.09036636352539,469.0
92,126,-8.869831085205078,19.2326717376709,7.0
92,127,-27.0273494720459,859.9182739257812,2454.0
92,128,-1.3419396877288818,1.307854413986206,1.0
92,129,-10.912525177001953,234.2204132080078,145.0
92,130,-6.097984790802002,1.8400605916976929,6.0
92,131,-7.172259330749512,2.0487418174743652,4.0
92,132,-14.325246810913086,7.740480422973633,128.0
92,133,-11.178723335266113,2.762808322906494,4.0
92,134,-5.241816520690918,2.852977991104126,3.0
92,135,-7.498622894287109,4.48045539855957,9.0
92,136,-19.844017028808594,27.312271118164062,469.0
92,137,-6.242500305175781,4.761796951293945,4.0
92,138,-11.249305725097656,16.648605346679688,483.0
92,139,-6.700590133666992,28.511144638061523,20.0
92,140,-27.822649002075195,7.2960429191589355,27.0
92,141,-3.420043468475342,1.9818062782287598,4.0
92,142,-2.623976707458496,1.6901129484176636,2.0
92,143,-1.7555782794952393,1.5509917736053467,2.0
92,144,-11.00908088684082,60420.32421875,770.0
92,145,-11.737211227416992,4.3368635177612305,11.0
92,146,-10.590412139892578,2.130715847015381,4.0
92,147,-11.081686973571777,9.173670768737793,49.0
92,148,-7.196258544921875,2.795572519302368,3.0
94,0,-7.040157794952393,4.0879011154174805,15.0
94,1,-5.3599700927734375,2.921198844909668,4.0
94,2,-18.53447723388672,4.685814380645752,331.0
94,3,-5.803446292877197,2.630676507949829,6.0
94,4,-6.185448169708252,4.694361209869385,9.0
94,5,-13.053336143493652,77.56465911865234,34.0
94,6,-2.0255990028381348,1.4994821548461914,1.0
94,7,-4.348423004150391,2.386157989501953,2.0
94,8,-10.90477466583252,8.854757308959961,24.0
94,9,-10.958955764770508,8.951231002807617,796.0
94,10,-3.090541362762451,4.689240455627441,2.0
94,11,-6.474294662475586,5.0458879470825195,33.0
94,12,-6.445041656494141,2.046468734741211,6.0
94,13,-8.157899856567383,3.894829750061035,8.0
94,14,-5.795999526977539,3.187382221221924,3.0
94,15,-20.105674743652344,55.76435852050781,626.0
94,16,-10.883404731750488,15.193249702453613,25.0
94,17,-15.732400894165039,5.743360996246338,12.0
94,18,-5.239182472229004,13.730110168457031,13.0
94,19,-13.238107681274414,14.120415687561035,15.0
94,20,-10.69737434387207,14.502826690673828,35.0
94,21,-12.199267387390137,21.111478805541992,1096.0
94,22,-12.564155578613281,3.512807607650757,8.0
94,23,-10.780028343200684,8.636570930480957,5.0
94,24,-14.921828269958496,6.457411766052246,15.0
94,25,-12.42058277130127,11.990522384643555,37.0
94,26,-2.108180046081543,1.5244535207748413,2.0
94,27,-18.190271377563477,7.546933174133301,161.0
94,28,-3.606208324432373,2.463423490524292,2.0
94,29,-3.395648241043091,2.3371028900146484,2.0
94,30,-4.299492835998535,4.19194221496582,3.0
94,31,-6.674213409423828,3.0415549278259277,9.0
94,32,-5.623378753662109,16.638002395629883,21.0
94,33,-3.023273468017578,2.1293535232543945,3.0
94,34,-16.42132568359375,6.200263500213623,35.0
94,35,-2.7086985111236572,2.466745138168335,2.0
94,36,-8.641611099243164,17.823843002319336,131.0
94,37,-3.6952056884765625,3.427171468734741,3.0
94,38,-5.609615325927734,4.064959526062012,3.0
94,39,-5.481297969818115,2.493156671524048,6.0
94,40,-5.860134124755859,3.228529930114746,5.0
94,41,-13.626605033874512,93.89728546142578,406.0
94,42,-3.633312702178955,2.480172872543335,2.0
94,43,-5.610821723937988,16.53386688232422,14.0
94,44,-0.942832350730896,1.2075172662734985,1.0
94,45,-11.188299179077148,9.371376037597656,19.0
94,46,-7.736047744750977,3.0196762084960938,3.0
94,47,-1.633444905281067,1.3129030466079712,2.0
94,48,-1.1400108337402344,1.3297655582427979,1.0
94,49,-22.174890518188477,7.507474899291992,44.0
94,50,-14.021028518676758,5.769749164581299,10.0
94,51,-8.954699516296387,3.062824249267578,5.0
94,52,-2.523038864135742,1.5227326154708862,2.0
94,53,-15.49473762512207,6.936811923980713,34.0
94,54,-21.22063636779785,34.355865478515625,7.0
94,55,-7.425952434539795,3.4475324153900146,20.0
94,56,-10.459261894226074,32.66880416870117,21.0
94,57,-15.852872848510742,52.62641906738281,85.0
94,58,-13.891186714172363,5.676860332489014,31.0
94,59,-7.641043186187744,2.9789700508117676,15.0
94,60,-13.184188842773438,3.0002102851867676,5.0
94,61,-4.359465599060059,2.973876714706421,2.0
94,62,-2.9182121753692627,1.4401921033859253,2.0
94,63,-6.476954460144043,2.5225725173950195,44.0
94,64,-6.943472862243652,2.00240159034729,2.0
94,65,-6.332367897033691,3.5483174324035645,2.0
94,66,-5.990891933441162,2.114591121673584,3.0
94,67,-7.664681434631348,2.3434665203094482,10.0
94,68,-1.8959331512451172,1.311075210571289,1.0
94,69,-24.394672393798828,3.6108028888702393,70.0
94,70,-9.59938907623291,6.820125102996826,28.0
94,71,-5.562708377838135,2.004387617111206,2.0
94,72,-5.114554405212402,1.8951903581619263,2.0
94,73,-2.7320337295532227,1.3546719551086426,2.0
94,74,-2.5070865154266357,1.871558666229248,2.0
94,75,-4.760561466217041,3.2875425815582275,17.0
94,76,-8.030064582824707,2.0750927925109863,2.0
94,77,-4.869841575622559,1.8380959033966064,2.0
94,78,-11.882439613342285,5.460232734680176,21.0
94,79,-4.326038360595703,8.697357177734375,7.0
94,80,-16.403484344482422,60.39287567138672,136.0
94,81,-4.084847927093506,1.5743964910507202,2.0
94,82,-3.925344944000244,2.6680188179016113,6.0
94,83,-16.41101837158203,4.445581912994385,37.0
94,84,-2.0613811016082764,1.9879958629608154,1.0
94,85,-8.005654335021973,14.419068336486816,14.0
94,86,-5.446561813354492,15.230209350585938,14.0
94,87,-15.36495304107666,6.825182914733887,30.0
94,88,-9.43313980102539,23.20528221130371,8.0
94,89,-9.422219276428223,23.120962142944336,29.0
94,90,-3.267833709716797,5.123905181884766,4.0
94,91,-8.797918319702148,9.020318031311035,5.0
94,92,-3.637032985687256,1.8333998918533325,3.0
94,93,-30.285457611083984,155.64479064941406,613.0
94,94,-13.26584243774414,5.250011920928955,100.0
94,95,-1.5842297077178955,1.4859546422958374,1.0
94,96,-8.915403366088867,9.2891845703125,8.0
94,97,-5.399120330810547,6.0478739738464355,2.0
94,98,-4.770010948181152,3.295318126678467,11.0
94,99,-4.2540202140808105,1.6042702198028564,3.0
94,100,-1.3834518194198608,1.997159481048584,1.0
94,101,-4.508151054382324,2.463616132736206,9.0
94,102,-5.721780776977539,2.0446419715881348,3.0
94,103,-2.8768343925476074,1.7777825593948364,2.0
94,104,-15.119848251342773,8.670950889587402,15.0
94,105,-10.636489868164062,34.65689468383789,122.0
94,106,-10.0038480758667,7.394744873046875,7.0
94,107,-17.06598663330078,17.190053939819336,2099.0
94,108,-24.919097900390625,12.084332466125488,581.0
94,109,-4.374917984008789,2.3988358974456787,5.0
94,110,-7.6651692390441895,6.795715808868408,9.0
94,111,-6.323516368865967,2.2043652534484863,7.0
94,112,-8.080968856811523,7.540151596069336,18.0
94,113,-9.569602012634277,2.2199103832244873,12.0
94,114,-5.47044563293457,6.193386077880859,7.0
94,115,-2.9936368465423584,1.8198014497756958,2.0
94,116,-10.612140655517578,14.197063446044922,4.0
94,117,-7.365679740905762,3.413073778152466,13.0
94,118,-5.08610725402832,2.765500068664551,15.0
94,119,-17.983213424682617,4.475423812866211,5.0
94,120,-13.202864646911621,6.593758583068848,54.0
94,121,-1.821536898612976,1.8352468013763428,2.0
94,122,-3.1519908905029297,4.83555269241333,2.0
94,123,-15.874520301818848,7.274063587188721,19.0
94,124,-14.609634399414062,4.310110092163086,93.0
94,125,-19.569639205932617,26.091419219970703,471.0
94,126,-8.817615509033203,18.90081787109375,7.0
94,127,-27.004409790039062,855.0008544921875,2465.0
94,128,-1.3619157075881958,1.3130899667739868,1.0
94,129,-10.908771514892578,233.78121948242188,145.0
94,130,-6.0836286544799805,1.8374208211898804,6.0
94,131,-7.195040225982666,2.0534143447875977,4.0
94,132,-14.324962615966797,7.740166664123535,125.0
94,133,-11.214014053344727,2.77168607711792,3.0
94,134,-5.245080947875977,2.8548412322998047,3.0
94,135,-7.499346733093262,4.481103420257568,9.0
94,136,-19.801843643188477,27.1209716796875,464.0
94,137,-6.2561235427856445,4.778042316436768,4.0
94,138,-11.210071563720703,16.48610496520996,480.0
94,139,-6.686520099639893,28.31127166748047,20.0
94,140,-27.794408798217773,7.281340599060059,27.0
94,141,-3.470498561859131,2.001905918121338,4.0
94,142,-2.640104293823242,1.6955732107162476,2.0
94,143,-1.7577980756759644,1.5518527030944824,2.0
94,144,-11.015205383300781,60791.5078125,770.0
94,145,-11.74555492401123,4.341389179229736,11.0
94,146,-10.533177375793457,2.122022867202759,4.0
94,147,-11.031816482543945,9.082624435424805,49.0
94,148,-7.183803081512451,2.790602684020996,3.0
96,0,-7.045418739318848,4.0922040939331055,15.0
96,1,-5.354805946350098,2.9181830883026123,4.0
96,2,-18.632177352905273,4.724120616912842,357.0
96,3,-5.745406150817871,2.605351686477661,6.0
96,4,-6.176587104797363,4.68397331237793,9.0
96,5,-13.091169357299805,78.5490493774414,33.0
96,6,-2.0255794525146484,1.4994763135910034,1.0
96,7,-4.297761917114258,2.36210298538208,2.0
96,8,-10.832864761352539,8.72832202911377,24.0
96,9,-10.993406295776367,9.013120651245117,799.0
96,10,-3.0815231800079346,4.6681437492370605,2.0
96,11,-6.510325908660889,5.091545581817627,33.0
96,12,-6.437931060791016,2.0448524951934814,6.0
96,13,-8.15969467163086,3.8959949016571045,8.0
96,14,-5.7987751960754395,3.1891517639160156,3.0
96,15,-20.09817123413086,55.68073654174805,623.0
96,16,-10.901494979858398,15.262117385864258,26.0
96,17,-15.847740173339844,5.817438125610352,12.0
96,18,-5.201259613037109,13.472220420837402,13.0
96,19,-13.26820182800293,14.205657005310059,15.0
96,20,-10.513338088989258,13.850683212280273,30.0
96,21,-12.238397598266602,21.319015502929688,1120.0
96,22,-12.54583740234375,3.506378650665283,7.0
96,23,-10.784640312194824,8.64454174041748,5.0
96,24,-14.91888427734375,6.45503568649292,15.0
96,25,-12.358972549438477,11.843682289123535,37.0
96,26,-2.1019303798675537,1.5225492715835571,2.0
96,27,-18.12497901916504,7.492379665374756,161.0
96,28,-3.573107957839966,2.443122625350952,2.0
96,29,-3.4005050659179688,2.339942216873169,2.0
96,30,-4.270223617553711,4.151243209838867,3.0
96,31,-6.61505126953125,3.011711597442627,9.0
96,32,-5.589878082275391,16.361631393432617,18.0
96,33,-3.010472297668457,2.1225497722625732,3.0
96,34,-16.457765579223633,6.225418567657471,36.0
96,35,-2.7183899879455566,2.474726915359497,2.0
96,36,-8.668220520019531,17.982641220092773,135.0
96,37,-3.6848666667938232,3.4153802394866943,3.0
96,38,-5.622818946838379,4.078400135040283,3.0
96,39,-5.450606346130371,2.480436086654663,6.0
96,40,-5.820422172546387,3.202989101409912,5.0
96,41,-13.628316879272461,93.9509048461914,406.0
96,42,-3.637831211090088,2.482975959777832,2.0
96,43,-5.610038757324219,16.52739715576172,14.0
96,44,-0.9184049963951111,1.2016323804855347,1.0
96,45,-11.269928932189941,9.525629043579102,19.0
96,46,-7.697101593017578,3.0029220581054688,3.0
96,47,-1.6305021047592163,1.3122594356536865,2.0
96,48,-1.1280680894851685,1.3258012533187866,1.0
96,49,-22.101810455322266,7.457762241363525,40.0
96,50,-14.062480926513672,5.799722671508789,10.0
96,51,-8.899595260620117,3.041799783706665,5.0
96,52,-2.547144889831543,1.528862714767456,2.0
96,53,-15.569507598876953,7.001948833465576,33.0
96,54,-21.33255386352539,35.002716064453125,7.0
96,55,-7.385166168212891,3.4241766929626465,19.0
96,56,-10.472575187683105,32.8140983581543,21.0
96,57,-15.852869033813477,52.626365661621094,85.0
96,58,-13.929606437683105,5.704189300537109,31.0
96,59,-7.621809482574463,2.9707958698272705,15.0
96,60,-13.135619163513184,2.988091468811035,5.0
96,61,-4.346166133880615,2.964005470275879,2.0
96,62,-2.908642530441284,1.438470482826233,2.0
96,63,-6.459402561187744,2.5162553787231445,42.0
96,64,-6.934811592102051,2.0006680488586426,2.0
96,65,-6.313485145568848,3.534942150115967,2.0
96,66,-5.969027519226074,2.1088199615478516,4.0
96,67,-7.6764349937438965,2.346529006958008,13.0
96,68,-1.8818058967590332,1.3084319829940796,1.0
96,69,-24.308902740478516,3.5945396423339844,66.0
96,70,-9.536763191223145,6.735235214233398,28.0
96,71,-5.535928249359131,1.997689127922058,2.0
96,72,-5.181972980499268,1.9112292528152466,2.0
96,73,-2.7207231521606445,1.3529706001281738,2.0
96,74,-2.5117619037628174,1.8737475872039795,2.0
96,75,-4.7798848152160645,3.3034627437591553,17.0
96,76,-8.011080741882324,2.07151460647583,2.0
96,77,-4.96326208114624,1.8596861362457275,2.0
96,78,-11.784160614013672,5.38410758972168,17.0
96,79,-4.307242393493652,8.616002082824707,6.0
96,80,-16.400333404541016,60.34531784057617,135.0
96,81,-4.089527130126953,1.575215220451355,2.0
96,82,-3.9527740478515625,2.6863772869110107,6.0
96,83,-16.48208236694336,4.474394798278809,36.0
96,84,-1.9931697845458984,1.9433045387268066,1.0
96,85,-7.95119047164917,14.159656524658203,14.0
96,86,-5.474117755889893,15.441502571105957,14.0
96,87,-15.408116340637207,6.862107276916504,30.0
96,88,-9.402961730957031,22.973020553588867,8.0
96,89,-9.458168983459473,23.399696350097656,29.0
96,90,-3.2895333766937256,5.1798014640808105,4.0
96,91,-8.807787895202637,9.042601585388184,5.0
96,92,-3.619248390197754,1.8279736042022705,3.0
96,93,-30.35134506225586,157.3633575439453,614.0
96,94,-13.21977424621582,5.2198662757873535,92.0
96,95,-1.5846368074417114,1.4861059188842773,1.0
96,96,-8.996171951293945,9.478660583496094,8.0
96,97,-5.396867752075195,6.043334484100342,2.0
96,98,-4.7942609786987305,3.315356969833374,11.0
96,99,-4.306231498718262,1.613603949546814,3.0
96,100,-1.3635908365249634,1.9774247407913208,1.0
96,101,-4.550511837005615,2.48457670211792,10.0
96,102,-5.729801654815674,2.0466926097869873,3.0
96,103,-2.872248888015747,1.7761530876159668,2.0
96,104,-15.06710433959961,8.605860710144043,15.0
96,105,-10.618816375732422,34.45331954956055,120.0
96,106,-10.008377075195312,7.4014458656311035,7.0
96,107,-17.040203094482422,17.116342544555664,2110.0
96,108,-24.91512107849121,12.079527854919434,584.0
96,109,-4.444574356079102,2.4324886798858643,5.0
96,110,-7.663424491882324,6.792752265930176,10.0
96,111,-6.313948631286621,2.201730489730835,7.0
96,112,-8.111846923828125,7.598582744598389,18.0
96,113,-9.541997909545898,2.2148096561431885,12.0
96,114,-5.39872932434082,6.047085285186768,7.0
96,115,-2.968505859375,1.8106776475906372,2.0
96,116,-10.566217422485352,14.035001754760742,4.0
96,117,-7.415391445159912,3.441469669342041,13.0
96,118,-5.078526020050049,2.76131010055542,15.0
96,119,-17.945083618164062,4.461226463317871,5.0
96,120,-13.166838645935059,6.559910297393799,56.0
96,121,-1.8153486251831055,1.8314650058746338,2.0
96,122,-3.0867552757263184,4.6803717613220215,2.0
96,123,-15.876508712768555,7.275871753692627,19.0
96,124,-14.687186241149902,4.343666076660156,95.0
96,125,-19.53604507446289,25.94573974609375,461.0
96,126,-8.788209915161133,18.716459274291992,7.0
96,127,-27.094093322753906,874.38720703125,2444.0
96,128,-1.3257697820663452,1.3036315441131592,1.0
96,129,-10.940592765808105,237.53057861328125,148.0
96,130,-6.0688276290893555,1.8347033262252808,6.0
96,131,-7.1488118171691895,2.0439438819885254,4.0
96,132,-14.27701473236084,7.6873297691345215,125.0
96,133,-11.237249374389648,2.7775468826293945,3.0
96,134,-5.267691612243652,2.8677802085876465,3.0
96,135,-7.46909236907959,4.454071044921875,9.0
96,136,-19.873210906982422,27.445486068725586,473.0
96,137,-6.2225518226623535,4.738108158111572,4.0
96,138,-11.304976463317871,16.881935119628906,498.0
96,139,-6.709195137023926,28.634078979492188,20.0
96,140,-27.800312042236328,7.284411430358887,27.0
96,141,-3.4593605995178223,1.9974515438079834,4.0
96,142,-2.6437783241271973,1.696819543838501,2.0
96,143,-1.7558026313781738,1.5510787963867188,2.0
96,144,-11.01533317565918,60799.27734375,765.0
96,145,-11.716548919677734,4.325676918029785,11.0
96,146,-10.54828929901123,2.124314785003662,4.0
96,147,-11.053457260131836,9.122021675109863,48.0
96,148,-7.125900745391846,2.7676146030426025,3.0
98,0,-7.058049201965332,4.102554798126221,15.0
98,1,-5.298267841339111,2.885371208190918,4.0
98,2,-18.521385192871094,4.680705547332764,330.0
98,3,-5.791248321533203,2.625333786010742,6.0
98,4,-6.210822105407715,4.724234104156494,9.0
98,5,-13.082862854003906,78.33184814453125,36.0
98,6,-2.032076835632324,1.501426100730896,1.0
98,7,-4.323180198669434,2.3741419315338135,2.0
98,8,-10.82380485534668,8.712519645690918,23.0
98,9,-10.961307525634766,8.955442428588867,803.0
98,10,-3.0753180980682373,4.653683185577393,2.0
98,11,-6.4735236167907715,5.044915199279785,33.0
98,12,-6.440810680389404,2.0455069541931152,6.0
98,13,-8.130145072937012,3.87685489654541,8.0
98,14,-5.793602466583252,3.185854196548462,3.0
98,15,-20.073196411132812,55.40331268310547,615.0
98,16,-10.947460174560547,15.43851089477539,26.0
98,17,-15.813654899597168,5.795448303222656,12.0
98,18,-5.298771381378174,14.145346641540527,15.0
98,19,-13.300495147705078,14.29770565032959,16.0
98,20,-10.64371395111084,14.309569358825684,34.0
98,21,-12.18533992767334,21.038097381591797,1081.0
98,22,-12.715210914611816,3.5662729740142822,10.0
98,23,-10.801637649536133,8.673977851867676,5.0
98,24,-14.96407699584961,6.491603851318359,15.0
98,25,-12.413335800170898,11.973156929016113,37.0
98,26,-2.1105434894561768,1.5251743793487549,2.0
98,27,-18.113698959350586,7.482996463775635,158.0
98,28,-3.5528383255004883,2.4307737350463867,2.0
98,29,-3.3897976875305176,2.3336870670318604,2.0
98,30,-4.2848310470581055,4.171505451202393,3.0
98,31,-6.648979663848877,3.02878999710083,9.0
98,32,-5.584473609924316,16.31747817993164,18.0
98,33,-3.005974769592285,2.120164632797241,3.0
98,34,-16.45238494873047,6.221697807312012,34.0
98,35,-2.6892120838165283,2.4507744312286377,2.0
98,36,-8.594979286193848,17.548931121826172,129.0
98,37,-3.7037947177886963,3.436997652053833,3.0
98,38,-5.605788230895996,4.06107234954834,3.0
98,39,-5.457633018493652,2.4833426475524902,6.0
98,40,-5.835261344909668,3.2125089168548584,5.0
98,41,-13.630353927612305,94.01471710205078,409.0
98,42,-3.6480636596679688,2.489335775375366,2.0
98,43,-5.615165710449219,16.5698184967041,14.0
98,44,-0.9206826090812683,1.2021799087524414,1.0
98,45,-11.232343673706055,9.454291343688965,19.0
98,46,-7.709137916564941,3.008090019226074,3.0
98,47,-1.6182057857513428,1.3095728158950806,2.0
98,48,-1.138126254081726,1.329139232635498,1.0
98,49,-22.298086166381836,7.59202766418457,45.0
98,50,-13.945615768432617,5.715615272521973,10.0
98,51,-8.952905654907227,3.0621376037597656,5.0
98,52,-2.5465426445007324,1.5287094116210938,2.0
98,53,-15.556209564208984,6.99031925201416,34.0
98,54,-21.313785552978516,34.893394470214844,8.0
98,55,-7.358485698699951,3.4089839458465576,18.0
98,56,-10.498189926147461,33.09547424316406,21.0
98,57,-15.792505264282227,51.8381462097168,84.0
98,58,-13.940884590148926,5.712236404418945,31.0
98,59,-7.641094207763672,2.978991746902466,15.0
98,60,-13.153656005859375,2.992586135864258,5.0
98,61,-4.364286422729492,2.9774630069732666,2.0
98,62,-2.8912439346313477,1.4353454113006592,2.0
98,63,-6.4559478759765625,2.5150139331817627,40.0
98,64,-6.932051658630371,2.0001158714294434,2.0
98,65,-6.354520797729492,3.5640735626220703,2.0
98,66,-5.94581937789917,2.1027109622955322,3.0
98,67,-7.695704460144043,2.3515584468841553,13.0
98,68,-1.9195151329040527,1.3154995441436768,1.0
98,69,-24.282577514648438,3.5895626544952393,66.0
98,70,-9.60720443725586,6.830793380737305,28.0
98,71,-5.570362091064453,2.0063061714172363,2.0
98,72,-5.126518249511719,1.8980265855789185,2.0
98,73,-2.7259762287139893,1.3537603616714478,2.0
98,74,-2.500518798828125,1.8684881925582886,2.0
98,75,-4.775845050811768,3.3001279830932617,17.0
98,76,-8.077173233032227,2.083998680114746,2.0
98,77,-4.9822998046875,1.864116907119751,3.0
98,78,-11.800031661987305,5.396328449249268,19.0
98,79,-4.314560413360596,8.64758586883545,7.0
98,80,-16.425308227539062,60.72327423095703,132.0
98,81,-4.1246795654296875,1.581379771232605,2.0
98,82,-3.9642763137817383,2.694113254547119,6.0
98,83,-16.58780860900879,4.517607688903809,39.0
98,84,-2.0200634002685547,1.960803747177124,1.0
98,85,-8.023043632507324,14.502888679504395,14.0
98,86,-5.4464569091796875,15.229410171508789,14.0
98,87,-15.347728729248047,6.8105034828186035,30.0
98,88,-9.469097137451172,23.485088348388672,8.0
98,89,-9.44248104095459,23.27764892578125,29.0
98,90,-3.246610164642334,5.06981897354126,4.0
98,91,-8.84162712097168,9.119425773620605,5.0
98,92,-3.61422061920166,1.8264425992965698,3.0
98,93,-30.260684967041016,155.0034637451172,599.0
98,94,-13.257646560668945,5.244635581970215,98.0
98,95,-1.5857062339782715,1.48650324344635,1.0
98,96,-8.929402351379395,9.321752548217773,7.0
98,97,-5.378602504730225,6.006652355194092,2.0
98,98,-4.766122341156006,3.292116165161133,11.0
98,99,-4.287736892700195,1.6102914810180664,3.0
98,100,-1.363648772239685,1.9774820804595947,1.0
98,101,-4.54178524017334,2.4802443981170654,9.0
98,102,-5.7658281326293945,2.0559303760528564,3.0
98,103,-2.8616344928741455,1.7723864316940308,2.0
98,104,-15.140113830566406,8.696089744567871,15.0
98,105,-10.6461181640625,34.7682991027832,122.0
98,106,-10.020598411560059,7.419559478759766,7.0
98,107,-16.949079513549805,16.85835838317871,2064.0
98,108,-24.890470504760742,12.049788475036621,596.0
98,109,-4.399505138397217,2.410661220550537,5.0
98,110,-7.734407424926758,6.914370059967041,10.0
98,111,-6.341841220855713,2.2094202041625977,7.0
98,112,-8.119260787963867,7.612679481506348,19.0
98,113,-9.585672378540039,2.2228851318359375,12.0
98,114,-5.472229480743408,6.1970696449279785,7.0
98,115,-2.97002911567688,1.8112293481826782,2.0
98,116,-10.599621772766113,14.152700424194336,4.0
98,117,-7.369017601013184,3.4149727821350098,13.0
98,118,-5.044205665588379,2.7424211502075195,14.0
98,119,-17.99478530883789,4.479742050170898,5.0
98,120,-13.22419548034668,6.613882064819336,56.0
98,121,-1.7873283624649048,1.8144387006759644,2.0
98,122,-3.119694709777832,4.758094787597656,2.0
98,123,-15.88751220703125,7.285885810852051,19.0
98,124,-14.632808685302734,4.320110321044922,92.0
98,125,-19.55081558227539,26.00969696044922,467.0
98,126,-8.789464950561523,18.72429084777832,7.0
98,127,-26.961088180541992,845.790771484375,2472.0
98,128,-1.3203542232513428,1.3022204637527466,1.0
98,129,-10.933424949645996,236.6808319091797,142.0
98,130,-6.10788631439209,1.8418834209442139,6.0
98,131,-7.164172172546387,2.047085762023926,4.0
98,132,-14.35738468170166,7.7761006355285645,128.0
98,133,-11.25029182434082,2.7808420658111572,4.0
98,134,-5.226902008056641,2.844480276107788,3.0
98,135,-7.463250160217285,4.448869705200195,9.0
98,136,-19.849266052246094,27.336177825927734,459.0
98,137,-6.267625331878662,4.7918009757995605,4.0
98,138,-11.289435386657715,16.816471099853516,493.0
98,139,-6.684546947479248,28.283353805541992,20.0
98,140,-27.893306732177734,7.332958698272705,29.0
98,141,-3.4687278270721436,2.001197099685669,4.0
98,142,-2.619060754776001,1.6884520053863525,2.0
98,143,-1.7959058284759521,1.566707730293274,2.0
98,144,-11.013988494873047,60717.57421875,770.0
98,145,-11.728214263916016,4.331989288330078,11.0
98,146,-10.584320068359375,2.129789113998413,5.0
98,147,-11.040793418884277,9.098947525024414,48.0
98,148,-7.164803504943848,2.783038377761841,3.0
100,0,-7.026113510131836,4.07643461227417,15.0
100,1,-5.294651508331299,2.8832850456237793,4.0
100,2,-18.627561569213867,4.72230339050293,356.0
100,3,-5.790306091308594,2.6249215602874756,6.0
100,4,-6.198734283447266,4.70997953414917,9.0
100,5,-13.103769302368164,78.87964630126953,37.0
100,6,-2.035280227661133,1.50238835811615,1.0
100,7,-4.325693130493164,2.375335454940796,2.0
100,8,-10.858402252197266,8.773014068603516,24.0
100,9,-10.959271430969238,8.951796531677246,792.0
100,10,-3.060624599456787,4.619619369506836,2.0
100,11,-6.52159309387207,5.105907917022705,33.0
100,12,-6.422856330871582,2.0414302349090576,6.0
100,13,-8.181861877441406,3.9104154109954834,8.0
100,14,-5.819107532501221,3.2021467685699463,3.0
100,15,-20.18290138244629,56.63233184814453,640.0
100,16,-10.94714641571045,15.437298774719238,27.0
100,17,-15.84860610961914,5.817998886108398,11.0
100,18,-5.264451503753662,13.904685020446777,14.0
100,19,-13.317987442016602,14.347813606262207,16.0
100,20,-10.643339157104492,14.308228492736816,37.0
100,21,-12.26768684387207,21.475692749023438,1133.0
100,22,-12.597989082336426,3.524712562561035,9.0
100,23,-10.734783172607422,8.558772087097168,5.0
100,24,-14.88614273071289,6.428670883178711,15.0
100,25,-12.373835563659668,11.878941535949707,36.0
100,26,-2.104907512664795,1.52345609664917,2.0
100,27,-18.12127685546875,7.489299297332764,158.0
100,28,-3.571599245071411,2.4422013759613037,2.0
100,29,-3.387206554412842,2.3321757316589355,2.0
100,30,-4.286503791809082,4.173832416534424,3.0
100,31,-6.598556995391846,3.003443479537964,9.0
100,32,-5.572899341583252,16.22332000732422,20.0
100,33,-3.00492787361145,2.1196095943450928,3.0
100,34,-16.37238311767578,6.166636943817139,36.0
100,35,-2.698272466659546,2.4581871032714844,2.0
100,36,-8.629975318908691,17.754844665527344,131.0
100,37,-3.715585708618164,3.4505324363708496,3.0
100,38,-5.651027679443359,4.107263088226318,3.0
100,39,-5.471558570861816,2.4891130924224854,6.0
100,40,-5.81015682220459,3.1964199542999268,5.0
100,41,-13.636091232299805,94.1947021484375,410.0
100,42,-3.6576671600341797,2.495319366455078,2.0
100,43,-5.598922252655029,16.435787200927734,14.0
100,44,-0.9395031332969666,1.2067135572433472,1.0
100,45,-11.16053581237793,9.319483757019043,19.0
100,46,-7.739842891693115,3.0213136672973633,3.0
100,47,-1.638718843460083,1.31405770778656,2.0
100,48,-1.1419909000396729,1.3304240703582764,1.0
100,49,-22.327356338500977,7.61225700378418,45.0
100,50,-13.989984512329102,5.747403144836426,10.0
100,51,-8.920492172241211,3.049755811691284,5.0
100,52,-2.564871072769165,1.5333863496780396,2.0
100,53,-15.575790405273438,7.007449626922607,34.0
100,54,-21.247465133666992,34.509830474853516,8.0
100,55,-7.458090305328369,3.466048002243042,20.0
100,56,-10.442733764648438,32.489315032958984,21.0
100,57,-15.877853393554688,52.95610427856445,85.0
100,58,-13.925358772277832,5.7011613845825195,32.0
100,59,-7.716647148132324,3.0113189220428467,15.0
100,60,-13.132502555847168,2.9873156547546387,5.0
100,61,-4.356537342071533,2.971700429916382,2.0
100,62,-2.9201724529266357,1.4405452013015747,2.0
100,63,-6.476677894592285,2.522472620010376,41.0
100,64,-6.973095417022705,2.0083420276641846,2.0
100,65,-6.2962646484375,3.5227885246276855,2.0
100,66,-5.941161632537842,2.101487159729004,3.0
100,67,-7.653070449829102,2.340445041656494,11.0
100,68,-1.912257432937622,1.314136266708374,1.0
100,69,-24.214906692504883,3.576801061630249,66.0
100,70,-9.556329727172852,6.761643409729004,29.0
100,71,-5.581752777099609,2.009164810180664,2.0
100,72,-5.138731956481934,1.9009267091751099,2.0
100,73,-2.722973346710205,1.3533087968826294,2.0
100,74,-2.5192596912384033,1.8772631883621216,2.0
100,75,-4.752853870391846,3.2812137603759766,17.0
100,76,-8.047733306884766,2.0784285068511963,2.0
100,77,-4.822507858276367,1.8272525072097778,2.0
100,78,-11.80293083190918,5.398564338684082,20.0
100,79,-4.282861232757568,8.511606216430664,6.0
100,80,-16.45142364501953,61.12102127075195,135.0
100,81,-4.074332237243652,1.572558045387268,2.0
100,82,-3.908743143081665,2.656968593597412,5.0
100,83,-16.463878631591797,4.466996669769287,37.0
100,84,-1.9980354309082031,1.9464589357376099,1.0
100,85,-7.964389801025391,14.22209358215332,14.0
100,86,-5.427481174468994,15.085599899291992,14.0
100,87,-15.389978408813477,6.846567153930664,30.0
100,88,-9.458969116210938,23.405935287475586,8.0
100,89,-9.434876441955566,23.218717575073242,29.0
100,90,-3.274482011795044,5.140965938568115,4.0
100,91,-8.880147933959961,9.207671165466309,5.0
100,92,-3.5846662521362305,1.8174681663513184,2.0
100,93,-30.257205963134766,154.9136199951172,616.0
100,94,-13.310516357421875,5.2794108390808105,99.0
100,95,-1.5837894678115845,1.4857910871505737,1.0
100,96,-8.92754077911377,9.317415237426758,7.0
100,97,-5.4178466796875,6.085743427276611,2.0
100,98,-4.756464958190918,3.284177541732788,11.0
100,99,-4.24262809753418,1.602240800857544,3.0
100,100,-1.4202053546905518,2.0341999530792236,1.0
100,101,-4.5139384269714355,2.4664692878723145,9.0
100,102,-5.7340192794799805,2.047772169113159,3.0
100,103,-2.8518056869506836,1.768905758857727,2.0
100,104,-15.114534378051758,8.6643705368042,15.0
100,105,-10.687020301818848,35.245574951171875,126.0
100,106,-9.977245330810547,7.355505466461182,7.0
100,107,-17.05612564086914,17.161827087402344,2114.0
100,108,-24.961891174316406,12.136157035827637,590.0
100,109,-4.409079551696777,2.4152815341949463,5.0
100,110,-7.641312599182129,6.755305290222168,10.0
100,111,-6.338659286499023,2.2085416316986084,7.0
100,112,-8.093599319458008,7.563997745513916,18.0
100,113,-9.5186128616333,2.2104978561401367,12.0
100,114,-5.453597068786621,6.158699989318848,7.0
100,115,-2.965055465698242,1.8094285726547241,2.0
100,116,-10.629218101501465,14.257805824279785,4.0
100,117,-7.4534010887146,3.4633402824401855,13.0
100,118,-5.031935691833496,2.735699415206909,14.0
100,119,-17.986438751220703,4.476627349853516,5.0
100,120,-13.15693187713623,6.550632953643799,55.0
100,121,-1.7854512929916382,1.8133037090301514,2.0
100,122,-3.061044216156006,4.620588779449463,2.0
100,123,-15.88427734375,7.282940864562988,19.0
100,124,-14.695280075073242,4.347182750701904,93.0
100,125,-19.552766799926758,26.01815414428711,455.0
100,126,-8.797082901000977,18.771896362304688,7.0
100,127,-26.963443756103516,846.2890014648438,2474.0
100,128,-1.3340482711791992,1.3057918548583984,1.0
100,129,-10.97118091583252,241.1913299560547,144.0
100,130,-6.122296333312988,1.8445394039154053,6.0
100,131,-7.10850715637207,2.035722255706787,4.0
100,132,-14.325896263122559,7.741199970245361,128.0
100,133,-11.246583938598633,2.77990460395813,4.0
100,134,-5.263758182525635,2.865525245666504,3.0
100,135,-7.54257345199585,4.520011901855469,9.0
100,136,-19.786359786987305,27.051071166992188,463.0
100,137,-6.241800308227539,4.760963439941406,4.0
100,138,-11.24024486541748,16.61093521118164,479.0
100,139,-6.657735347747803,27.906726837158203,20.0
100,140,-27.795684814453125,7.282003879547119,26.0
100,141,-3.471343755722046,2.002244472503662,4.0
100,142,-2.66616153717041,1.704432725906372,2.0
100,143,-1.7808115482330322,1.5608067512512207,2.0
100,144,-11.073518753051758,64441.8671875,792.0
100,145,-11.770998001098633,4.355218410491943,11.0
100,146,-10.549857139587402,2.1245524883270264,4.0
100,147,-11.044540405273438,9.105768203735352,48.0
100,148,-7.2031145095825195,2.798311948776245,3.0
