step,probe_index,log_prob,perplexity,target_rank
0,0,-9.164151191711426,2.768315553665161,6.0
0,1,-1.8173342943191528,1.8326776027679443,1.0
0,2,-10.430745124816895,32.3597412109375,194.0
0,3,-10.925397872924805,8.891356468200684,7.0
0,4,-25.223392486572266,16.487445831298828,77.0
0,5,-6.725339889526367,3.838447332382202,7.0
0,6,-9.099817276000977,20.76507568359375,28.0
0,7,-10.035368919372559,4.193870544433594,12.0
0,8,-16.306442260742188,58.94533920288086,174.0
0,9,-27.11750030517578,20.349483489990234,147.0
0,10,-15.311701774597168,5.481069087982178,38.0
0,11,-11.793163299560547,50.96067810058594,121.0
0,12,-22.202739715576172,11.786693572998047,138.0
0,13,-13.962907791137695,7.350006103515625,19.0
0,14,-64.724365234375,74.8104476928711,23078.0
0,15,-72.26078796386719,123.64143371582031,25618.0
0,16,-16.638242721557617,64.04338073730469,653.0
0,17,-5.143998146057129,2.085183620452881,4.0
0,18,-12.705595016479492,8.311161041259766,15.0
0,19,-15.886366844177246,7.2848429679870605,788.0
0,20,-7.231564998626709,3.337629795074463,6.0
0,21,-14.257333755493164,17.313156127929688,26.0
0,22,-3.021583080291748,1.6546627283096313,2.0
0,23,-13.003564834594727,6.408672332763672,19.0
0,24,-12.11605453491211,5.645534515380859,6.0
0,25,-9.706740379333496,6.968138694763184,11.0
0,26,-31.00131607055664,16.74837875366211,267.0
0,27,-1.0368226766586304,2.820241928100586,1.0
0,28,-19.732078552246094,8.957159042358398,45.0
0,29,-25.455476760864258,24.093320846557617,165.0
0,30,-6.173581123352051,2.7980709075927734,2.0
0,31,-7.802175998687744,3.6706278324127197,5.0
0,32,-19.937042236328125,769.4537963867188,42.0
0,33,-6.426212787628174,24.85618019104004,37.0
0,34,-10.787796974182129,14.834405899047852,25.0
0,35,-24.94593048095703,146.81690979003906,454.0
0,36,-3.8837268352508545,6.971730709075928,3.0
0,37,-24.18478012084961,3170.336669921875,3717.0
0,38,-30.853227615356445,82.07256317138672,109.0
0,39,-7.614039897918701,45.01608657836914,43.0
0,40,-31.59043312072754,193.46031188964844,1338.0
0,41,-16.847434997558594,67.48185729980469,131.0
0,42,-4.541231155395508,4.5437092781066895,12.0
0,43,-11.977179527282715,19.97127342224121,157.0
0,44,-17.703460693359375,365.45880126953125,1114.0
0,45,-14.278141975402832,35.500099182128906,183.0
0,46,-5.096831321716309,163.5030059814453,26.0
0,47,-6.515484809875488,3.680677890777588,4.0
0,48,-10.166696548461914,5.443647861480713,26.0
0,49,-4.363466262817383,4.282293796539307,5.0
0,50,-12.402587890625,493.3870544433594,452.0
0,51,-14.372041702270508,10.971930503845215,20.0
0,52,-5.663023948669434,4.11959981918335,6.0
0,53,-29.365612030029297,18.850908279418945,14.0
0,54,-29.7100830078125,41.007720947265625,2717.0
0,55,-8.83871078491211,9.112778663635254,8.0
0,56,-24.19872283935547,20.590717315673828,817.0
0,57,-42.403568267822266,200.4261932373047,3629.0
0,58,-8.886022567749023,9.221203804016113,71.0
0,59,-48.2607536315918,14.601921081542969,730.0
0,60,-13.122505187988281,79.3738021850586,221.0
0,61,-10.381918907165527,31.837337493896484,16.0
0,62,-29.16431427001953,1467.15234375,554.0
0,63,-9.224573135375977,3.735180377960205,7.0
0,64,-8.611099243164062,17.64348030090332,25.0
0,65,-46.043121337890625,65.74200439453125,695.0
0,66,-13.903463363647461,7.287853240966797,12.0
2,0,-9.236980438232422,2.7908079624176025,6.0
2,1,-1.8116223812103271,1.8291915655136108,1.0
2,2,-10.406253814697266,32.09663391113281,190.0
2,3,-10.99073600769043,9.008308410644531,7.0
2,4,-25.304954528808594,16.637542724609375,77.0
2,5,-6.773036956787109,3.875239133834839,7.0
2,6,-9.058412551879883,20.480453491210938,28.0
2,7,-10.082670211791992,4.222306251525879,12.0
2,8,-16.231122970581055,57.845794677734375,169.0
2,9,-27.099342346191406,20.308469772338867,143.0
2,10,-15.26496696472168,5.452681064605713,37.0
2,11,-11.742912292480469,50.11417770385742,121.0
2,12,-22.247127532958984,11.844966888427734,139.0
2,13,-13.953722953796387,7.340368747711182,19.0
2,14,-64.5374984741211,73.88426208496094,23046.0
2,15,-72.05301666259766,121.9406509399414,25558.0
2,16,-16.61910057067871,63.73762893676758,658.0
2,17,-5.161783218383789,2.0904881954193115,4.0
2,18,-12.665159225463867,8.25533676147461,15.0
2,19,-15.953112602233887,7.345876216888428,818.0
2,20,-7.231865882873535,3.337796688079834,6.0
2,21,-14.280284881591797,17.392810821533203,26.0
2,22,-3.0196123123168945,1.6541193723678589,2.0
2,23,-13.04128646850586,6.443300724029541,19.0
2,24,-12.065937042236328,5.605258941650391,6.0
2,25,-9.722030639648438,6.989480018615723,11.0
2,26,-30.940767288208008,16.656442642211914,267.0
2,27,-1.060531497001648,2.8879053592681885,1.0
2,28,-19.69906234741211,8.924359321594238,41.0
2,29,-25.47809600830078,24.161537170410156,167.0
2,30,-6.144082546234131,2.7843480110168457,2.0
2,31,-7.80988073348999,3.675344228744507,5.0
2,32,-19.869937896728516,752.4334106445312,41.0
2,33,-6.428244113922119,24.881439208984375,37.0
2,34,-10.795496940612793,14.862990379333496,25.0
2,35,-24.901565551757812,145.5199737548828,468.0
2,36,-3.8725366592407227,6.93283224105835,3.0
2,37,-24.234119415283203,3222.91064453125,3843.0
2,38,-30.770954132080078,81.11360168457031,108.0
2,39,-7.589126110076904,44.458805084228516,40.0
2,40,-31.71097755432129,197.38633728027344,1374.0
2,41,-16.867158889770508,67.8154296875,128.0
2,42,-4.553606033325195,4.562490463256836,12.0
2,43,-11.8706693649292,19.446504592895508,154.0
2,44,-17.738521575927734,369.7549133300781,1123.0
2,45,-14.31529712677002,35.83138656616211,184.0
2,46,-5.100985527038574,164.1836395263672,28.0
2,47,-6.527349472045898,3.689422130584717,4.0
2,48,-10.158757209777832,5.4364495277404785,26.0
2,49,-4.367300987243652,4.287771224975586,5.0
2,50,-12.397697448730469,492.18206787109375,453.0
2,51,-14.372543334960938,10.972847938537598,18.0
2,52,-5.645026206970215,4.101105213165283,6.0
2,53,-29.33425521850586,18.79189109802246,14.0
2,54,-29.703636169433594,40.97468948364258,2726.0
2,55,-8.818377494812012,9.066573143005371,8.0
2,56,-24.14969253540039,20.464906692504883,800.0
2,57,-42.40734100341797,200.52072143554688,3456.0
2,58,-8.922614097595215,9.30594539642334,70.0
2,59,-48.29148483276367,14.626872062683105,739.0
2,60,-13.143367767333984,79.92770385742188,225.0
2,61,-10.413854598999023,32.178062438964844,16.0
2,62,-29.22979164123535,1491.3662109375,549.0
2,63,-9.194437980651855,3.719135046005249,7.0
2,64,-8.626561164855957,17.734651565551758,25.0
2,65,-45.947715759277344,65.17427825927734,694.0
2,66,-13.812217712402344,7.193472385406494,11.0
4,0,-9.21499252319336,2.7839982509613037,6.0
4,1,-1.8203577995300293,1.83452570438385,1.0
4,2,-10.385157585144043,31.871726989746094,189.0
4,3,-10.970203399658203,8.971391677856445,7.0
4,4,-25.12401580810547,16.306394577026367,76.0
4,5,-6.777144432067871,3.8784241676330566,7.0
4,6,-9.081657409667969,20.639755249023438,28.0
4,7,-9.997257232666016,4.1710991859436035,12.0
4,8,-16.199186325073242,57.38578414916992,169.0
4,9,-26.988338470458984,20.059526443481445,145.0
4,10,-15.257495880126953,5.448156356811523,38.0
4,11,-11.765338897705078,50.49021530151367,121.0
4,12,-22.200984954833984,11.784395217895508,135.0
4,13,-13.937744140625,7.323631763458252,19.0
4,14,-62.60331344604492,64.94588470458984,20794.0
4,15,-70.13751220703125,107.32205963134766,23464.0
4,16,-16.557754516601562,62.767574310302734,634.0
4,17,-5.16436243057251,2.0912587642669678,4.0
4,18,-12.706097602844238,8.311856269836426,15.0
4,19,-15.908939361572266,7.305426597595215,791.0
4,20,-7.266897678375244,3.357342004776001,6.0
4,21,-14.214600563049316,17.165817260742188,25.0
4,22,-3.0619850158691406,1.6658421754837036,2.0
4,23,-13.062371253967285,6.462737560272217,19.0
4,24,-12.22860050201416,5.737037658691406,6.0
4,25,-9.674089431762695,6.922783374786377,11.0
4,26,-30.80610466003418,16.45377540588379,269.0
4,27,-1.0628557205200195,2.894625425338745,1.0
4,28,-19.708011627197266,8.93323802947998,41.0
4,29,-25.493459701538086,24.207983016967773,168.0
4,30,-6.172759056091309,2.797687530517578,2.0
4,31,-7.835256576538086,3.6909213066101074,5.0
4,32,-19.782241821289062,730.7566528320312,41.0
4,33,-6.448441028594971,25.133974075317383,37.0
4,34,-10.772629737854004,14.778263092041016,25.0
4,35,-24.939266204833984,146.6212921142578,458.0
4,36,-3.828916549682617,6.783263206481934,3.0
4,37,-24.170631408691406,3155.4208984375,3631.0
4,38,-30.6326904296875,79.52716064453125,107.0
4,39,-7.644862174987793,45.7152099609375,42.0
4,40,-31.279600143432617,183.69317626953125,1175.0
4,41,-16.790939331054688,66.53544616699219,126.0
4,42,-4.532291412353516,4.530189514160156,12.0
4,43,-11.945535659790039,19.81390380859375,156.0
4,44,-17.672000885009766,361.64642333984375,1103.0
4,45,-14.233656883239746,35.107479095458984,181.0
4,46,-5.100025177001953,164.02603149414062,27.0
4,47,-6.540516376495361,3.699151039123535,4.0
4,48,-10.217735290527344,5.490151405334473,26.0
4,49,-4.354189395904541,4.269071578979492,5.0
4,50,-12.402316093444824,493.32000732421875,463.0
4,51,-14.339923858642578,10.913354873657227,18.0
4,52,-5.633690357208252,4.089499473571777,6.0
4,53,-28.96560287475586,18.111738204956055,14.0
4,54,-29.465740203857422,39.77416229248047,2507.0
4,55,-8.774374961853027,8.967382431030273,8.0
4,56,-23.958904266357422,19.982624053955078,700.0
4,57,-41.05003356933594,169.22923278808594,1553.0
4,58,-8.88758373260498,9.224803924560547,70.0
4,59,-48.28450393676758,14.621199607849121,722.0
4,60,-13.212384223937988,81.78779602050781,236.0
4,61,-10.373343467712402,31.746456146240234,15.0
4,62,-28.828760147094727,1349.0960693359375,496.0
4,63,-9.131499290466309,3.685845136642456,7.0
4,64,-8.670641899108887,17.997159957885742,25.0
4,65,-45.90020751953125,64.89341735839844,687.0
4,66,-13.889244079589844,7.273064613342285,12.0
6,0,-9.125334739685059,2.756401777267456,6.0
6,1,-1.7954742908477783,1.8193721771240234,1.0
6,2,-10.341523170471191,31.411508560180664,192.0
6,3,-10.955900192260742,8.945762634277344,7.0
6,4,-24.844524383544922,15.80778980255127,75.0
6,5,-6.801939010620117,3.8977043628692627,7.0
6,6,-8.998502731323242,20.075517654418945,26.0
6,7,-10.052090644836426,4.203901290893555,12.0
6,8,-16.09585189819336,55.92228698730469,162.0
6,9,-26.853923797607422,19.76216697692871,143.0
6,10,-15.086565017700195,5.345660209655762,37.0
6,11,-11.643608093261719,48.482486724853516,116.0
6,12,-22.14786720275879,11.715046882629395,127.0
6,13,-13.888055801391602,7.271830081939697,19.0
6,14,-56.17139434814453,42.2988395690918,14387.0
6,15,-63.85477828979492,70.5968246459961,18134.0
6,16,-16.54091453552246,62.50387954711914,649.0
6,17,-5.183711051940918,2.0970468521118164,4.0
6,18,-12.812108993530273,8.4600191116333,14.0
6,19,-16.037555694580078,7.423825740814209,850.0
6,20,-7.3646697998046875,3.412499189376831,6.0
6,21,-14.144048690795898,16.925304412841797,26.0
6,22,-3.0998923778533936,1.676400065422058,2.0
6,23,-13.111698150634766,6.508439540863037,19.0
6,24,-12.40900707244873,5.886816501617432,6.0
6,25,-9.541336059570312,6.741397857666016,11.0
6,26,-30.643945693969727,16.212997436523438,263.0
6,27,-1.0633010864257812,2.8959147930145264,1.0
6,28,-19.466594696044922,8.696799278259277,39.0
6,29,-25.501605987548828,24.232646942138672,178.0
6,30,-6.130301475524902,2.7779603004455566,2.0
6,31,-7.814853191375732,3.678391695022583,5.0
6,32,-19.712688446044922,714.0093994140625,40.0
6,33,-6.386908054351807,24.372465133666992,37.0
6,34,-10.776784896850586,14.793623924255371,25.0
6,35,-24.837875366210938,143.6780548095703,442.0
6,36,-3.7773642539978027,6.610651016235352,2.0
6,37,-24.115474700927734,3097.935546875,3701.0
6,38,-30.417221069335938,77.11650848388672,105.0
6,39,-7.6587724685668945,46.034278869628906,43.0
6,40,-30.168476104736328,152.63958740234375,754.0
6,41,-16.751543045043945,65.88335418701172,129.0
6,42,-4.576793193817139,4.597891330718994,12.0
6,43,-11.853496551513672,19.363195419311523,152.0
6,44,-17.692913055419922,364.17620849609375,1109.0
6,45,-14.163374900817871,34.49601364135742,181.0
6,46,-5.058704376220703,157.386474609375,25.0
6,47,-6.583950996398926,3.7314248085021973,4.0
6,48,-10.139739036560059,5.41924524307251,26.0
6,49,-4.355533123016357,4.270984649658203,5.0
6,50,-12.382213592529297,488.3863525390625,475.0
6,51,-14.265993118286133,10.779708862304688,16.0
6,52,-5.5664896965026855,4.021369457244873,6.0
6,53,-28.085693359375,16.586172103881836,14.0
6,54,-28.72447395324707,36.25434494018555,1803.0
6,55,-8.794683456420898,9.013026237487793,8.0
6,56,-23.199832916259766,18.173765182495117,533.0
6,57,-35.59549331665039,85.57872009277344,764.0
6,58,-8.818663597106934,9.067221641540527,70.0
6,59,-48.341163635253906,14.667296409606934,705.0
6,60,-13.154363632202148,80.2212142944336,227.0
6,61,-10.449592590332031,32.56367492675781,15.0
6,62,-28.051904678344727,1110.9560546875,398.0
6,63,-9.045755386352539,3.640972375869751,7.0
6,64,-8.606334686279297,17.6154842376709,25.0
6,65,-45.729209899902344,63.89242172241211,691.0
6,66,-13.941230773925781,7.3272809982299805,12.0
8,0,-9.02228832244873,2.7250218391418457,6.0
8,1,-1.7425885200500488,1.7875802516937256,1.0
8,2,-10.18690013885498,29.833545684814453,184.0
8,3,-10.968822479248047,8.968913078308105,7.0
8,4,-24.295883178710938,14.872926712036133,79.0
8,5,-6.771823883056641,3.8742990493774414,6.0
8,6,-8.964214324951172,19.847368240356445,22.0
8,7,-9.97244644165039,4.156341075897217,12.0
8,8,-15.751651763916016,51.3114013671875,157.0
8,9,-26.614139556884766,19.24260139465332,134.0
8,10,-15.047403335571289,5.322449207305908,42.0
8,11,-11.647920608520508,48.55222702026367,124.0
8,12,-22.150009155273438,11.717835426330566,117.0
8,13,-13.941534996032715,7.327598571777344,23.0
8,14,-34.26182556152344,9.817060470581055,5891.0
8,15,-42.8226318359375,17.37169647216797,10233.0
8,16,-16.378753662109375,60.02063751220703,635.0
8,17,-5.275757789611816,2.1248042583465576,4.0
8,18,-13.007081985473633,8.739446640014648,15.0
8,19,-15.990255355834961,7.380061149597168,872.0
8,20,-7.492731094360352,3.486116886138916,6.0
8,21,-13.81356143951416,15.842754364013672,26.0
8,22,-3.1547889709472656,1.6918087005615234,2.0
8,23,-13.287846565246582,6.6742963790893555,23.0
8,24,-13.294939994812012,6.681062698364258,6.0
8,25,-9.402437210083008,6.556700229644775,11.0
8,26,-30.274580001831055,15.677623748779297,245.0
8,27,-1.126448392868042,3.084681510925293,1.0
8,28,-19.37850570678711,8.612092018127441,39.0
8,29,-25.147966384887695,23.184776306152344,185.0
8,30,-6.163811206817627,2.793518304824829,2.0
8,31,-7.846701145172119,3.697968006134033,5.0
8,32,-19.446826934814453,653.4561767578125,40.0
8,33,-6.378976345062256,24.275999069213867,36.0
8,34,-10.692566871643066,14.485406875610352,25.0
8,35,-24.80615234375,142.7693328857422,425.0
8,36,-3.608213424682617,6.074542999267578,2.0
8,37,-23.879276275634766,2863.382080078125,3556.0
8,38,-30.106552124023438,73.76882934570312,103.0
8,39,-7.605646133422852,44.82755661010742,41.0
8,40,-26.897235870361328,88.48848724365234,200.0
8,41,-16.66750717163086,64.5136489868164,128.0
8,42,-4.6043381690979,4.6403021812438965,12.0
8,43,-11.76260757446289,18.928180694580078,150.0
8,44,-17.66866683959961,361.2446594238281,1074.0
8,45,-14.052314758300781,33.5514030456543,187.0
8,46,-5.100918769836426,164.1726837158203,27.0
8,47,-6.666111469268799,3.7932465076446533,4.0
8,48,-10.0867919921875,5.371633052825928,22.0
8,49,-4.412252426147461,4.35250186920166,5.0
8,50,-12.292520523071289,466.9677734375,476.0
8,51,-14.090323448181152,10.468672752380371,15.0
8,52,-5.4502482414245605,3.9061882495880127,6.0
8,53,-24.973255157470703,12.149953842163086,14.0
8,54,-26.286855697631836,26.731882095336914,579.0
8,55,-8.625950813293457,8.640735626220703,8.0
8,56,-20.876514434814453,13.593127250671387,146.0
8,57,-29.91429901123047,42.06800079345703,540.0
8,58,-8.689720153808594,8.779592514038086,72.0
8,59,-48.16542434692383,14.52479076385498,612.0
8,60,-13.277976989746094,83.59573364257812,234.0
8,61,-10.504562377929688,33.16585159301758,15.0
8,62,-25.87531089782715,644.7274780273438,227.0
8,63,-8.874752044677734,3.5531044006347656,7.0
8,64,-8.465658187866211,16.808523178100586,25.0
8,65,-45.39932632446289,62.00478744506836,675.0
8,66,-13.992931365966797,7.381597995758057,14.0
10,0,-8.71461296081543,2.6334383487701416,5.0
10,1,-1.7031275033950806,1.7642208337783813,1.0
10,2,-10.060266494750977,28.60044288635254,179.0
10,3,-10.98637580871582,9.000455856323242,7.0
10,4,-24.355091094970703,14.971092224121094,83.0
10,5,-6.739534378051758,3.8493597507476807,6.0
10,6,-8.780101776123047,18.665943145751953,20.0
10,7,-9.862659454345703,4.091662883758545,11.0
10,8,-15.4312105178833,47.361167907714844,138.0
10,9,-26.556291580200195,19.11931610107422,125.0
10,10,-15.015974044799805,5.303895473480225,42.0
10,11,-11.49012565612793,46.06447219848633,122.0
10,12,-22.19603729248047,11.777917861938477,121.0
10,13,-13.858118057250977,7.2407965660095215,20.0
10,14,-29.95234489440918,7.3656182289123535,1434.0
10,15,-39.131988525390625,13.582731246948242,3336.0
10,16,-16.293701171875,58.75788116455078,645.0
10,17,-5.397210121154785,2.161992073059082,4.0
10,18,-13.043957710266113,8.79332447052002,15.0
10,19,-15.994537353515625,7.384012222290039,886.0
10,20,-7.438512802124023,3.4547572135925293,6.0
10,21,-13.775115013122559,15.721402168273926,27.0
10,22,-3.16542911529541,1.694811463356018,2.0
10,23,-13.448410987854004,6.829159259796143,21.0
10,24,-13.55767822265625,6.936596870422363,6.0
10,25,-9.4379243850708,6.6034016609191895,11.0
10,26,-29.836971282958984,15.066171646118164,235.0
10,27,-1.1824984550476074,3.262515068054199,1.0
10,28,-18.64176368713379,7.9351887702941895,29.0
10,29,-24.430255889892578,21.195354461669922,184.0
10,30,-6.132526397705078,2.7789905071258545,2.0
10,31,-7.93741512298584,3.754302740097046,5.0
10,32,-19.37847137451172,638.7354125976562,43.0
10,33,-6.311415195465088,23.46963882446289,37.0
10,34,-10.625035285949707,14.242904663085938,26.0
10,35,-24.67626190185547,139.10821533203125,382.0
10,36,-3.4278740882873535,5.550772190093994,2.0
10,37,-23.786815643310547,2776.477783203125,3599.0
10,38,-29.711387634277344,69.71977233886719,95.0
10,39,-7.54300594329834,43.4453125,40.0
10,40,-17.34636878967285,18.012420654296875,23.0
10,41,-16.604637145996094,63.5075798034668,130.0
10,42,-4.603185653686523,4.638519287109375,12.0
10,43,-11.84024429321289,19.299150466918945,155.0
10,44,-17.540771484375,346.1678771972656,1009.0
10,45,-14.02287483215332,33.30537414550781,187.0
10,46,-5.113216400146484,166.20407104492188,28.0
10,47,-6.729122161865234,3.8413524627685547,4.0
10,48,-9.933679580688477,5.236290454864502,21.0
10,49,-4.4918694496154785,4.469559192657471,5.0
10,50,-12.281245231628418,464.3425598144531,495.0
10,51,-13.919941902160645,10.175577163696289,12.0
10,52,-5.306696891784668,3.7684895992279053,6.0
10,53,-21.331283569335938,8.44123363494873,14.0
10,54,-21.499736785888672,14.694409370422363,95.0
10,55,-8.391125679016113,8.148072242736816,7.0
10,56,-16.51317596435547,7.878574371337891,143.0
10,57,-29.14857292175293,38.228126525878906,325.0
10,58,-8.600027084350586,8.584916114807129,73.0
10,59,-48.31779479980469,14.648265838623047,588.0
10,60,-13.368144035339355,86.14639282226562,224.0
10,61,-10.585014343261719,34.06730651855469,16.0
10,62,-20.29190444946289,159.64874267578125,242.0
10,63,-8.741581916809082,3.4861481189727783,8.0
10,64,-8.353377342224121,16.191057205200195,24.0
10,65,-44.5799560546875,57.55398941040039,640.0
10,66,-13.998453140258789,7.387423038482666,13.0
12,0,-8.672758102416992,2.6212198734283447,6.0
12,1,-1.6512830257415771,1.733994483947754,1.0
12,2,-9.788232803344727,26.12112045288086,156.0
12,3,-10.776570320129395,8.630599975585938,6.0
12,4,-24.79082489013672,15.713750839233398,89.0
12,5,-6.677825927734375,3.8021442890167236,6.0
12,6,-8.631132125854492,17.76169204711914,18.0
12,7,-9.890889167785645,4.10819673538208,11.0
12,8,-15.136486053466797,43.99700164794922,125.0
12,9,-26.099205017089844,18.17253875732422,119.0
12,10,-14.991669654846191,5.289592266082764,42.0
12,11,-11.381704330444336,44.42940139770508,123.0
12,12,-22.146976470947266,11.713887214660645,139.0
12,13,-13.870765686035156,7.253890514373779,20.0
12,14,-26.043731689453125,5.676011562347412,248.0
12,15,-35.41730499267578,10.60317611694336,708.0
12,16,-16.302879333496094,58.89285659790039,678.0
12,17,-5.20836067199707,2.1044445037841797,4.0
12,18,-12.895248413085938,8.578062057495117,16.0
12,19,-15.85983943939209,7.2607269287109375,845.0
12,20,-7.187143802642822,3.3130102157592773,6.0
12,21,-13.839573860168457,15.925392150878906,29.0
12,22,-3.052480459213257,1.6632053852081299,2.0
12,23,-13.28549575805664,6.672055721282959,15.0
12,24,-12.97078800201416,6.378735065460205,6.0
12,25,-9.439233779907227,6.605130672454834,10.0
12,26,-29.327451705932617,14.384223937988281,221.0
12,27,-1.1883012056350708,3.2815017700195312,1.0
12,28,-17.764677047729492,7.198358535766602,22.0
12,29,-24.752727508544922,22.067169189453125,186.0
12,30,-6.168686866760254,2.7957892417907715,2.0
12,31,-7.964653491973877,3.7713849544525146,4.0
12,32,-19.504436492919922,666.1258544921875,45.0
12,33,-6.4160332679748535,24.729990005493164,38.0
12,34,-10.508122444152832,13.832634925842285,26.0
12,35,-24.644058227539062,138.21514892578125,373.0
12,36,-3.277336597442627,5.148308753967285,2.0
12,37,-23.66995620727539,2670.405517578125,3129.0
12,38,-29.964309692382812,72.28494262695312,78.0
12,39,-7.4853105545043945,42.209922790527344,35.0
12,40,-16.33902359008789,15.228528022766113,22.0
12,41,-16.47576332092285,61.49407196044922,131.0
12,42,-4.538844585418701,4.540096282958984,12.0
12,43,-11.904621124267578,19.612266540527344,169.0
12,44,-17.13257598876953,302.13043212890625,859.0
12,45,-14.064075469970703,33.65019607543945,190.0
12,46,-5.043004512786865,154.934814453125,28.0
12,47,-6.725841522216797,3.8388326168060303,4.0
12,48,-9.995630264282227,5.290635585784912,21.0
12,49,-4.557318687438965,4.568140506744385,5.0
12,50,-12.158744812011719,436.7550048828125,458.0
12,51,-13.73555850982666,9.867629051208496,11.0
12,52,-5.258304595947266,3.723172426223755,6.0
12,53,-19.889379501342773,7.307768821716309,13.0
12,54,-20.49078369140625,12.953266143798828,91.0
12,55,-8.199446678161621,7.766826629638672,6.0
12,56,-15.342778205871582,6.806290626525879,118.0
12,57,-28.73516845703125,36.30284118652344,301.0
12,58,-8.54509449005127,8.467824935913086,72.0
12,59,-48.41964340209961,14.731386184692383,612.0
12,60,-13.5278902053833,90.85791778564453,230.0
12,61,-10.486306190490723,32.96464157104492,15.0
12,62,-19.684059143066406,137.14170837402344,235.0
12,63,-8.675504684448242,3.453395128250122,8.0
12,64,-8.30268669128418,15.91977596282959,25.0
12,65,-44.01405715942383,54.667964935302734,615.0
12,66,-13.702276229858398,7.081374645233154,12.0
14,0,-8.75024127960205,2.6438839435577393,6.0
14,1,-1.5778958797454834,1.6920913457870483,1.0
14,2,-9.452509880065918,23.35559844970703,129.0
14,3,-10.510848045349121,8.183905601501465,6.0
14,4,-24.980449676513672,16.04833984375,105.0
14,5,-6.590803146362305,3.736542224884033,6.0
14,6,-8.256322860717773,15.67563533782959,17.0
14,7,-9.822360038757324,4.068173885345459,11.0
14,8,-14.73340129852295,39.779441833496094,118.0
14,9,-25.780649185180664,17.540569305419922,115.0
14,10,-14.941265106201172,5.260049819946289,47.0
14,11,-11.298538208007812,43.21464157104492,120.0
14,12,-22.275598526000977,11.88249683380127,179.0
14,13,-13.537784576416016,6.9169111251831055,18.0
14,14,-21.466449737548828,4.183284282684326,73.0
14,15,-30.179698944091797,7.478107929229736,200.0
14,16,-16.23775863647461,57.94183349609375,691.0
14,17,-4.970479965209961,2.034130811691284,4.0
14,18,-12.771025657653809,8.402290344238281,16.0
14,19,-15.37791633605957,6.836251258850098,730.0
14,20,-6.848445892333984,3.1311724185943604,6.0
14,21,-13.935596466064453,16.234188079833984,26.0
14,22,-2.836165189743042,1.6043107509613037,2.0
14,23,-13.415691375732422,6.797313213348389,15.0
14,24,-12.214460372924805,5.725460052490234,6.0
14,25,-9.51400375366211,6.704647064208984,6.0
14,26,-28.262248992919922,13.056621551513672,223.0
14,27,-1.1171238422393799,3.056051731109619,1.0
14,28,-16.232450485229492,6.071499347686768,17.0
14,29,-24.412311553955078,21.147865295410156,175.0
14,30,-6.404812812805176,2.9080092906951904,2.0
14,31,-7.967215538024902,3.772995948791504,4.0
14,32,-19.864990234375,751.1937255859375,49.0
14,33,-6.419034481048584,24.767126083374023,37.0
14,34,-10.231036186218262,12.906861305236816,24.0
14,35,-24.218799591064453,126.9457778930664,338.0
14,36,-3.155115842819214,4.843113899230957,2.0
14,37,-22.99440574645996,2131.970703125,2181.0
14,38,-30.32331657409668,76.08891296386719,65.0
14,39,-7.336365699768066,39.18064498901367,30.0
14,40,-15.96572494506836,14.309938430786133,22.0
14,41,-16.301189422607422,58.86798095703125,133.0
14,42,-4.473814964294434,4.442741394042969,12.0
14,43,-11.54069995880127,17.906700134277344,180.0
14,44,-16.266094207763672,226.3384246826172,603.0
14,45,-14.035844802856445,33.41353988647461,184.0
14,46,-4.949764251708984,141.14169311523438,26.0
14,47,-6.818215370178223,3.9104132652282715,4.0
14,48,-10.1563720703125,5.434288501739502,21.0
14,49,-4.633562088012695,4.685725212097168,5.0
14,50,-12.053580284118652,414.3827819824219,411.0
14,51,-13.401849746704102,9.333794593811035,9.0
14,52,-5.1914520263671875,3.661463737487793,6.0
14,53,-18.940553665161133,6.646267414093018,14.0
14,54,-19.667579650878906,11.686653137207031,88.0
14,55,-7.844907760620117,7.108043193817139,6.0
14,56,-14.52227783203125,6.142825603485107,130.0
14,57,-28.20008087158203,33.95411682128906,301.0
14,58,-8.44440746307373,8.25733470916748,70.0
14,59,-48.621131896972656,14.897211074829102,713.0
14,60,-13.786524772644043,99.03844451904297,241.0
14,61,-10.499675750732422,33.111873626708984,16.0
14,62,-19.27952766418457,123.95045471191406,223.0
14,63,-8.625709533691406,3.4289162158966064,8.0
14,64,-8.117219924926758,14.965387344360352,23.0
14,65,-43.1643180847168,50.603912353515625,619.0
14,66,-13.547551155090332,6.926568508148193,11.0
16,0,-8.926837921142578,2.6962742805480957,6.0
16,1,-1.4579799175262451,1.6257890462875366,1.0
16,2,-9.184268951416016,21.357929229736328,114.0
16,3,-9.987102508544922,7.370020866394043,6.0
16,4,-25.148773193359375,16.3513126373291,111.0
16,5,-6.580790042877197,3.729067087173462,6.0
16,6,-8.007026672363281,14.425666809082031,17.0
16,7,-9.774932861328125,4.040704250335693,11.0
16,8,-14.292217254638672,35.625240325927734,102.0
16,9,-25.3760929107666,16.769567489624023,107.0
16,10,-14.711180686950684,5.127281665802002,52.0
16,11,-11.160157203674316,41.26655960083008,118.0
16,12,-22.177444458007812,11.753610610961914,221.0
16,13,-13.565872192382812,6.944720268249512,21.0
16,14,-17.905826568603516,3.299337863922119,49.0
16,15,-25.701019287109375,5.547799110412598,97.0
16,16,-16.157615661621094,56.792476654052734,694.0
16,17,-4.815107345581055,1.989478349685669,4.0
16,18,-12.73404312133789,8.350659370422363,17.0
16,19,-15.06787109375,6.576376914978027,667.0
16,20,-6.5323286056518555,2.970473527908325,6.0
16,21,-13.840002059936523,15.92675495147705,26.0
16,22,-2.6177961826324463,1.5469717979431152,2.0
16,23,-13.713183403015137,7.092417240142822,14.0
16,24,-11.83640193939209,5.424439430236816,6.0
16,25,-9.538896560668945,6.738109111785889,5.0
16,26,-27.461326599121094,12.139739036560059,233.0
16,27,-1.1094619035720825,3.0327260494232178,1.0
16,28,-15.07878589630127,5.341041564941406,10.0
16,29,-23.881832122802734,19.791034698486328,154.0
16,30,-6.511281490325928,2.9600718021392822,2.0
16,31,-7.964328289031982,3.7711803913116455,4.0
16,32,-19.913713455200195,763.4935302734375,53.0
16,33,-6.405358791351318,24.598350524902344,38.0
16,34,-10.100146293640137,12.491351127624512,26.0
16,35,-24.016681671142578,121.91647338867188,304.0
16,36,-3.0608668327331543,4.620179176330566,2.0
16,37,-22.619075775146484,1881.2503662109375,1734.0
16,38,-30.17405891418457,74.4836654663086,51.0
16,39,-7.117706298828125,35.12289047241211,20.0
16,40,-16.233888626098633,14.96401309967041,21.0
16,41,-16.229190826416016,57.8178596496582,142.0
16,42,-4.4284234046936035,4.376026153564453,13.0
16,43,-11.01344108581543,15.695282936096191,174.0
16,44,-15.349275588989258,166.73822021484375,412.0
16,45,-14.091268539428711,33.879737854003906,174.0
16,46,-4.81839656829834,123.7664794921875,22.0
16,47,-6.811800956726074,3.905400037765503,4.0
16,48,-10.215608596801758,5.488205909729004,21.0
16,49,-4.612351417541504,4.652712821960449,5.0
16,50,-11.816155433654785,367.99810791015625,369.0
16,51,-13.287893295288086,9.158193588256836,9.0
16,52,-4.995494842529297,3.4864141941070557,6.0
16,53,-18.550479888916016,6.39200496673584,13.0
16,54,-19.58761215209961,11.570417404174805,84.0
16,55,-7.404533386230469,6.367031574249268,5.0
16,56,-14.412420272827148,6.059047222137451,139.0
16,57,-27.5411376953125,31.269468307495117,300.0
16,58,-8.329024314880371,8.02254867553711,63.0
16,59,-48.461761474609375,14.765894889831543,820.0
16,60,-13.80215835571289,99.55591583251953,235.0
16,61,-10.509453773498535,33.219970703125,16.0
16,62,-19.233829498291016,122.54244232177734,229.0
16,63,-8.545022010803223,3.3896186351776123,8.0
16,64,-7.940502166748047,14.109299659729004,20.0
16,65,-42.65679168701172,48.3221549987793,579.0
16,66,-13.439535140991211,6.820505142211914,10.0
18,0,-8.781157493591309,2.652981758117676,6.0
18,1,-1.3376408815383911,1.5618644952774048,1.0
18,2,-9.049497604370117,20.4196834564209,107.0
18,3,-9.428568840026855,6.591057777404785,5.0
18,4,-25.309791564941406,16.646486282348633,104.0
18,5,-6.614225387573242,3.754086971282959,6.0
18,6,-7.8922953605651855,13.884390830993652,17.0
18,7,-9.701627731323242,3.998610258102417,11.0
18,8,-13.658317565917969,30.404157638549805,78.0
18,9,-25.20782470703125,16.458951950073242,90.0
18,10,-14.343120574951172,4.921827793121338,52.0
18,11,-11.033878326416016,39.565574645996094,107.0
18,12,-21.84751319885254,11.330535888671875,244.0
18,13,-13.441073417663574,6.822004795074463,22.0
18,14,-14.881772994995117,2.6969411373138428,32.0
18,15,-21.960927963256836,4.323485374450684,71.0
18,16,-16.245914459228516,58.060096740722656,742.0
18,17,-4.674251556396484,1.9498456716537476,4.0
18,18,-12.700838088989258,8.304572105407715,17.0
18,19,-14.685113906860352,6.269140243530273,629.0
18,20,-6.281209945678711,2.8487160205841064,6.0
18,21,-13.597561836242676,15.17292308807373,25.0
18,22,-2.415989875793457,1.4958056211471558,2.0
18,23,-13.792047500610352,7.172773838043213,14.0
18,24,-11.4370698928833,5.123650550842285,5.0
18,25,-9.57271671295166,6.783840656280518,5.0
18,26,-26.240631103515625,10.864622116088867,222.0
18,27,-1.028907299041748,2.798006772994995,1.0
18,28,-14.022865295410156,4.749770164489746,9.0
18,29,-23.1331729888916,18.02296257019043,124.0
18,30,-6.499106407165527,2.954071521759033,2.0
18,31,-7.859500885009766,3.7058653831481934,4.0
18,32,-19.961498260498047,775.7520141601562,53.0
18,33,-6.486251354217529,25.613658905029297,38.0
18,34,-10.172294616699219,12.718704223632812,26.0
18,35,-23.699636459350586,114.42588806152344,277.0
18,36,-2.939678192138672,4.348535537719727,2.0
18,37,-22.241796493530273,1658.93701171875,1258.0
18,38,-30.227293014526367,75.0522689819336,53.0
18,39,-6.821264266967773,30.284381866455078,16.0
18,40,-16.300086975097656,15.130025863647461,21.0
18,41,-15.972765922546387,54.22768020629883,132.0
18,42,-4.423342227935791,4.368620872497559,13.0
18,43,-10.658844947814941,14.363801956176758,166.0
18,44,-14.555954933166504,127.99420928955078,262.0
18,45,-14.044328689575195,33.48448181152344,161.0
18,46,-4.745739459991455,115.09288024902344,22.0
18,47,-6.810788154602051,3.9046084880828857,4.0
18,48,-10.177356719970703,5.453328609466553,21.0
18,49,-4.583620071411133,4.6083664894104,5.0
18,50,-11.638103485107422,336.6526794433594,326.0
18,51,-13.013941764831543,8.749445915222168,9.0
18,52,-4.85004186630249,3.3619141578674316,6.0
18,53,-17.66085433959961,5.847916126251221,11.0
18,54,-19.4464111328125,11.367988586425781,83.0
18,55,-6.896488666534424,5.607595920562744,5.0
18,56,-14.29867172241211,5.973505973815918,178.0
18,57,-27.000717163085938,29.226903915405273,308.0
18,58,-8.0335693359375,7.451328754425049,54.0
18,59,-48.00224304199219,14.393709182739258,838.0
18,60,-14.026701927185059,107.29341125488281,257.0
18,61,-10.535944938659668,33.514617919921875,17.0
18,62,-19.368370056152344,126.73426818847656,230.0
18,63,-8.3697509765625,3.305800676345825,8.0
18,64,-7.665961265563965,12.875426292419434,16.0
18,65,-42.720664978027344,48.60355758666992,592.0
18,66,-13.058664321899414,6.459316253662109,10.0
20,0,-8.544622421264648,2.584165334701538,6.0
20,1,-1.327340841293335,1.556511402130127,1.0
20,2,-8.931777954101562,19.633934020996094,98.0
20,3,-9.095771789550781,6.166641712188721,5.0
20,4,-25.490097045898438,16.983341217041016,92.0
20,5,-6.504697322845459,3.6727452278137207,5.0
20,6,-7.7473554611206055,13.229535102844238,14.0
20,7,-9.532849311828613,3.9033517837524414,10.0
20,8,-13.18398666381836,27.004314422607422,66.0
20,9,-24.928863525390625,15.95661735534668,89.0
20,10,-14.106122970581055,4.7939133644104,53.0
20,11,-11.087082862854004,40.273521423339844,117.0
20,12,-21.57953643798828,10.99814224243164,228.0
20,13,-12.91926383972168,6.331955432891846,17.0
20,14,-12.560484886169434,2.3102729320526123,24.0
20,15,-19.132308959960938,3.5804457664489746,56.0
20,16,-16.174266815185547,57.029388427734375,723.0
20,17,-4.592089653015137,1.9270933866500854,4.0
20,18,-12.781229019165039,8.41659164428711,19.0
20,19,-14.406739234924316,6.054746150970459,586.0
20,20,-6.187859535217285,2.8047375679016113,5.0
20,21,-13.447669982910156,14.724811553955078,21.0
20,22,-2.199258804321289,1.442738652229309,1.0
20,23,-13.43934154510498,6.820316791534424,13.0
20,24,-11.147045135498047,4.915704250335693,4.0
20,25,-9.684656143188477,6.937428951263428,5.0
20,26,-24.726573944091797,9.467552185058594,185.0
20,27,-0.9514982104301453,2.5895864963531494,1.0
20,28,-12.952685356140137,4.217267036437988,6.0
20,29,-22.033279418945312,15.707839965820312,106.0
20,30,-6.42996883392334,2.920227289199829,2.0
20,31,-7.914730072021484,3.7401351928710938,4.0
20,32,-19.94619369506836,771.8045043945312,52.0
20,33,-6.612447261810303,27.281904220581055,39.0
20,34,-10.205682754516602,12.825311660766602,26.0
20,35,-23.38994026184082,107.553466796875,246.0
20,36,-2.915543556213379,4.296375751495361,2.0
20,37,-21.757980346679688,1411.8558349609375,901.0
20,38,-30.222103118896484,74.99664306640625,52.0
20,39,-6.562056541442871,26.603113174438477,15.0
20,40,-16.07969856262207,14.58436107635498,22.0
20,41,-15.868094444274902,52.82706069946289,120.0
20,42,-4.445194244384766,4.400557994842529,12.0
20,43,-10.466733932495117,13.690244674682617,180.0
20,44,-13.921470642089844,103.59510040283203,157.0
20,45,-13.93377685546875,32.571712493896484,146.0
20,46,-4.661460876464844,105.79051971435547,20.0
20,47,-6.797284126281738,3.8940773010253906,4.0
20,48,-10.189992904663086,5.464825630187988,21.0
20,49,-4.519266128540039,4.510563373565674,5.0
20,50,-11.562484741210938,324.16168212890625,308.0
20,51,-12.840709686279297,8.500444412231445,9.0
20,52,-4.895557403564453,3.4003872871398926,6.0
20,53,-16.5340576171875,5.224743843078613,11.0
20,54,-18.973989486694336,10.71611499786377,78.0
20,55,-6.436532974243164,4.998476982116699,5.0
20,56,-14.012889862060547,5.763882637023926,196.0
20,57,-26.224288940429688,26.52363395690918,294.0
20,58,-7.946288585662842,7.290500640869141,53.0
20,59,-47.39793014526367,13.918492317199707,820.0
20,60,-14.066694259643555,108.7332992553711,254.0
20,61,-10.533479690551758,33.48708724975586,17.0
20,62,-19.245952606201172,122.91439819335938,214.0
20,63,-8.447381019592285,3.3426661491394043,9.0
20,64,-7.528426170349121,12.298478126525879,15.0
20,65,-43.04792022705078,50.07126998901367,590.0
20,66,-12.768714904785156,6.19722843170166,7.0
22,0,-8.375031471252441,2.535926580429077,6.0
22,1,-1.3658537864685059,1.5766220092773438,1.0
22,2,-8.72879409790039,18.349422454833984,88.0
22,3,-8.7501802444458,5.754810333251953,5.0
22,4,-25.32990837097168,16.683734893798828,81.0
22,5,-6.480145454406738,3.654755115509033,5.0
22,6,-7.557985305786133,12.420251846313477,12.0
22,7,-9.28187370300293,3.7658815383911133,10.0
22,8,-12.447518348693848,22.463226318359375,53.0
22,9,-24.41364288330078,15.068808555603027,83.0
22,10,-13.886688232421875,4.67844295501709,54.0
22,11,-10.978714942932129,38.84469985961914,111.0
22,12,-21.36526107788086,10.739384651184082,209.0
22,13,-12.470361709594727,5.938640117645264,15.0
22,14,-10.894723892211914,2.0674476623535156,15.0
22,15,-16.87734603881836,3.0806987285614014,36.0
22,16,-16.177223205566406,57.07155227661133,732.0
22,17,-4.368588447570801,1.8665355443954468,4.0
22,18,-12.625371932983398,8.200775146484375,19.0
22,19,-14.089876174926758,5.819617748260498,523.0
22,20,-5.915149688720703,2.6801111698150635,5.0
22,21,-13.439696311950684,14.701348304748535,17.0
22,22,-2.044086456298828,1.405904769897461,1.0
22,23,-13.08498477935791,6.483649730682373,13.0
22,24,-11.002902030944824,4.815515995025635,4.0
22,25,-9.638002395629883,6.87299919128418,4.0
22,26,-23.133380889892578,8.19098949432373,151.0
22,27,-0.8284517526626587,2.2897708415985107,1.0
22,28,-11.504776000976562,3.5905606746673584,6.0
22,29,-21.068950653076172,13.924068450927734,90.0
22,30,-6.417688369750977,2.9142565727233887,2.0
22,31,-7.866186141967773,3.7099967002868652,4.0
22,32,-19.812744140625,738.2245483398438,47.0
22,33,-6.5563154220581055,26.526857376098633,39.0
22,34,-10.267594337463379,13.025364875793457,26.0
22,35,-22.710206985473633,93.88224792480469,207.0
22,36,-2.9255211353302,4.3178629875183105,2.0
22,37,-21.507888793945312,1298.9302978515625,678.0
22,38,-30.072216033935547,73.4078598022461,51.0
22,39,-6.303729057312012,23.379615783691406,11.0
22,40,-15.54666519165039,13.344588279724121,21.0
22,41,-15.729044914245605,51.022220611572266,113.0
22,42,-4.3968505859375,4.33021354675293,12.0
22,43,-10.348930358886719,13.292933464050293,194.0
22,44,-13.321943283081055,84.8298568725586,104.0
22,45,-13.888532638549805,32.20536804199219,139.0
22,46,-4.555411338806152,95.14588165283203,17.0
22,47,-6.654053688049316,3.7841100692749023,4.0
22,48,-10.140271186828613,5.41972541809082,20.0
22,49,-4.428349018096924,4.375917911529541,5.0
22,50,-11.491325378417969,312.83087158203125,275.0
22,51,-12.665168762207031,8.255351066589355,7.0
22,52,-4.965104579925537,3.460026264190674,6.0
22,53,-15.320038795471191,4.627440452575684,10.0
22,54,-18.445695877075195,10.031317710876465,76.0
22,55,-5.998013019561768,4.479463577270508,4.0
22,56,-13.556432723999023,5.444217681884766,204.0
22,57,-25.441308975219727,24.050687789916992,282.0
22,58,-7.847867965698242,7.113305568695068,48.0
22,59,-47.02916717529297,13.636246681213379,774.0
22,60,-14.130821228027344,111.08257293701172,266.0
22,61,-10.418252944946289,32.22526931762695,16.0
22,62,-19.062835693359375,117.41433715820312,213.0
22,63,-8.450119018554688,3.3439738750457764,9.0
22,64,-7.323498725891113,11.486429214477539,14.0
22,65,-43.058319091796875,50.118621826171875,607.0
22,66,-12.259807586669922,5.762670993804932,7.0
24,0,-8.247472763061523,2.5002379417419434,6.0
24,1,-1.35164213180542,1.5691708326339722,1.0
24,2,-8.765837669372559,18.57740020751953,89.0
24,3,-8.629060745239258,5.617081165313721,5.0
24,4,-25.32981300354004,16.683555603027344,83.0
24,5,-6.4142255783081055,3.606887102127075,5.0
24,6,-7.305016994476318,11.415884017944336,10.0
24,7,-9.129029273986816,3.684544801712036,10.0
24,8,-11.720868110656738,18.7316951751709,42.0
24,9,-23.93012237548828,14.280607223510742,82.0
24,10,-13.634952545166016,4.5493974685668945,48.0
24,11,-10.850814819335938,37.223426818847656,101.0
24,12,-21.275405883789062,10.632699012756348,206.0
24,13,-12.37156867980957,5.855416297912598,13.0
24,14,-9.758865356445312,1.916673183441162,15.0
24,15,-15.165617942810059,2.7484610080718994,28.0
24,16,-15.994377136230469,54.521453857421875,677.0
24,17,-4.284276008605957,1.8441885709762573,3.0
24,18,-12.220243453979492,7.665327072143555,19.0
24,19,-13.794861793518066,5.608917236328125,440.0
24,20,-5.8007097244262695,2.629477024078369,5.0
24,21,-13.468143463134766,14.785231590270996,17.0
24,22,-1.985194444656372,1.3921728134155273,1.0
24,23,-12.960868835449219,6.369702339172363,13.0
24,24,-10.931880950927734,4.766904830932617,4.0
24,25,-9.723442077636719,6.991453647613525,4.0
24,26,-22.017337799072266,7.400712013244629,134.0
24,27,-0.7458117008209229,2.108151912689209,1.0
24,28,-10.460537910461426,3.197220802307129,6.0
24,29,-20.039325714111328,12.242527961730957,72.0
24,30,-6.535245895385742,2.9719183444976807,2.0
24,31,-7.71990442276001,3.6206400394439697,4.0
24,32,-19.393957138061523,642.041259765625,44.0
24,33,-6.323911190032959,23.616735458374023,37.0
24,34,-10.368836402893066,13.359251022338867,26.0
24,35,-22.00403594970703,81.51666259765625,185.0
24,36,-2.89434552192688,4.2510786056518555,2.0
24,37,-21.440401077270508,1270.0361328125,581.0
24,38,-29.743152618408203,70.03688049316406,48.0
24,39,-6.167755126953125,21.84293556213379,10.0
24,40,-14.73532485961914,11.65677547454834,22.0
24,41,-15.42611312866211,47.30084991455078,107.0
24,42,-4.400097370147705,4.334902763366699,12.0
24,43,-10.187588691711426,12.767427444458008,186.0
24,44,-12.794578552246094,71.15493774414062,72.0
24,45,-13.839712142944336,31.814687728881836,123.0
24,46,-4.484148025512695,88.60143280029297,15.0
24,47,-6.533935546875,3.6942853927612305,4.0
24,48,-10.029483795166016,5.320571422576904,18.0
24,49,-4.367998123168945,4.288767337799072,5.0
24,50,-11.357009887695312,292.51177978515625,240.0
24,51,-12.549026489257812,8.097086906433105,7.0
24,52,-4.807199478149414,3.3260982036590576,6.0
24,53,-14.129271507263184,4.107962608337402,10.0
24,54,-17.85242462158203,9.31432056427002,76.0
24,55,-5.743791103363037,4.203627109527588,4.0
24,56,-13.235079765319824,5.229862689971924,190.0
24,57,-24.59091567993164,21.62531280517578,272.0
24,58,-7.557061195373535,6.61450719833374,43.0
24,59,-46.67897033691406,13.373512268066406,731.0
24,60,-14.083917617797852,109.35934448242188,281.0
24,61,-10.293474197387695,30.91242218017578,16.0
24,62,-18.903888702392578,112.84014129638672,220.0
24,63,-8.330297470092773,3.2872209548950195,8.0
24,64,-7.097930908203125,10.654443740844727,11.0
24,65,-42.922969818115234,49.505714416503906,611.0
24,66,-11.755484580993652,5.362095832824707,6.0
26,0,-8.176666259765625,2.480644702911377,6.0
26,1,-1.301792860031128,1.5433123111724854,1.0
26,2,-9.313956260681152,22.30146026611328,114.0
26,3,-8.487394332885742,5.460164546966553,5.0
26,4,-25.14307403564453,16.340961456298828,82.0
26,5,-6.423137664794922,3.6133217811584473,5.0
26,6,-7.075935363769531,10.57661247253418,10.0
26,7,-8.934741020202637,3.5836849212646484,10.0
26,8,-11.05561351776123,15.8616361618042,34.0
26,9,-23.558326721191406,13.702685356140137,86.0
26,10,-13.367079734802246,4.415985584259033,46.0
26,11,-10.666348457336426,35.0035514831543,93.0
26,12,-21.130538940429688,10.462921142578125,199.0
26,13,-12.192909240722656,5.707860469818115,12.0
26,14,-8.955916404724121,1.8167716264724731,16.0
26,15,-13.823970794677734,2.513303756713867,18.0
26,16,-15.634315490722656,49.82809066772461,593.0
26,17,-4.3563079833984375,1.8632638454437256,2.0
26,18,-11.863500595092773,7.222853660583496,20.0
26,19,-13.822342872619629,5.628218173980713,423.0
26,20,-5.796088218688965,2.6274523735046387,5.0
26,21,-13.570874214172363,15.092150688171387,18.0
26,22,-1.9582182168960571,1.385927677154541,1.0
26,23,-12.9187593460083,6.331499099731445,13.0
26,24,-11.003506660461426,4.815932273864746,4.0
26,25,-9.660144805908203,6.903503894805908,4.0
26,26,-21.363780975341797,6.973811626434326,127.0
26,27,-0.6977035999298096,2.0091335773468018,1.0
26,28,-9.740035057067871,2.951241970062256,4.0
26,29,-19.357868194580078,11.242862701416016,57.0
26,30,-6.550270080566406,2.9793694019317627,2.0
26,31,-7.565207004547119,3.52848219871521,4.0
26,32,-19.00794792175293,564.5239868164062,42.0
26,33,-6.091310977935791,21.023807525634766,36.0
26,34,-10.334449768066406,13.244897842407227,26.0
26,35,-21.344926834106445,71.4490966796875,167.0
26,36,-2.8351786136627197,4.127159118652344,2.0
26,37,-21.296905517578125,1210.7176513671875,584.0
26,38,-28.998620986938477,62.9701042175293,45.0
26,39,-5.917537689208984,19.274227142333984,8.0
26,40,-14.21995735168457,10.697317123413086,22.0
26,41,-15.219633102416992,44.92112731933594,102.0
26,42,-4.414633750915527,4.355958461761475,12.0
26,43,-10.097375869750977,12.48270320892334,180.0
26,44,-12.304220199584961,60.42522048950195,53.0
26,45,-13.84570598602295,31.862394332885742,121.0
26,46,-4.415668487548828,82.73713684082031,12.0
26,47,-6.359177589416504,3.567394733428955,4.0
26,48,-9.904335975646973,5.2107439041137695,18.0
26,49,-4.351677894592285,4.265499114990234,5.0
26,50,-11.317854881286621,286.8408203125,232.0
26,51,-12.370858192443848,7.860182285308838,8.0
26,52,-4.645683288574219,3.1944687366485596,6.0
26,53,-13.4560546875,3.8405113220214844,10.0
26,54,-17.543682098388672,8.961702346801758,75.0
26,55,-5.67041015625,4.127213478088379,4.0
26,56,-13.04849910736084,5.109300136566162,180.0
26,57,-23.84433937072754,19.69849967956543,255.0
26,58,-7.362317085266113,6.300186634063721,35.0
26,59,-46.398109436035156,13.166460990905762,744.0
26,60,-14.081533432006836,109.27245330810547,298.0
26,61,-10.18404769897461,29.805192947387695,16.0
26,62,-18.674999237060547,106.56443786621094,240.0
26,63,-8.174314498901367,3.214780807495117,9.0
26,64,-6.882534503936768,9.916284561157227,9.0
26,65,-42.343780517578125,46.96649932861328,570.0
26,66,-11.295244216918945,5.020885467529297,5.0
28,0,-8.149057388305664,2.4730467796325684,5.0
28,1,-1.2691742181777954,1.5266228914260864,1.0
28,2,-9.726686477661133,25.590694427490234,136.0
28,3,-8.423860549926758,5.3912224769592285,5.0
28,4,-24.89988136291504,15.905318260192871,79.0
28,5,-6.486961841583252,3.659741163253784,5.0
28,6,-6.882655143737793,9.916681289672852,11.0
28,7,-8.83174991607666,3.531343936920166,9.0
28,8,-10.569972038269043,14.048182487487793,33.0
28,9,-23.243427276611328,13.231534957885742,92.0
28,10,-13.11917495727539,4.29600715637207,40.0
28,11,-10.464216232299805,32.722801208496094,90.0
28,12,-21.091510772705078,10.417645454406738,206.0
28,13,-12.030601501464844,5.577035427093506,10.0
28,14,-8.298255920410156,1.7388379573822021,15.0
28,15,-12.773609161376953,2.343332052230835,14.0
28,16,-15.370378494262695,46.64634704589844,551.0
28,17,-4.471603870391846,1.89420747756958,3.0
28,18,-11.73530387878418,7.070166110992432,20.0
28,19,-13.712808609008789,5.551682472229004,384.0
28,20,-5.855602264404297,2.653643846511841,5.0
28,21,-13.626275062561035,15.260305404663086,19.0
28,22,-1.9322612285614014,1.379944920539856,1.0
28,23,-12.947528839111328,6.357574939727783,13.0
28,24,-11.036137580871582,4.838434219360352,4.0
28,25,-9.458085060119629,6.630081653594971,4.0
28,26,-20.80074119567871,6.625835418701172,122.0
28,27,-0.6699448227882385,1.9541294574737549,1.0
28,28,-9.468793869018555,2.8636248111724854,4.0
28,29,-18.971927642822266,10.713353157043457,49.0
28,30,-6.565436363220215,2.986909866333008,3.0
28,31,-7.480510711669922,3.4790239334106445,4.0
28,32,-18.641019821166992,499.53271484375,40.0
28,33,-5.816063404083252,18.320703506469727,34.0
28,34,-10.440832138061523,13.60188102722168,28.0
28,35,-20.954605102539062,66.0836181640625,152.0
28,36,-2.747217893600464,3.9495787620544434,2.0
28,37,-21.130876541137695,1145.5330810546875,607.0
28,38,-28.44234848022461,58.15970993041992,43.0
28,39,-5.736792087554932,17.60875129699707,7.0
28,40,-13.938199996948242,10.206587791442871,22.0
28,41,-14.952214241027832,42.01612854003906,88.0
28,42,-4.435000419616699,4.385631084442139,13.0
28,43,-9.982707977294922,12.129942893981934,171.0
28,44,-11.931852340698242,53.37188720703125,37.0
28,45,-13.897708892822266,32.279335021972656,117.0
28,46,-4.342585563659668,76.9061279296875,12.0
28,47,-6.274396896362305,3.5074150562286377,4.0
28,48,-9.833992004394531,5.150010108947754,16.0
28,49,-4.343804359436035,4.254319190979004,5.0
28,50,-11.184457778930664,268.3330383300781,208.0
28,51,-12.270153999328613,7.729356288909912,8.0
28,52,-4.591174125671387,3.1512322425842285,6.0
28,53,-13.066896438598633,3.693925142288208,10.0
28,54,-17.408710479736328,8.811774253845215,74.0
28,55,-5.683991432189941,4.1412506103515625,4.0
28,56,-12.863643646240234,4.992592811584473,178.0
28,57,-23.188459396362305,18.147945404052734,251.0
28,58,-7.252442359924316,6.1294846534729,34.0
28,59,-46.05091857910156,12.914936065673828,762.0
28,60,-14.032478332519531,107.50019073486328,310.0
28,61,-10.182995796203613,29.794740676879883,16.0
28,62,-18.47318458557129,101.32125091552734,248.0
28,63,-8.113590240478516,3.1870133876800537,8.0
28,64,-6.697378158569336,9.322765350341797,8.0
28,65,-42.17890167236328,46.26777648925781,588.0
28,66,-10.99586296081543,4.810676097869873,4.0
30,0,-8.16901683807373,2.4785373210906982,5.0
30,1,-1.2305220365524292,1.507080078125,1.0
30,2,-9.79574203491211,26.186586380004883,140.0
30,3,-8.194944381713867,5.149959564208984,5.0
30,4,-24.644105911254883,15.459660530090332,77.0
30,5,-6.470837116241455,3.6479573249816895,5.0
30,6,-6.742074012756348,9.462703704833984,10.0
30,7,-8.762995719909668,3.496829032897949,9.0
30,8,-10.114217758178711,12.535371780395508,29.0
30,9,-22.834049224853516,12.643162727355957,99.0
30,10,-12.916717529296875,4.200446128845215,34.0
30,11,-10.348048210144043,31.479904174804688,92.0
30,12,-20.86083221435547,10.154024124145508,185.0
30,13,-11.652624130249023,5.28387975692749,8.0
30,14,-7.862704277038574,1.6890736818313599,14.0
30,15,-11.675933837890625,2.1779751777648926,7.0
30,16,-15.242888450622559,45.18305587768555,521.0
30,17,-4.588876724243164,1.9262089729309082,3.0
30,18,-11.635767936706543,6.9538445472717285,19.0
30,19,-13.531119346618652,5.427018642425537,331.0
30,20,-5.791756629943848,2.625556230545044,5.0
30,21,-13.561997413635254,15.065381050109863,18.0
30,22,-1.8503878116607666,1.361242651939392,1.0
30,23,-12.881187438964844,6.297606945037842,14.0
30,24,-10.90367603302002,4.74773645401001,4.0
30,25,-9.15963363647461,6.245909214019775,4.0
30,26,-19.8898868560791,6.099285125732422,114.0
30,27,-0.6480278968811035,1.9117668867111206,1.0
30,28,-8.9644193649292,2.7075564861297607,4.0
30,29,-18.63802146911621,10.275400161743164,42.0
30,30,-6.428850173950195,2.9196829795837402,3.0
30,31,-7.507061004638672,3.494452953338623,4.0
30,32,-18.53750991821289,482.59130859375,40.0
30,33,-5.764021873474121,17.85013198852539,34.0
30,34,-10.456096649169922,13.653885841369629,30.0
30,35,-20.530447006225586,60.70885467529297,146.0
30,36,-2.6084489822387695,3.6848301887512207,2.0
30,37,-20.94066619873047,1075.1572265625,575.0
30,38,-28.31779670715332,57.13401412963867,41.0
30,39,-5.488162517547607,15.550320625305176,6.0
30,40,-13.876420021057129,10.102033615112305,20.0
30,41,-14.954216957092285,42.03717041015625,82.0
30,42,-4.4259443283081055,4.372411727905273,13.0
30,43,-9.936699867248535,11.991223335266113,170.0
30,44,-11.636882781982422,48.37392044067383,33.0
30,45,-13.801496505737305,31.512178421020508,119.0
30,46,-4.291184425354004,73.05294036865234,11.0
30,47,-6.228422164916992,3.4753124713897705,4.0
30,48,-9.834697723388672,5.150615692138672,16.0
30,49,-4.372075080871582,4.294600009918213,5.0
30,50,-11.145806312561035,263.1971130371094,197.0
30,51,-12.157337188720703,7.585381984710693,8.0
30,52,-4.5170159339904785,3.0933480262756348,5.0
30,53,-12.871267318725586,3.622363567352295,11.0
30,54,-17.233673095703125,8.621068954467773,73.0
30,55,-5.6153459548950195,4.07078742980957,4.0
30,56,-12.637367248535156,4.853358268737793,148.0
30,57,-22.711036682128906,17.096599578857422,246.0
30,58,-7.219282150268555,6.078880786895752,34.0
30,59,-45.352630615234375,12.42350959777832,729.0
30,60,-14.039657592773438,107.75777435302734,311.0
30,61,-10.202106475830078,29.985149383544922,16.0
30,62,-18.29386329650879,96.8792953491211,249.0
30,63,-8.069198608398438,3.1668665409088135,8.0
30,64,-6.490159034729004,8.70055103302002,8.0
30,65,-42.12427520751953,46.038570404052734,597.0
30,66,-10.562003135681152,4.521562576293945,4.0
32,0,-8.093366622924805,2.4577910900115967,5.0
32,1,-1.303290843963623,1.5440831184387207,1.0
32,2,-9.675921440124512,25.16130256652832,128.0
32,3,-7.958758354187012,4.912346363067627,5.0
32,4,-24.288225173950195,14.860276222229004,66.0
32,5,-6.416086196899414,3.608229398727417,5.0
32,6,-6.547013759613037,8.867012977600098,10.0
32,7,-8.805154800415039,3.5179529190063477,9.0
32,8,-9.579115867614746,10.965773582458496,26.0
32,9,-22.362560272216797,11.9978666305542,103.0
32,10,-12.672775268554688,4.0881242752075195,30.0
32,11,-10.408472061157227,32.120384216308594,97.0
32,12,-20.769672393798828,10.05169677734375,159.0
32,13,-11.168194770812988,4.930578708648682,6.0
32,14,-7.458176136016846,1.6441305875778198,14.0
32,15,-10.858924865722656,2.0625195503234863,6.0
32,16,-15.144122123718262,44.08107376098633,505.0
32,17,-4.582171440124512,1.924364686012268,3.0
32,18,-11.711869239807129,7.042605876922607,19.0
32,19,-13.303179740905762,5.274571895599365,306.0
32,20,-5.728698253631592,2.598106861114502,5.0
32,21,-13.4244966506958,14.656725883483887,18.0
32,22,-1.742870569229126,1.3370671272277832,1.0
32,23,-12.61251449584961,6.06047248840332,14.0
32,24,-10.814155578613281,4.687406063079834,4.0
32,25,-9.031745910644531,6.088179588317871,4.0
32,26,-18.798477172851562,5.523172378540039,103.0
32,27,-0.6337275505065918,1.884622573852539,1.0
32,28,-8.403380393981934,2.543926954269409,4.0
32,29,-18.465049743652344,10.055614471435547,39.0
32,30,-6.240099906921387,2.829263925552368,2.0
32,31,-7.559042930603027,3.5248589515686035,4.0
32,32,-18.512422561645508,478.57232666015625,36.0
32,33,-5.791921138763428,18.100879669189453,35.0
32,34,-10.485225677490234,13.753680229187012,30.0
32,35,-19.999755859375,54.595481872558594,134.0
32,36,-2.5830416679382324,3.6383156776428223,2.0
32,37,-20.490869522094727,925.4590454101562,520.0
32,38,-28.282014846801758,56.842708587646484,47.0
32,39,-5.220579147338867,13.60299015045166,5.0
32,40,-13.907543182373047,10.154568672180176,18.0
32,41,-14.761707305908203,40.06194305419922,75.0
32,42,-4.378520488739014,4.303836822509766,12.0
32,43,-9.893152236938477,11.861383438110352,169.0
32,44,-11.269096374511719,42.7926139831543,32.0
32,45,-13.575523376464844,29.78130340576172,122.0
32,46,-4.2641706466674805,71.10592651367188,11.0
32,47,-6.199801445007324,3.4554762840270996,4.0
32,48,-9.832016944885254,5.1483154296875,16.0
32,49,-4.397773742675781,4.331546306610107,5.0
32,50,-11.05392074584961,251.37864685058594,174.0
32,51,-11.920263290405273,7.291509628295898,7.0
32,52,-4.60062313079834,3.1586849689483643,6.0
32,53,-12.727104187011719,3.5705173015594482,11.0
32,54,-17.30768394470215,8.701196670532227,69.0
32,55,-5.53385066986084,3.9886891841888428,4.0
32,56,-12.578539848327637,4.817800521850586,152.0
32,57,-22.371065139770508,16.38527488708496,231.0
32,58,-7.183852195739746,6.025274753570557,33.0
32,59,-44.86430358886719,12.090998649597168,700.0
32,60,-14.048737525939941,108.08439636230469,305.0
32,61,-10.286613464355469,30.841808319091797,16.0
32,62,-18.238582611083984,95.54962158203125,232.0
32,63,-8.13439655303955,3.196500778198242,8.0
32,64,-6.316184043884277,8.210342407226562,8.0
32,65,-42.03433609008789,45.6636848449707,609.0
32,66,-10.144800186157227,4.259949207305908,4.0
34,0,-8.040974617004395,2.4435250759124756,5.0
34,1,-1.388263463973999,1.588443398475647,1.0
34,2,-9.467355728149414,23.471464157104492,117.0
34,3,-7.759334564208984,4.720274448394775,5.0
34,4,-23.962635040283203,14.33228874206543,64.0
34,5,-6.4073991775512695,3.601966142654419,5.0
34,6,-6.373618125915527,8.369041442871094,9.0
34,7,-8.917413711547852,3.5748252868652344,8.0
34,8,-9.105669021606445,9.741715431213379,23.0
34,9,-21.793975830078125,11.263337135314941,100.0
34,10,-12.341999053955078,3.940600872039795,27.0
34,11,-10.38114070892334,31.829078674316406,100.0
34,12,-20.579627990722656,9.841669082641602,152.0
34,13,-10.632552146911621,4.567363262176514,5.0
34,14,-7.211846828460693,1.6173511743545532,12.0
34,15,-10.179475784301758,1.9711787700653076,5.0
34,16,-14.90158462524414,41.487667083740234,453.0
34,17,-4.623981475830078,1.9358930587768555,4.0
34,18,-11.755559921264648,7.0940752029418945,19.0
34,19,-13.102066040039062,5.1436262130737305,262.0
34,20,-5.666208267211914,2.57118821144104,5.0
34,21,-13.331663131713867,14.387110710144043,17.0
34,22,-1.6878176927566528,1.324854850769043,1.0
34,23,-12.251311302185059,5.755681037902832,13.0
34,24,-10.616721153259277,4.557044982910156,4.0
34,25,-8.836502075195312,5.855025768280029,5.0
34,26,-17.59295082092285,4.949859142303467,91.0
34,27,-0.6583399772644043,1.931583285331726,1.0
34,28,-8.030492782592773,2.440680742263794,4.0
34,29,-18.015918731689453,9.506633758544922,35.0
34,30,-6.101951599121094,2.7648653984069824,2.0
34,31,-7.559812068939209,3.525310754776001,4.0
34,32,-17.971664428710938,399.6362609863281,34.0
34,33,-5.71763277053833,17.44087028503418,31.0
34,34,-10.496692657470703,13.79316520690918,30.0
34,35,-19.478464126586914,49.19012451171875,124.0
34,36,-2.6713008880615234,3.8024685382843018,2.0
34,37,-20.24693489074707,853.1864624023438,538.0
34,38,-28.07505226135254,55.186683654785156,49.0
34,39,-4.939148902893066,11.81741714477539,4.0
34,40,-13.956502914428711,10.237771034240723,16.0
34,41,-14.69359016418457,39.385494232177734,71.0
34,42,-4.407256603240967,4.345260143280029,12.0
34,43,-9.767770767211914,11.49535083770752,158.0
34,44,-11.002458572387695,39.153358459472656,31.0
34,45,-13.37714672088623,28.34035301208496,127.0
34,46,-4.176009654998779,65.10553741455078,11.0
34,47,-6.1316938400268555,3.408726215362549,4.0
34,48,-9.848138809204102,5.162167072296143,13.0
34,49,-4.406162261962891,4.343675136566162,5.0
34,50,-10.979047775268555,242.1418914794922,164.0
34,51,-11.675493240356445,7.0000386238098145,7.0
34,52,-4.711642265319824,3.247581720352173,6.0
34,53,-12.593595504760742,3.5231642723083496,11.0
34,54,-17.469600677490234,8.879098892211914,72.0
34,55,-5.487227916717529,3.9424679279327393,4.0
34,56,-12.622262954711914,4.844203472137451,154.0
34,57,-21.96967887878418,15.583456039428711,212.0
34,58,-7.19435977935791,6.041123390197754,31.0
34,59,-44.58599090576172,11.905488967895508,701.0
34,60,-13.981409072875977,105.6856918334961,303.0
34,61,-10.24691104888916,30.436330795288086,16.0
34,62,-18.192468643188477,94.45439147949219,213.0
34,63,-8.239482879638672,3.244849443435669,8.0
34,64,-6.0981950759887695,7.634914875030518,6.0
34,65,-41.674495697021484,44.19406509399414,637.0
34,66,-9.738924980163574,4.019972801208496,4.0
36,0,-7.898477554321289,2.4051411151885986,5.0
36,1,-1.426593542098999,1.6088685989379883,1.0
36,2,-9.432282447814941,23.198654174804688,114.0
36,3,-7.557225227355957,4.5332770347595215,5.0
36,4,-23.70772933959961,13.932053565979004,62.0
36,5,-6.349666118621826,3.560614585876465,5.0
36,6,-6.208150863647461,7.919939994812012,8.0
36,7,-8.838602066040039,3.5348024368286133,8.0
36,8,-8.422073364257812,8.211358070373535,21.0
36,9,-21.314857482910156,10.679410934448242,96.0
36,10,-12.109404563903809,3.8400652408599854,27.0
36,11,-10.306191444396973,31.043739318847656,98.0
36,12,-20.34579086303711,9.58925724029541,152.0
36,13,-10.249113082885742,4.3239054679870605,4.0
36,14,-7.094064235687256,1.604701280593872,11.0
36,15,-9.627638816833496,1.899978518486023,4.0
36,16,-14.773880004882812,40.184043884277344,444.0
36,17,-4.619830131530762,1.9347453117370605,4.0
36,18,-11.670879364013672,6.994657516479492,19.0
36,19,-12.711980819702148,4.8988356590271,220.0
36,20,-5.548939228057861,2.5214223861694336,5.0
36,21,-13.270147323608398,14.211185455322266,15.0
36,22,-1.6230002641677856,1.310619592666626,1.0
36,23,-12.03782844543457,5.5827956199646,13.0
36,24,-10.274892807006836,4.3398590087890625,4.0
36,25,-8.61982536315918,5.606715202331543,5.0
36,26,-16.78446388244629,4.5990986824035645,79.0
36,27,-0.655917227268219,1.92690908908844,1.0
36,28,-7.6566314697265625,2.341371536254883,4.0
36,29,-17.064476013183594,8.440651893615723,29.0
36,30,-6.200412273406982,2.8106117248535156,2.0
36,31,-7.550075531005859,3.519595146179199,4.0
36,32,-17.493839263916016,340.7945251464844,32.0
36,33,-5.606462001800537,16.497865676879883,31.0
36,34,-10.702871322631836,14.522771835327148,31.0
36,35,-18.803436279296875,42.97795867919922,104.0
36,36,-2.766353130340576,3.9875481128692627,2.0
36,37,-20.269641876220703,859.6690673828125,549.0
36,38,-27.78533172607422,52.94921112060547,54.0
36,39,-4.788756370544434,10.961380004882812,4.0
36,40,-14.032540321350098,10.368338584899902,18.0
36,41,-14.463061332702637,37.17979049682617,67.0
36,42,-4.417491436004639,4.360109329223633,12.0
36,43,-9.644359588623047,11.146102905273438,141.0
36,44,-10.812299728393555,36.74859619140625,33.0
36,45,-13.161144256591797,26.850543975830078,110.0
36,46,-4.095305442810059,60.057682037353516,9.0
36,47,-6.094107627868652,3.3831982612609863,4.0
36,48,-9.783543586730957,5.106889724731445,11.0
36,49,-4.40782356262207,4.346081256866455,5.0
36,50,-10.854225158691406,227.49143981933594,148.0
36,51,-11.411399841308594,6.698609352111816,7.0
36,52,-4.703232765197754,3.2407610416412354,6.0
36,53,-12.034212112426758,3.3314952850341797,11.0
36,54,-17.373720169067383,8.773317337036133,71.0
36,55,-5.362980365753174,3.821890115737915,4.0
36,56,-12.522038459777832,4.783893585205078,151.0
36,57,-21.65106201171875,14.975008964538574,206.0
36,58,-7.0440497398376465,5.818325042724609,31.0
36,59,-44.348731994628906,11.749592781066895,698.0
36,60,-13.948975563049316,104.5492935180664,309.0
36,61,-10.08747673034668,28.861032485961914,16.0
36,62,-18.172460556030273,93.98311614990234,212.0
36,63,-8.221181869506836,3.236377239227295,9.0
36,64,-5.8354291915893555,6.994633197784424,5.0
36,65,-41.38785934448242,43.057342529296875,664.0
36,66,-9.355611801147461,3.8057610988616943,3.0
38,0,-7.751856803894043,2.3662760257720947,4.0
38,1,-1.4045965671539307,1.59711492061615,1.0
38,2,-9.162076950073242,21.200519561767578,106.0
38,3,-7.396944999694824,4.390262126922607,5.0
38,4,-23.508224487304688,13.626616477966309,62.0
38,5,-6.363992691040039,3.570831775665283,5.0
38,6,-6.109764099121094,7.6644134521484375,6.0
38,7,-8.812808990478516,3.5218019485473633,8.0
38,8,-7.732287406921387,6.910706520080566,17.0
38,9,-20.792221069335938,10.076910018920898,86.0
38,10,-11.814796447753906,3.7163987159729004,27.0
38,11,-10.196730613708496,29.93146324157715,95.0
38,12,-20.300662994384766,9.541296005249023,148.0
38,13,-10.068563461303711,4.213805675506592,3.0
38,14,-6.89266300201416,1.5832992792129517,11.0
38,15,-9.310437202453613,1.8602219820022583,4.0
38,16,-14.664591789245605,39.10099792480469,411.0
38,17,-4.658377647399902,1.9454289674758911,4.0
38,18,-11.524881362915039,6.826509952545166,20.0
38,19,-12.3491792678833,4.681634902954102,176.0
38,20,-5.418600082397461,2.4672398567199707,5.0
38,21,-13.262112617492676,14.18836784362793,15.0
38,22,-1.5958994626998901,1.304713249206543,1.0
38,23,-11.877477645874023,5.456363201141357,13.0
38,24,-10.279241561889648,4.342555999755859,4.0
38,25,-8.407390594482422,5.373493194580078,5.0
38,26,-16.385026931762695,4.435089588165283,73.0
38,27,-0.6412239074707031,1.898803472518921,1.0
38,28,-7.531166076660156,2.308957576751709,4.0
38,29,-16.15726089477539,7.535744667053223,26.0
38,30,-6.275157451629639,2.84584379196167,3.0
38,31,-7.562251091003418,3.5267443656921387,4.0
38,32,-16.95621109008789,284.8807067871094,28.0
38,33,-5.514066219329834,15.753036499023438,31.0
38,34,-10.992547988891602,15.613516807556152,32.0
38,35,-18.234844207763672,38.358219146728516,88.0
38,36,-2.7656679153442383,3.98618221282959,2.0
38,37,-20.3123836517334,872.0043334960938,591.0
38,38,-27.481552124023438,50.70050811767578,53.0
38,39,-4.609640598297119,10.022377014160156,4.0
38,40,-13.934306144714355,10.199965476989746,16.0
38,41,-14.382170677185059,36.43546676635742,63.0
38,42,-4.413611888885498,4.3544745445251465,13.0
38,43,-9.639625549316406,11.132918357849121,131.0
38,44,-10.520047187805176,33.33748245239258,33.0
38,45,-13.122061729431152,26.589473724365234,111.0
38,46,-4.039739608764648,56.811546325683594,9.0
38,47,-6.049663543701172,3.3532590866088867,4.0
38,48,-9.675971984863281,5.016146183013916,11.0
38,49,-4.3692851066589355,4.290607929229736,5.0
38,50,-10.717414855957031,212.45016479492188,134.0
38,51,-11.261305809020996,6.53311824798584,7.0
38,52,-4.654506683349609,3.2015230655670166,6.0
38,53,-11.452025413513184,3.143077850341797,11.0
38,54,-17.318359375,8.712815284729004,69.0
38,55,-5.446477890014648,3.902508020401001,4.0
38,56,-12.516138076782227,4.78036642074585,148.0
38,57,-21.263648986816406,14.267099380493164,196.0
38,58,-6.906595230102539,5.621782302856445,29.0
38,59,-44.163673400878906,11.629413604736328,710.0
38,60,-13.8810396194458,102.20832824707031,315.0
38,61,-9.94861888885498,27.555612564086914,16.0
38,62,-18.2215576171875,95.143798828125,217.0
38,63,-8.175949096679688,3.215531826019287,9.0
38,64,-5.624085426330566,6.518831729888916,4.0
38,65,-41.112571716308594,41.9931526184082,687.0
38,66,-9.118197441101074,3.6788477897644043,3.0
40,0,-7.642232418060303,2.3376283645629883,4.0
40,1,-1.3591203689575195,1.573087215423584,1.0
40,2,-9.351484298706055,22.582189559936523,119.0
40,3,-7.255230903625488,4.267577171325684,5.0
40,4,-23.30399513244629,13.320881843566895,62.0
40,5,-6.4166083335876465,3.6086061000823975,5.0
40,6,-6.052157402038574,7.518643856048584,6.0
40,7,-8.763078689575195,3.496870279312134,8.0
40,8,-7.641317844390869,6.755313873291016,16.0
40,9,-20.62175750732422,9.887846946716309,91.0
40,10,-11.768665313720703,3.6973984241485596,27.0
40,11,-10.028797149658203,28.302000045776367,87.0
40,12,-20.360654830932617,9.605107307434082,156.0
40,13,-10.072708129882812,4.216301441192627,3.0
40,14,-7.050637245178223,1.6000621318817139,11.0
40,15,-9.373092651367188,1.8680084943771362,4.0
40,16,-14.374517440795898,36.365821838378906,355.0
40,17,-4.67767333984375,1.9507989883422852,3.0
40,18,-11.413206100463867,6.700627326965332,20.0
40,19,-12.407550811767578,4.715919017791748,177.0
40,20,-5.52760124206543,2.5124711990356445,5.0
40,21,-13.174544334411621,13.94204330444336,15.0
40,22,-1.606844425201416,1.3070954084396362,1.0
40,23,-11.705606460571289,5.324024677276611,13.0
40,24,-9.77175235748291,4.0388689041137695,4.0
40,25,-8.192556381225586,5.147500514984131,5.0
40,26,-16.593883514404297,4.520103454589844,84.0
40,27,-0.7182154655456543,2.0507702827453613,1.0
40,28,-7.6905012130737305,2.3501992225646973,4.0
40,29,-15.67208480834961,7.092306613922119,22.0
40,30,-6.292197227478027,2.8539371490478516,3.0
40,31,-7.448152542114258,3.4603118896484375,4.0
40,32,-16.688657760620117,260.5736999511719,27.0
40,33,-5.3073410987854,14.206088066101074,23.0
40,34,-11.076606750488281,15.945101737976074,34.0
40,35,-18.13706398010254,37.61537170410156,82.0
40,36,-2.761075496673584,3.9770395755767822,2.0
40,37,-20.172149658203125,832.1810302734375,569.0
40,38,-27.000232696533203,47.33150100708008,50.0
40,39,-4.491523265838623,9.44760799407959,3.0
40,40,-13.951597213745117,10.229402542114258,18.0
40,41,-14.234823226928711,35.11771774291992,61.0
40,42,-4.456266403198242,4.416829586029053,13.0
40,43,-9.586904525756836,10.987146377563477,124.0
40,44,-10.448596954345703,32.55287170410156,35.0
40,45,-12.978734016418457,25.65359115600586,108.0
40,46,-4.013803482055664,55.35702133178711,9.0
40,47,-6.012235641479492,3.328251838684082,4.0
40,48,-9.491368293762207,4.864163398742676,9.0
40,49,-4.278281211853027,4.162407875061035,5.0
40,50,-10.584486961364746,198.78890991210938,129.0
40,51,-11.201868057250977,6.468719005584717,6.0
40,52,-4.569423198699951,3.134143114089966,6.0
40,53,-11.206901550292969,3.066970109939575,9.0
40,54,-17.379981994628906,8.780187606811523,70.0
40,55,-5.6336188316345215,4.089426517486572,4.0
40,56,-12.494792938232422,4.767629146575928,150.0
40,57,-20.969192504882812,13.75151538848877,189.0
40,58,-6.804194927215576,5.479691028594971,30.0
40,59,-44.02117919921875,11.537713050842285,752.0
40,60,-13.689796447753906,95.89610290527344,309.0
40,61,-10.034406661987305,28.354965209960938,16.0
40,62,-17.994518280029297,89.89385986328125,213.0
40,63,-8.129961967468262,3.1944761276245117,8.0
40,64,-5.605348587036133,6.478244781494141,4.0
40,65,-40.83345031738281,40.94099044799805,648.0
40,66,-8.984317779541016,3.6091558933258057,3.0
42,0,-7.578441619873047,2.321118116378784,3.0
42,1,-1.2469918727874756,1.5153764486312866,1.0
42,2,-9.512747764587402,23.82929801940918,121.0
42,3,-7.106108665466309,4.142178058624268,5.0
42,4,-23.117496490478516,13.047684669494629,60.0
42,5,-6.288010597229004,3.5169780254364014,5.0
42,6,-5.8889617919921875,7.1205668449401855,5.0
42,7,-8.67597770690918,3.4536285400390625,8.0
42,8,-7.064112186431885,5.847580909729004,13.0
42,9,-20.239200592041016,9.476358413696289,88.0
42,10,-11.514671325683594,3.594511032104492,24.0
42,11,-9.970476150512695,27.757112503051758,87.0
42,12,-20.378774642944336,9.624464988708496,155.0
42,13,-9.676811218261719,3.9844589233398438,3.0
42,14,-7.083400249481201,1.6035609245300293,11.0
42,15,-9.332032203674316,1.8629019260406494,4.0
42,16,-14.511334419250488,37.631202697753906,383.0
42,17,-4.625367641448975,1.9362764358520508,3.0
42,18,-11.204669952392578,6.471740245819092,19.0
42,19,-12.063253402709961,4.5172648429870605,150.0
42,20,-5.27464485168457,2.4087488651275635,4.0
42,21,-13.044769287109375,13.584834098815918,15.0
42,22,-1.5651439428329468,1.2980424165725708,1.0
42,23,-11.55419921875,5.210103988647461,13.0
42,24,-9.696112632751465,3.9954607486724854,4.0
42,25,-7.959414482116699,4.912991046905518,5.0
42,26,-15.793231010437012,4.202788352966309,71.0
42,27,-0.6716315746307373,1.9574283361434937,1.0
42,28,-7.283489227294922,2.2462823390960693,3.0
42,29,-14.96108627319336,6.489177703857422,18.0
42,30,-6.234666347503662,2.826702833175659,3.0
42,31,-7.381199359893799,3.4219136238098145,4.0
42,32,-16.8035831451416,270.7496032714844,26.0
42,33,-5.33101749420166,14.375261306762695,24.0
42,34,-11.278430938720703,16.77027130126953,36.0
42,35,-17.807586669921875,35.21658706665039,70.0
42,36,-2.6534879207611084,3.768752098083496,1.0
42,37,-20.451717376708984,913.459716796875,606.0
42,38,-27.23178482055664,48.92335891723633,45.0
42,39,-4.327642440795898,8.704336166381836,3.0
42,40,-13.728189468383789,9.85551929473877,16.0
42,41,-14.07095718383789,33.70813751220703,59.0
42,42,-4.435547828674316,4.3864312171936035,13.0
42,43,-9.55390453338623,10.896876335144043,123.0
42,44,-10.259208679199219,30.561349868774414,35.0
42,45,-13.100725173950195,26.44801902770996,112.0
42,46,-3.976351022720337,53.32210922241211,9.0
42,47,-5.88297176361084,3.24330997467041,4.0
42,48,-9.300097465515137,4.711546897888184,9.0
42,49,-4.256174087524414,4.131847858428955,5.0
42,50,-10.42182731628418,183.2614288330078,121.0
42,51,-11.061811447143555,6.319469451904297,6.0
42,52,-4.523689270019531,3.098512887954712,6.0
42,53,-10.623022079467773,2.893023729324341,9.0
42,54,-17.42810821533203,8.833166122436523,68.0
42,55,-5.535095691680908,3.989931106567383,4.0
42,56,-12.372117042541504,4.695077419281006,149.0
42,57,-20.627986907958984,13.177335739135742,182.0
42,58,-6.708953857421875,5.350759029388428,28.0
42,59,-43.810752868652344,11.403617858886719,750.0
42,60,-13.645818710327148,94.50061798095703,318.0
42,61,-10.054742813110352,28.547828674316406,16.0
42,62,-17.97604751586914,89.47970581054688,217.0
42,63,-7.9684624671936035,3.1216189861297607,8.0
42,64,-5.495325088500977,6.244962215423584,4.0
42,65,-40.858333587646484,41.03371047973633,644.0
42,66,-8.644828796386719,3.4382944107055664,3.0
44,0,-7.099149227142334,2.2007415294647217,3.0
44,1,-1.0973941087722778,1.4416640996932983,1.0
44,2,-9.384713172912598,22.83370590209961,107.0
44,3,-6.766222953796387,3.8699615001678467,4.0
44,4,-22.84218978881836,12.654603958129883,58.0
44,5,-5.86890172958374,3.2341957092285156,4.0
44,6,-5.6218485832214355,6.513972759246826,5.0
44,7,-8.451364517211914,3.3445684909820557,8.0
44,8,-5.407936096191406,3.865086317062378,10.0
44,9,-20.085575103759766,9.315973281860352,80.0
44,10,-10.92625904083252,3.3670225143432617,18.0
44,11,-10.067678451538086,28.671192169189453,92.0
44,12,-20.214584350585938,9.45047378540039,130.0
44,13,-8.72919750213623,3.4799859523773193,3.0
44,14,-6.652142524719238,1.5581140518188477,11.0
44,15,-8.817432403564453,1.8000757694244385,3.0
44,16,-15.293766021728516,45.76142883300781,500.0
44,17,-4.183382034301758,1.8177982568740845,3.0
44,18,-10.982260704040527,6.236235618591309,19.0
44,19,-11.111896514892578,4.010785102844238,97.0
44,20,-4.558778762817383,2.137840986251831,4.0
44,21,-12.909741401672363,13.222874641418457,15.0
44,22,-1.3591556549072266,1.2542352676391602,1.0
44,23,-11.728418350219727,5.341403007507324,13.0
44,24,-10.184770584106445,4.284343242645264,5.0
44,25,-7.8855814933776855,4.840975284576416,4.0
44,26,-13.516805648803711,3.417128086090088,50.0
44,27,-0.5821081399917603,1.789807677268982,1.0
44,28,-6.367500305175781,2.0289127826690674,3.0
44,29,-13.223942756652832,5.2225871086120605,17.0
44,30,-6.429052352905273,2.91978120803833,3.0
44,31,-7.193952560424805,3.3167724609375,4.0
44,32,-17.70000457763672,365.0380554199219,27.0
44,33,-5.40505838394165,14.917412757873535,23.0
44,34,-11.556722640991211,17.978572845458984,38.0
44,35,-16.763099670410156,28.57750701904297,49.0
44,36,-2.639295816421509,3.7421035766601562,1.0
44,37,-20.852550506591797,1044.0367431640625,709.0
44,38,-28.007722854614258,54.65842819213867,46.0
44,39,-3.970458745956421,7.280717372894287,2.0
44,40,-13.673818588256836,9.766613960266113,20.0
44,41,-13.835124015808105,31.778215408325195,51.0
44,42,-4.333848476409912,4.240224361419678,12.0
44,43,-9.74015998840332,11.416275978088379,136.0
44,44,-10.23696517944336,30.335594177246094,37.0
44,45,-13.364847183227539,28.25334358215332,121.0
44,46,-4.014768600463867,55.41047286987305,9.0
44,47,-5.604172706604004,3.067413091659546,4.0
44,48,-9.299799919128418,4.711313247680664,10.0
44,49,-4.2382307052612305,4.107208251953125,5.0
44,50,-10.462285995483398,187.0064239501953,112.0
44,51,-10.817946434020996,6.067769527435303,6.0
44,52,-4.5012640953063965,3.081190347671509,5.0
44,53,-9.494403839111328,2.5842630863189697,10.0
44,54,-17.199241638183594,8.584044456481934,65.0
44,55,-5.123347282409668,3.5996506214141846,3.0
44,56,-12.00641918182373,4.485286712646484,153.0
44,57,-20.65707778930664,13.225340843200684,187.0
44,58,-6.659921169281006,5.285569190979004,27.0
44,59,-43.80973815917969,11.402976036071777,700.0
44,60,-13.940879821777344,104.26750946044922,363.0
44,61,-10.10776138305664,29.056840896606445,16.0
44,62,-18.042680740356445,90.98277282714844,228.0
44,63,-7.798965930938721,3.046940565109253,9.0
44,64,-5.303688049316406,5.858514308929443,4.0
44,65,-41.75608825683594,44.52309799194336,705.0
44,66,-7.995811462402344,3.1338388919830322,3.0
46,0,-7.011571884155273,2.1794302463531494,3.0
46,1,-1.0985867977142334,1.442237377166748,1.0
46,2,-9.554741859436035,24.165206909179688,108.0
46,3,-6.71901798248291,3.833597421646118,4.0
46,4,-22.961597442626953,12.823617935180664,58.0
46,5,-5.75663948059082,3.1623892784118652,4.0
46,6,-5.577622890472412,6.418648719787598,6.0
46,7,-8.331382751464844,3.2877309322357178,8.0
46,8,-4.949912071228027,3.4469094276428223,8.0
46,9,-19.943096160888672,9.169652938842773,80.0
46,10,-10.742183685302734,3.2988569736480713,14.0
46,11,-10.072126388549805,28.713729858398438,93.0
46,12,-20.27837371826172,9.517694473266602,126.0
46,13,-8.4476957321167,3.3428163528442383,3.0
46,14,-6.696084499359131,1.5626851320266724,11.0
46,15,-8.629731178283691,1.7776912450790405,3.0
46,16,-15.365087509155273,46.584686279296875,512.0
46,17,-4.112946510314941,1.7995988130569458,3.0
46,18,-10.883286476135254,6.134208679199219,19.0
46,19,-10.661933898925781,3.79142427444458,78.0
46,20,-4.4515910148620605,2.0999884605407715,4.0
46,21,-12.968611717224121,13.37948226928711,14.0
46,22,-1.3167684078216553,1.2454057931900024,1.0
46,23,-11.607410430908203,5.2498602867126465,13.0
46,24,-10.356476783752441,4.390735149383545,5.0
46,25,-7.860607624053955,4.816856384277344,6.0
46,26,-12.926202774047852,3.238497257232666,45.0
46,27,-0.5866646766662598,1.7979816198349,1.0
46,28,-6.3580708503723145,2.0267879962921143,3.0
46,29,-12.905820846557617,5.018984794616699,16.0
46,30,-6.496471405029297,2.9527742862701416,3.0
46,31,-7.248907089233398,3.347290515899658,4.0
46,32,-17.582763671875,351.0474548339844,27.0
46,33,-5.420608043670654,15.033845901489258,24.0
46,34,-11.671177864074707,18.500438690185547,39.0
46,35,-16.344371795654297,26.281740188598633,43.0
46,36,-2.5934605598449707,3.6573188304901123,1.0
46,37,-20.73416519165039,1003.6397094726562,741.0
46,38,-28.170997619628906,55.94831848144531,44.0
46,39,-3.843156337738037,6.83173131942749,2.0
46,40,-13.656286239624023,9.738116264343262,20.0
46,41,-13.585977554321289,29.859241485595703,46.0
46,42,-4.307888031005859,4.203690052032471,12.0
46,43,-9.86365032196045,11.774222373962402,144.0
46,44,-10.24252986907959,30.391918182373047,38.0
46,45,-13.548195838928223,29.578535079956055,126.0
46,46,-3.9975075721740723,54.46223449707031,8.0
46,47,-5.491486549377441,2.9990551471710205,4.0
46,48,-9.285748481750488,4.700292110443115,8.0
46,49,-4.237155914306641,4.105737209320068,5.0
46,50,-10.463428497314453,187.11329650878906,107.0
46,51,-10.612399101257324,5.8634209632873535,5.0
46,52,-4.533311367034912,3.105975389480591,5.0
46,53,-9.15588665008545,2.4982454776763916,9.0
46,54,-17.137216567993164,8.517748832702637,65.0
46,55,-5.000089645385742,3.4904212951660156,3.0
46,56,-11.92839241027832,4.4417524337768555,154.0
46,57,-20.461673736572266,12.906217575073242,179.0
46,58,-6.675970077514648,5.30681848526001,27.0
46,59,-43.81977081298828,11.409334182739258,697.0
46,60,-13.959880828857422,104.93002319335938,377.0
46,61,-10.102238655090332,29.003393173217773,17.0
46,62,-18.052370071411133,91.20343017578125,221.0
46,63,-7.719161033630371,3.0124006271362305,8.0
46,64,-5.250200271606445,5.7549872398376465,4.0
46,65,-41.8111686706543,44.7465934753418,712.0
46,66,-7.72310209274292,3.014096975326538,3.0
48,0,-7.206239223480225,2.2270843982696533,3.0
48,1,-1.2045705318450928,1.4940992593765259,1.0
48,2,-9.67299747467041,25.13679313659668,127.0
48,3,-6.884944915771484,3.962951183319092,4.0
48,4,-22.739456176757812,12.51097583770752,59.0
48,5,-5.930121898651123,3.2740390300750732,4.0
48,6,-5.575578212738037,6.414276599884033,5.0
48,7,-8.480250358581543,3.3583984375,8.0
48,8,-5.38616943359375,3.8441109657287598,9.0
48,9,-19.781982421875,9.006963729858398,89.0
48,10,-10.955488204956055,3.3779752254486084,17.0
48,11,-9.910097122192383,27.20404624938965,86.0
48,12,-20.500957489013672,9.756016731262207,130.0
48,13,-8.655952453613281,3.4437625408172607,3.0
48,14,-7.043432712554932,1.599293828010559,11.0
48,15,-8.797258377075195,1.797656536102295,3.0
48,16,-14.669183731079102,39.14590835571289,386.0
48,17,-4.425495147705078,1.881771445274353,4.0
48,18,-10.603129386901855,5.854368686676025,19.0
48,19,-11.220702171325684,4.065707683563232,88.0
48,20,-4.753476619720459,2.2083511352539062,4.0
48,21,-12.953882217407227,13.340126037597656,15.0
48,22,-1.4328782558441162,1.269741177558899,1.0
48,23,-11.336653709411621,5.050675392150879,13.0
48,24,-9.784364700317383,4.046152114868164,4.0
48,25,-7.807323455810547,4.765796184539795,5.0
48,26,-13.997139930725098,3.5696489810943604,55.0
48,27,-0.6469545960426331,1.9097161293029785,1.0
48,28,-7.123586654663086,2.2067253589630127,3.0
48,29,-13.766785621643066,5.589267253875732,17.0
48,30,-6.156032085418701,2.7898988723754883,3.0
48,31,-7.2288994789123535,3.3361470699310303,4.0
48,32,-16.537315368652344,247.75448608398438,25.0
48,33,-5.381433486938477,14.74223804473877,21.0
48,34,-11.604903221130371,18.19643783569336,39.0
48,35,-16.505531311035156,27.142648696899414,47.0
48,36,-2.5291593074798584,3.5416035652160645,1.0
48,37,-20.489938735961914,925.1717529296875,676.0
48,38,-27.552261352539062,51.215248107910156,45.0
48,39,-3.886268138885498,6.980594635009766,2.0
48,40,-13.61584758758545,9.67270278930664,17.0
48,41,-13.663338661193848,30.44234848022461,49.0
48,42,-4.29513692855835,4.1858601570129395,11.0
48,43,-9.79189395904541,11.564887046813965,140.0
48,44,-10.153083801269531,29.499143600463867,36.0
48,45,-13.358918190002441,28.21149444580078,131.0
48,46,-3.9644815921783447,52.69294357299805,8.0
48,47,-5.585298538208008,3.0558557510375977,4.0
48,48,-9.338960647583008,4.742163181304932,8.0
48,49,-4.302565574645996,4.1962385177612305,5.0
48,50,-10.203916549682617,164.34341430664062,97.0
48,51,-10.543331146240234,5.796311855316162,4.0
48,52,-4.564280033111572,3.1301157474517822,6.0
48,53,-9.504379272460938,2.5868422985076904,8.0
48,54,-17.490177154541016,8.901966094970703,68.0
48,55,-5.420528888702393,3.8772735595703125,3.0
48,56,-12.105142593383789,4.540979862213135,138.0
48,57,-20.12104606628418,12.368226051330566,165.0
48,58,-6.705305099487305,5.345880508422852,27.0
48,59,-43.463592529296875,11.185787200927734,688.0
48,60,-13.801352500915527,99.52919006347656,362.0
48,61,-9.934024810791016,27.42188835144043,15.0
48,62,-18.014678955078125,90.34808349609375,209.0
48,63,-7.875178337097168,3.0802955627441406,8.0
48,64,-5.357063293457031,5.963680744171143,3.0
48,65,-41.284423828125,42.65435791015625,689.0
48,66,-7.825328826904297,3.0584373474121094,3.0
50,0,-7.337362766265869,2.2597689628601074,3.0
50,1,-1.2502070665359497,1.5170015096664429,1.0
50,2,-9.82626724243164,26.454395294189453,143.0
50,3,-7.0128703117370605,4.065651893615723,5.0
50,4,-22.552501678466797,12.253769874572754,60.0
50,5,-6.001143455505371,3.320876359939575,4.0
50,6,-5.530374050140381,6.318349838256836,5.0
50,7,-8.621062278747559,3.426640510559082,8.0
50,8,-5.591281890869141,4.046370983123779,9.0
50,9,-19.725894927978516,8.951006889343262,96.0
50,10,-11.07693862915039,3.423868179321289,20.0
50,11,-9.797077178955078,26.198246002197266,83.0
50,12,-20.48314666748047,9.736727714538574,140.0
50,13,-8.821540832519531,3.526197671890259,3.0
50,14,-7.277536392211914,1.624449610710144,11.0
50,15,-8.797691345214844,1.7977083921432495,4.0
50,16,-14.135908126831055,34.259952545166016,312.0
50,17,-4.629584789276123,1.9374433755874634,4.0
50,18,-10.546829223632812,5.799692630767822,18.0
50,19,-11.463604927062988,4.191047191619873,92.0
50,20,-4.99585485458374,2.299386978149414,4.0
50,21,-12.916089057922363,13.239673614501953,15.0
50,22,-1.4702562093734741,1.2776758670806885,1.0
50,23,-11.202160835266113,4.954561710357666,13.0
50,24,-9.525943756103516,3.899502992630005,4.0
50,25,-7.699735641479492,4.66434383392334,5.0
50,26,-14.864152908325195,3.862391948699951,66.0
50,27,-0.7147403955459595,2.04365611076355,1.0
50,28,-7.626789569854736,2.33362078666687,3.0
50,29,-14.5144624710083,6.13682746887207,19.0
50,30,-6.025989055633545,2.730081558227539,3.0
50,31,-7.285632610321045,3.367841958999634,5.0
50,32,-15.951058387756348,203.77561950683594,23.0
50,33,-5.283694267272949,14.039112091064453,19.0
50,34,-11.576483726501465,18.067611694335938,39.0
50,35,-16.68089485168457,28.111507415771484,50.0
50,36,-2.4903740882873535,3.4735844135284424,1.0
50,37,-20.233312606811523,849.3214111328125,631.0
50,38,-27.15459442138672,48.386837005615234,42.0
50,39,-3.947171926498413,7.196436405181885,2.0
50,40,-13.59022331237793,9.631484031677246,16.0
50,41,-13.594690322875977,29.924352645874023,49.0
50,42,-4.273339748382568,4.155557155609131,12.0
50,43,-9.874360084533691,11.805789947509766,141.0
50,44,-10.145729064941406,29.426912307739258,36.0
50,45,-13.11001968383789,26.509546279907227,128.0
50,46,-3.975229263305664,53.262325286865234,8.0
50,47,-5.623775005340576,3.0794622898101807,5.0
50,48,-9.308940887451172,4.718496322631836,8.0
50,49,-4.308714389801025,4.204848289489746,6.0
50,50,-10.225469589233398,166.12405395507812,107.0
50,51,-10.536105155944824,5.78933572769165,3.0
50,52,-4.537476539611816,3.1092114448547363,6.0
50,53,-9.768158912658691,2.6559858322143555,8.0
50,54,-17.587987899780273,9.011472702026367,71.0
50,55,-5.6608428955078125,4.117353916168213,4.0
50,56,-12.415142059326172,4.720396518707275,141.0
50,57,-20.03864860534668,12.241490364074707,154.0
50,58,-6.774060249328613,5.438563823699951,28.0
50,59,-43.38335418701172,11.136034965515137,728.0
50,60,-13.607717514038086,93.30799102783203,344.0
50,61,-9.89518928527832,27.06919288635254,15.0
50,62,-18.141529083251953,93.2591552734375,208.0
50,63,-7.912222862243652,3.096639633178711,8.0
50,64,-5.380428314208984,6.010308742523193,3.0
50,65,-41.10414505004883,41.96098709106445,676.0
50,66,-7.985589027404785,3.129265785217285,3.0
52,0,-7.122692108154297,2.2065060138702393,3.0
52,1,-1.2316707372665405,1.5076571702957153,1.0
52,2,-9.81445598602295,26.35045051574707,141.0
52,3,-6.9574198722839355,4.02081298828125,5.0
52,4,-22.671092987060547,12.416302680969238,60.0
52,5,-5.963656425476074,3.2960715293884277,4.0
52,6,-5.458611965179443,6.169003486633301,5.0
52,7,-8.553071022033691,3.3935186862945557,8.0
52,8,-5.348535060882568,3.808112859725952,7.0
52,9,-19.491350173950195,8.72075366973877,90.0
52,10,-11.092580795288086,3.429824113845825,20.0
52,11,-9.804094314575195,26.259592056274414,83.0
52,12,-20.42304229736328,9.671921730041504,142.0
52,13,-8.893722534179688,3.562746524810791,3.0
52,14,-7.218223571777344,1.6180390119552612,11.0
52,15,-8.853384017944336,1.8043954372406006,3.0
52,16,-14.163625717163086,34.49817657470703,304.0
52,17,-4.696489334106445,1.9560497999191284,4.0
52,18,-10.539107322692871,5.792232990264893,18.0
52,19,-11.340808868408203,4.1272077560424805,89.0
52,20,-4.962405681610107,2.2866036891937256,4.0
52,21,-12.965250968933105,13.370492935180664,15.0
52,22,-1.475071668624878,1.2787017822265625,1.0
52,23,-11.160219192504883,4.924964427947998,13.0
52,24,-9.570744514465332,3.9245402812957764,4.0
52,25,-7.6074042320251465,4.579000473022461,5.0
52,26,-15.250444412231445,4.000438690185547,71.0
52,27,-0.7055574059486389,2.024975061416626,1.0
52,28,-7.858963966369629,2.3946049213409424,4.0
52,29,-14.640718460083008,6.234447002410889,18.0
52,30,-6.046954154968262,2.739637613296509,3.0
52,31,-7.309990406036377,3.3815414905548096,5.0
52,32,-15.773466110229492,192.06272888183594,21.0
52,33,-5.2917938232421875,14.09608268737793,19.0
52,34,-11.614718437194824,18.24114227294922,39.0
52,35,-16.626068115234375,27.80493927001953,47.0
52,36,-2.4854302406311035,3.465008497238159,1.0
52,37,-20.219161987304688,845.32470703125,588.0
52,38,-27.127260208129883,48.19825744628906,44.0
52,39,-3.90303897857666,7.0393757820129395,2.0
52,40,-13.539469718933105,9.550353050231934,17.0
52,41,-13.634796142578125,30.22589683532715,48.0
52,42,-4.260302543640137,4.137537479400635,11.0
52,43,-9.867773056030273,11.78636360168457,140.0
52,44,-10.24180793762207,30.384599685668945,36.0
52,45,-13.126317977905273,26.617780685424805,129.0
52,46,-3.919670581817627,50.38384246826172,8.0
52,47,-5.621177673339844,3.0778629779815674,5.0
52,48,-9.3125638961792,4.721346378326416,8.0
52,49,-4.278643608093262,4.1629109382629395,5.0
52,50,-10.198537826538086,163.90203857421875,107.0
52,51,-10.53119945526123,5.784604072570801,3.0
52,52,-4.532217502593994,3.10512638092041,6.0
52,53,-9.656675338745117,2.626540422439575,7.0
52,54,-17.58915138244629,9.01278305053711,68.0
52,55,-5.693178176879883,4.150772571563721,4.0
52,56,-12.453497886657715,4.743082523345947,133.0
52,57,-19.975933074951172,12.145899772644043,157.0
52,58,-6.717629909515381,5.362377643585205,28.0
52,59,-43.30210494995117,11.085884094238281,754.0
52,60,-13.55033016204834,91.54004669189453,338.0
52,61,-9.918277740478516,27.2783260345459,15.0
52,62,-18.102018356323242,92.3425064086914,216.0
52,63,-7.873166084289551,3.0794098377227783,8.0
52,64,-5.315903663635254,5.882418155670166,3.0
52,65,-40.97138595581055,41.45760726928711,641.0
52,66,-7.9358086585998535,3.107090950012207,3.0
54,0,-7.139300346374512,2.2105815410614014,3.0
54,1,-1.2169394493103027,1.5002721548080444,1.0
54,2,-9.926336288452148,27.351703643798828,148.0
54,3,-6.825238227844238,3.915909767150879,5.0
54,4,-22.619733810424805,12.345650672912598,61.0
54,5,-5.961151123046875,3.2944202423095703,4.0
54,6,-5.382772445678711,6.015007019042969,5.0
54,7,-8.537216186523438,3.385841131210327,8.0
54,8,-5.196340084075928,3.665940761566162,6.0
54,9,-19.30270767211914,8.53986644744873,88.0
54,10,-11.05537223815918,3.4156734943389893,21.0
54,11,-9.760676383972168,25.882287979125977,84.0
54,12,-20.277652740478516,9.516932487487793,147.0
54,13,-8.954492568969727,3.593810796737671,3.0
54,14,-6.982172966003418,1.5927757024765015,11.0
54,15,-8.932331085205078,1.8139171600341797,3.0
54,16,-14.225258827209473,35.03384780883789,312.0
54,17,-4.7343034744262695,1.9666451215744019,4.0
54,18,-10.519092559814453,5.772943496704102,17.0
54,19,-11.18011474609375,4.045132637023926,85.0
54,20,-4.928842544555664,2.273848533630371,4.0
54,21,-12.992588996887207,13.443798065185547,17.0
54,22,-1.4625643491744995,1.2760388851165771,1.0
54,23,-11.221391677856445,4.968191623687744,13.0
54,24,-9.449702262878418,3.8572614192962646,4.0
54,25,-7.4866414070129395,4.469731330871582,5.0
54,26,-15.628607749938965,4.140359401702881,75.0
54,27,-0.6861072182655334,1.9859695434570312,1.0
54,28,-8.006022453308105,2.434053659439087,4.0
54,29,-14.737869262695312,6.3106184005737305,19.0
54,30,-5.943596363067627,2.6928482055664062,3.0
54,31,-7.234258651733398,3.3391284942626953,4.0
54,32,-15.471369743347168,173.66412353515625,21.0
54,33,-5.258169174194336,13.861076354980469,19.0
54,34,-11.726096153259277,18.756193161010742,40.0
54,35,-16.44102668762207,26.79473304748535,47.0
54,36,-2.4629523754119873,3.426283836364746,1.0
54,37,-20.185726165771484,835.955322265625,593.0
54,38,-26.8300724029541,46.19480514526367,43.0
54,39,-3.8534884452819824,6.867116451263428,2.0
54,40,-13.503194808959961,9.492788314819336,17.0
54,41,-13.578984260559082,29.807083129882812,47.0
54,42,-4.240267753601074,4.1099982261657715,11.0
54,43,-9.875039100646973,11.807793617248535,139.0
54,44,-10.290827751159668,30.885164260864258,36.0
54,45,-13.001764297485352,25.80171775817871,122.0
54,46,-3.861285448074341,47.526405334472656,8.0
54,47,-5.619296550750732,3.07670521736145,5.0
54,48,-9.171964645385742,4.611996173858643,7.0
54,49,-4.249669551849365,4.122898578643799,5.0
54,50,-10.288660049438477,171.45657348632812,110.0
54,51,-10.451093673706055,5.707887649536133,3.0
54,52,-4.502688407897949,3.0822877883911133,6.0
54,53,-9.587397575378418,2.6084072589874268,7.0
54,54,-17.566558837890625,8.987366676330566,71.0
54,55,-5.734440803527832,4.193812370300293,4.0
54,56,-12.46291732788086,4.74867057800293,142.0
54,57,-19.90853500366211,12.0440034866333,158.0
54,58,-6.705706596374512,5.34641695022583,28.0
54,59,-43.11091613769531,10.968757629394531,768.0
54,60,-13.591649055480957,92.8095474243164,347.0
54,61,-9.903313636779785,27.14260482788086,14.0
54,62,-17.946361541748047,88.8180923461914,212.0
54,63,-7.86549186706543,3.076035976409912,8.0
54,64,-5.2566986083984375,5.767467021942139,3.0
54,65,-40.754634857177734,40.64869689941406,627.0
54,66,-7.793730735778809,3.0446627140045166,3.0
56,0,-7.071037292480469,2.193877935409546,3.0
56,1,-1.236798644065857,1.510236382484436,1.0
56,2,-10.036393165588379,28.373750686645508,151.0
56,3,-6.945350170135498,4.011117935180664,5.0
56,4,-22.760478973388672,12.54023265838623,61.0
56,5,-5.961207866668701,3.2944576740264893,4.0
56,6,-5.313774585723877,5.8782453536987305,5.0
56,7,-8.494668006896973,3.365323066711426,8.0
56,8,-5.243263244628906,3.709198474884033,6.0
56,9,-19.100406646728516,8.35004997253418,85.0
56,10,-11.002751350402832,3.395761489868164,19.0
56,11,-9.703775405883789,25.3960018157959,83.0
56,12,-20.324981689453125,9.567111015319824,159.0
56,13,-8.971366882324219,3.602484941482544,3.0
56,14,-6.758459091186523,1.5691968202590942,11.0
56,15,-8.940946578979492,1.8149594068527222,3.0
56,16,-14.069124221801758,33.69269561767578,271.0
56,17,-4.784694671630859,1.9808534383773804,4.0
56,18,-10.488751411437988,5.743824481964111,17.0
56,19,-11.022604942321777,3.9662678241729736,79.0
56,20,-4.918190956115723,2.26981520652771,4.0
56,21,-13.015192985534668,13.50471019744873,18.0
56,22,-1.443817138671875,1.272058129310608,1.0
56,23,-11.23286247253418,4.976339817047119,13.0
56,24,-9.5233793258667,3.8980748653411865,4.0
56,25,-7.464544773101807,4.450021743774414,5.0
56,26,-15.991984367370605,4.279416561126709,85.0
56,27,-0.6841447353363037,1.982075810432434,1.0
56,28,-8.225420951843262,2.494119167327881,4.0
56,29,-15.280817031860352,6.753778457641602,20.0
56,30,-6.003480911254883,2.7198593616485596,3.0
56,31,-7.1564130783081055,3.2960855960845947,4.0
56,32,-15.178938865661621,157.53475952148438,21.0
56,33,-5.195511817932129,13.433558464050293,18.0
56,34,-11.679118156433105,18.537200927734375,39.0
56,35,-16.621030807495117,27.77693748474121,47.0
56,36,-2.5070486068725586,3.5026655197143555,1.0
56,37,-20.154186248779297,827.2127685546875,550.0
56,38,-26.86996078491211,46.458797454833984,43.0
56,39,-3.81388521194458,6.732473850250244,2.0
56,40,-13.532679557800293,9.539552688598633,17.0
56,41,-13.622249603271484,30.131237030029297,46.0
56,42,-4.250344753265381,4.12382698059082,11.0
56,43,-9.807862281799316,11.611146926879883,128.0
56,44,-10.28606128692627,30.83613395690918,36.0
56,45,-12.876087188720703,25.003650665283203,117.0
56,46,-3.8182687759399414,45.525325775146484,8.0
56,47,-5.646809101104736,3.093681573867798,5.0
56,48,-9.28167724609375,4.697103977203369,7.0
56,49,-4.14035701751709,3.975374460220337,5.0
56,50,-10.273374557495117,170.1511688232422,112.0
56,51,-10.497395515441895,5.752106189727783,3.0
56,52,-4.506645202636719,3.0853383541107178,6.0
56,53,-9.636677742004395,2.621293067932129,7.0
56,54,-17.615001678466797,9.041953086853027,70.0
56,55,-5.744011402130127,4.203858852386475,4.0
56,56,-12.450931549072266,4.741560935974121,141.0
56,57,-19.777143478393555,11.847808837890625,159.0
56,58,-6.718138694763184,5.3630595207214355,28.0
56,59,-42.834312438964844,10.80148983001709,759.0
56,60,-13.56187629699707,91.89307403564453,343.0
56,61,-9.86019229888916,26.755250930786133,14.0
56,62,-17.793556213378906,85.48912048339844,199.0
56,63,-7.865962028503418,3.076242446899414,8.0
56,64,-5.103265762329102,5.479909420013428,3.0
56,65,-40.77131652832031,40.71038818359375,612.0
56,66,-7.725313186645508,3.0150489807128906,3.0
58,0,-7.058941841125488,2.190931558609009,3.0
58,1,-1.2303763628005981,1.5070067644119263,1.0
58,2,-10.096510887145996,28.948068618774414,154.0
58,3,-6.85048770904541,3.935734272003174,5.0
58,4,-22.771411895751953,12.555475234985352,62.0
58,5,-5.981666564941406,3.3079652786254883,4.0
58,6,-5.2884907722473145,5.828911781311035,5.0
58,7,-8.505788803100586,3.370673656463623,8.0
58,8,-5.282663345336914,3.7459146976470947,6.0
58,9,-18.894487380981445,8.161169052124023,78.0
58,10,-11.035959243774414,3.4083139896392822,20.0
58,11,-9.731237411499023,25.629545211791992,85.0
58,12,-20.304702758789062,9.545578002929688,156.0
58,13,-8.942028999328613,3.5874176025390625,3.0
58,14,-6.5923075675964355,1.5519112348556519,11.0
58,15,-8.738689422607422,1.7906512022018433,3.0
58,16,-14.062010765075684,33.63283157348633,267.0
58,17,-4.75820255279541,1.973370909690857,4.0
58,18,-10.477566719055176,5.733127593994141,17.0
58,19,-10.848791122436523,3.881023406982422,75.0
58,20,-4.870035171508789,2.2516708374023438,4.0
58,21,-13.028292655944824,13.540139198303223,18.0
58,22,-1.4209110736846924,1.2672110795974731,1.0
58,23,-11.286792755126953,5.014827728271484,13.0
58,24,-9.657445907592773,3.9734513759613037,4.0
58,25,-7.449907302856445,4.437012672424316,5.0
58,26,-16.12497329711914,4.33146858215332,88.0
58,27,-0.6643446087837219,1.9432164430618286,1.0
58,28,-8.384458541870117,2.5385842323303223,4.0
58,29,-15.578758239746094,7.010049819946289,21.0
58,30,-6.047578811645508,2.7399230003356934,3.0
58,31,-7.160902976989746,3.2985527515411377,4.0
58,32,-15.027653694152832,149.78750610351562,21.0
58,33,-5.1689276695251465,13.256179809570312,16.0
58,34,-11.637575149536133,18.345674514770508,39.0
58,35,-16.523487091064453,27.240299224853516,47.0
58,36,-2.5348033905029297,3.551612377166748,2.0
58,37,-20.176589965820312,833.4136962890625,570.0
58,38,-26.77057456970215,45.8038330078125,44.0
58,39,-3.79103422164917,6.655989646911621,2.0
58,40,-13.515023231506348,9.51152229309082,17.0
58,41,-13.695573806762695,30.68866729736328,48.0
58,42,-4.191634654998779,4.04390811920166,10.0
58,43,-9.748061180114746,11.438848495483398,119.0
58,44,-10.160789489746094,29.575010299682617,36.0
58,45,-12.820842742919922,24.660696029663086,114.0
58,46,-3.78619647026062,44.08838653564453,8.0
58,47,-5.632923126220703,3.085101842880249,4.0
58,48,-9.275707244873047,4.6924333572387695,7.0
58,49,-4.125900745391846,3.9562644958496094,4.0
58,50,-10.328852653503418,174.93707275390625,112.0
58,51,-10.502738952636719,5.757230758666992,3.0
58,52,-4.5162529945373535,3.0927579402923584,6.0
58,53,-9.739484786987305,2.648380994796753,7.0
58,54,-17.544143676757812,8.96221923828125,70.0
58,55,-5.685305118560791,4.142611026763916,4.0
58,56,-12.487544059753418,4.76331090927124,145.0
58,57,-19.607040405273438,11.598549842834473,156.0
58,58,-6.7267165184021,5.374573230743408,28.0
58,59,-42.80927276611328,10.78647518157959,745.0
58,60,-13.495460510253906,89.88103485107422,338.0
58,61,-9.866619110107422,26.8126277923584,14.0
58,62,-17.739566802978516,84.3429946899414,197.0
58,63,-7.827147483825684,3.059232234954834,8.0
58,64,-5.10943603515625,5.491191864013672,3.0
58,65,-40.7012939453125,40.45206069946289,582.0
58,66,-7.659895896911621,2.987003803253174,3.0
60,0,-7.117945671081543,2.2053425312042236,3.0
60,1,-1.2481828927993774,1.515978217124939,1.0
60,2,-10.013940811157227,28.162189483642578,148.0
60,3,-6.8390398025512695,3.9267337322235107,5.0
60,4,-22.819347381591797,12.622528076171875,63.0
60,5,-5.913393974304199,3.263103723526001,4.0
60,6,-5.336625099182129,5.923189163208008,5.0
60,7,-8.504058837890625,3.3698408603668213,8.0
60,8,-5.165406703948975,3.637700319290161,7.0
60,9,-18.7449951171875,8.02673053741455,71.0
60,10,-10.97047233581543,3.383603572845459,19.0
60,11,-9.658439636230469,25.01510238647461,83.0
60,12,-20.375621795654297,9.62109375,159.0
60,13,-8.921432495117188,3.576878070831299,3.0
60,14,-6.4844279289245605,1.5407898426055908,11.0
60,15,-8.837242126464844,1.8024547100067139,3.0
60,16,-13.961873054504395,32.80130386352539,255.0
60,17,-4.607470512390137,1.9313323497772217,4.0
60,18,-10.271343231201172,5.539424419403076,16.0
60,19,-10.534089088439941,3.731316328048706,60.0
60,20,-4.676379203796387,2.1801562309265137,4.0
60,21,-12.998126983642578,13.458695411682129,14.0
60,22,-1.3930152654647827,1.2613332271575928,1.0
60,23,-11.318205833435059,5.037381649017334,13.0
60,24,-9.802569389343262,4.05668830871582,4.0
60,25,-7.464263916015625,4.449771881103516,5.0
60,26,-15.766639709472656,4.192641258239746,79.0
60,27,-0.6636906266212463,1.941946029663086,1.0
60,28,-8.340371131896973,2.526179075241089,4.0
60,29,-15.741050720214844,7.153711795806885,21.0
60,30,-6.085782051086426,2.7574243545532227,3.0
60,31,-7.22508430480957,3.334026336669922,4.0
60,32,-15.151009559631348,156.074951171875,24.0
60,33,-5.135270595550537,13.034964561462402,16.0
60,34,-11.603666305541992,18.190811157226562,39.0
60,35,-16.27114486694336,25.899641036987305,48.0
60,36,-2.5865087509155273,3.6446282863616943,2.0
60,37,-20.177791595458984,833.74755859375,583.0
60,38,-26.84324073791504,46.28179931640625,45.0
60,39,-3.7575669288635254,6.545536994934082,2.0
60,40,-13.486910820007324,9.467060089111328,16.0
60,41,-13.503355979919434,29.24881362915039,47.0
60,42,-4.147642135620117,3.9850401878356934,10.0
60,43,-9.726930618286133,11.378580093383789,105.0
60,44,-10.182631492614746,29.791126251220703,36.0
60,45,-12.724985122680664,24.07674217224121,111.0
60,46,-3.7240307331085205,41.43105697631836,8.0
60,47,-5.717235565185547,3.1375651359558105,4.0
60,48,-9.295323371887207,4.707799434661865,7.0
60,49,-4.022698402404785,3.8224799633026123,4.0
60,50,-10.323368072509766,174.45799255371094,112.0
60,51,-10.46989631652832,5.725802421569824,3.0
60,52,-4.519724369049072,3.0954430103302,6.0
60,53,-9.798537254333496,2.6640665531158447,7.0
60,54,-17.320026397705078,8.714630126953125,70.0
60,55,-5.62413215637207,4.079739093780518,3.0
60,56,-12.30749225616455,4.657303333282471,155.0
60,57,-19.499935150146484,11.44430160522461,160.0
60,58,-6.755855560302734,5.413868427276611,28.0
60,59,-42.75654983520508,10.754925727844238,745.0
60,60,-13.502707481384277,90.09842681884766,329.0
60,61,-9.919288635253906,27.287525177001953,13.0
60,62,-17.723281860351562,84.00030517578125,196.0
60,63,-7.806220054626465,3.0500996112823486,8.0
60,64,-5.040056228637695,5.365656852722168,2.0
60,65,-40.74122619628906,40.59917449951172,594.0
60,66,-7.61283016204834,2.9669878482818604,3.0
62,0,-7.1357221603393555,2.209702730178833,3.0
62,1,-1.2577261924743652,1.520808458328247,1.0
62,2,-9.861327171325684,26.765377044677734,137.0
62,3,-6.759836196899414,3.865021228790283,4.0
62,4,-22.798629760742188,12.593504905700684,63.0
62,5,-5.876333236694336,3.239006519317627,4.0
62,6,-5.417211532592773,6.0844550132751465,5.0
62,7,-8.524148941040039,3.379526138305664,8.0
62,8,-5.088935375213623,3.5688159465789795,7.0
62,9,-18.68707275390625,7.9752373695373535,71.0
62,10,-11.033370971679688,3.4073338508605957,21.0
62,11,-9.72290325164795,25.55844497680664,83.0
62,12,-20.466049194335938,9.71824836730957,155.0
62,13,-8.804107666015625,3.5174264907836914,3.0
62,14,-6.424657821655273,1.5346626043319702,11.0
62,15,-8.752345085144043,1.792281985282898,3.0
62,16,-14.029279708862305,33.35874557495117,269.0
62,17,-4.515410423278809,1.90609872341156,3.0
62,18,-10.227485656738281,5.499080657958984,17.0
62,19,-10.336406707763672,3.640244483947754,55.0
62,20,-4.589543342590332,2.1488308906555176,4.0
62,21,-12.967757225036621,13.377195358276367,14.0
62,22,-1.3806272745132446,1.2587316036224365,1.0
62,23,-11.399138450622559,5.095961570739746,13.0
62,24,-9.903203010559082,4.115429878234863,4.0
62,25,-7.469768047332764,4.454672336578369,5.0
62,26,-15.422557830810547,4.06352424621582,71.0
62,27,-0.6286214590072632,1.8750239610671997,1.0
62,28,-8.362091064453125,2.532283067703247,4.0
62,29,-15.959571838378906,7.351809978485107,21.0
62,30,-6.133487701416016,2.779435634613037,2.0
62,31,-7.2402544021606445,3.342466354370117,4.0
62,32,-15.326789855957031,165.4932098388672,25.0
62,33,-5.164029598236084,13.223753929138184,17.0
62,34,-11.51209831237793,17.779117584228516,39.0
62,35,-16.149259567260742,25.275915145874023,48.0
62,36,-2.626960277557373,3.7190940380096436,2.0
62,37,-20.10478973388672,813.7041015625,609.0
62,38,-27.0346622467041,47.56488037109375,43.0
62,39,-3.738813877105713,6.484450340270996,2.0
62,40,-13.47736930847168,9.452017784118652,17.0
62,41,-13.286767959594727,27.707191467285156,41.0
62,42,-4.13372802734375,3.966599941253662,10.0
62,43,-9.849742889404297,11.733356475830078,114.0
62,44,-10.085517883300781,28.842191696166992,35.0
62,45,-12.69609260559082,23.903459548950195,115.0
62,46,-3.7250754833221436,41.474365234375,8.0
62,47,-5.740982532501221,3.1525020599365234,6.0
62,48,-9.423456192016602,4.809417724609375,9.0
62,49,-3.991541624069214,3.782986640930176,4.0
62,50,-10.326483726501465,174.72999572753906,112.0
62,51,-10.505054473876953,5.759452819824219,3.0
62,52,-4.529661655426025,3.103142738342285,6.0
62,53,-9.865321159362793,2.681917905807495,7.0
62,54,-17.2423095703125,8.63038158416748,72.0
62,55,-5.510551452636719,3.9655234813690186,3.0
62,56,-12.20570182800293,4.598420143127441,154.0
62,57,-19.44048309326172,11.359567642211914,163.0
62,58,-6.7660112380981445,5.42763090133667,29.0
62,59,-42.63652038574219,10.683446884155273,699.0
62,60,-13.481867790222168,89.47471618652344,324.0
62,61,-10.041229248046875,28.419525146484375,13.0
62,62,-17.600494384765625,81.4609375,190.0
62,63,-7.8291215896606445,3.0600950717926025,8.0
62,64,-4.970925807952881,5.24342679977417,1.0
62,65,-40.693870544433594,40.42477798461914,556.0
62,66,-7.684916973114014,2.9976999759674072,3.0
64,0,-7.177480697631836,2.2199792861938477,3.0
64,1,-1.2679052352905273,1.5259772539138794,1.0
64,2,-9.549821853637695,24.125612258911133,117.0
64,3,-6.7441606521606445,3.8529231548309326,4.0
64,4,-22.927507400512695,12.775137901306152,62.0
64,5,-5.832304954528809,3.2106101512908936,4.0
64,6,-5.400793552398682,6.051247596740723,5.0
64,7,-8.492932319641113,3.3644888401031494,8.0
64,8,-5.026432037353516,3.5134835243225098,7.0
64,9,-18.644702911376953,7.937779426574707,69.0
64,10,-10.945585250854492,3.374260187149048,19.0
64,11,-9.781604766845703,26.063478469848633,84.0
64,12,-20.453411102294922,9.704610824584961,149.0
64,13,-8.820052146911621,3.5254478454589844,3.0
64,14,-6.4051923751831055,1.53267240524292,13.0
64,15,-8.732316970825195,1.7898905277252197,3.0
64,16,-13.850435256958008,31.900089263916016,252.0
64,17,-4.46917724609375,1.8935508728027344,2.0
64,18,-10.102314949035645,5.3855485916137695,16.0
64,19,-10.21401596069336,3.5849769115448,55.0
64,20,-4.402181148529053,2.082766056060791,4.0
64,21,-12.879781723022461,13.143881797790527,14.0
64,22,-1.37331223487854,1.2571979761123657,1.0
64,23,-11.399389266967773,5.09614372253418,13.0
64,24,-9.962905883789062,4.150680065155029,4.0
64,25,-7.510228633880615,4.490866661071777,5.0
64,26,-14.97437858581543,3.901289463043213,67.0
64,27,-0.6258402466773987,1.8698163032531738,1.0
64,28,-8.296125411987305,2.5137906074523926,4.0
64,29,-16.131696701049805,7.511702537536621,23.0
64,30,-6.181540489196777,2.8017849922180176,3.0
64,31,-7.229433536529541,3.336444139480591,4.0
64,32,-15.444348335266113,172.10696411132812,26.0
64,33,-5.118231296539307,12.924382209777832,15.0
64,34,-11.515539169311523,17.794418334960938,39.0
64,35,-16.022974014282227,24.6455135345459,48.0
64,36,-2.6294240951538086,3.7236785888671875,2.0
64,37,-20.252092361450195,854.65478515625,639.0
64,38,-27.009979248046875,47.3974494934082,42.0
64,39,-3.740082263946533,6.4885640144348145,2.0
64,40,-13.437370300292969,9.389215469360352,16.0
64,41,-13.171571731567383,26.920631408691406,42.0
64,42,-4.106095790863037,3.930232524871826,10.0
64,43,-9.771706581115723,11.506668090820312,103.0
64,44,-10.029492378234863,28.30855941772461,34.0
64,45,-12.547140121459961,23.029708862304688,110.0
64,46,-3.7387473583221436,42.045291900634766,8.0
64,47,-5.742459297180176,3.153433322906494,4.0
64,48,-9.482766151428223,4.857194423675537,9.0
64,49,-3.9150307178497314,3.6877264976501465,3.0
64,50,-10.276532173156738,170.42002868652344,110.0
64,51,-10.482629776000977,5.737967491149902,3.0
64,52,-4.517385005950928,3.0936331748962402,5.0
64,53,-9.891117095947266,2.688845157623291,7.0
64,54,-17.165552139282227,8.54797077178955,69.0
64,55,-5.443568229675293,3.8996706008911133,2.0
64,56,-12.290121078491211,4.647201061248779,165.0
64,57,-19.42782974243164,11.341615676879883,168.0
64,58,-6.694614410400391,5.3316121101379395,27.0
64,59,-42.556861877441406,10.636273384094238,702.0
64,60,-13.607059478759766,93.28753662109375,333.0
64,61,-10.120157241821289,29.177143096923828,13.0
64,62,-17.550188064575195,80.44285583496094,192.0
64,63,-7.794246196746826,3.044886827468872,7.0
64,64,-4.943849086761475,5.196314811706543,1.0
64,65,-40.653778076171875,40.2776985168457,562.0
64,66,-7.602695465087891,2.9626951217651367,3.0
66,0,-7.275670051574707,2.2443318367004395,3.0
66,1,-1.2560043334960938,1.5199358463287354,1.0
66,2,-9.5149564743042,23.84684944152832,115.0
66,3,-6.765580177307129,3.869464159011841,4.0
66,4,-22.913257598876953,12.754925727844238,61.0
66,5,-5.835115909576416,3.2124156951904297,4.0
66,6,-5.466653823852539,6.185562610626221,5.0
66,7,-8.464635848999023,3.3509156703948975,8.0
66,8,-4.978302955627441,3.471461772918701,7.0
66,9,-18.588380813598633,7.888260364532471,68.0
66,10,-10.991020202636719,3.3913376331329346,19.0
66,11,-9.824715614318848,26.440719604492188,84.0
66,12,-20.44825553894043,9.699054718017578,148.0
66,13,-8.749073028564453,3.4898808002471924,3.0
66,14,-6.410583019256592,1.533223271369934,14.0
66,15,-8.817028045654297,1.8000273704528809,3.0
66,16,-14.00887680053711,33.189022064208984,276.0
66,17,-4.414628028869629,1.878852367401123,2.0
66,18,-10.006919860839844,5.300599575042725,15.0
66,19,-9.973650932312012,3.4788658618927,53.0
66,20,-4.30439567565918,2.0490972995758057,4.0
66,21,-12.82950210571289,13.012369155883789,14.0
66,22,-1.3767067193984985,1.2579094171524048,1.0
66,23,-11.40406608581543,5.099550247192383,13.0
66,24,-9.962087631225586,4.150195598602295,4.0
66,25,-7.546423435211182,4.523494243621826,6.0
66,26,-14.75709342956543,3.8249826431274414,65.0
66,27,-0.5920131206512451,1.8076237440109253,1.0
66,28,-8.286748886108398,2.5111727714538574,4.0
66,29,-16.202037811279297,7.578041076660156,24.0
66,30,-6.201259613037109,2.8110082149505615,2.0
66,31,-7.224335670471191,3.3336102962493896,4.0
66,32,-15.49248218536377,174.890625,26.0
66,33,-5.113987922668457,12.896989822387695,15.0
66,34,-11.44407844543457,17.479339599609375,39.0
66,35,-15.92800235748291,24.181804656982422,47.0
66,36,-2.6293070316314697,3.7234604358673096,2.0
66,37,-20.17306137084961,832.4338989257812,633.0
66,38,-27.009449005126953,47.393856048583984,41.0
66,39,-3.720083713531494,6.424005508422852,2.0
66,40,-13.451973915100098,9.412095069885254,15.0
66,41,-13.079724311828613,26.309526443481445,42.0
66,42,-4.062079429626465,3.872988700866699,10.0
66,43,-9.704938888549805,11.316192626953125,101.0
66,44,-10.070357322692871,28.69680404663086,34.0
66,45,-12.537979125976562,22.97702407836914,112.0
66,46,-3.6856207847595215,39.86986541748047,8.0
66,47,-5.74129056930542,3.152696371078491,6.0
66,48,-9.492051124572754,4.86471700668335,9.0
66,49,-3.9100520610809326,3.6816117763519287,3.0
66,50,-10.304232597351074,172.7967987060547,111.0
66,51,-10.470847129821777,5.726710319519043,3.0
66,52,-4.530951499938965,3.1041436195373535,6.0
66,53,-10.000354766845703,2.7183783054351807,8.0
66,54,-17.149547576904297,8.530887603759766,71.0
66,55,-5.4176836013793945,3.874516487121582,2.0
66,56,-12.249765396118164,4.623817443847656,164.0
66,57,-19.350276947021484,11.232199668884277,166.0
66,58,-6.744074821472168,5.397947311401367,28.0
66,59,-42.637203216552734,10.683852195739746,658.0
66,60,-13.628990173339844,93.97200775146484,341.0
66,61,-10.101349830627441,28.99480628967285,13.0
66,62,-17.528629302978516,80.01045989990234,192.0
66,63,-7.7740020751953125,3.0360937118530273,7.0
66,64,-4.9011735916137695,5.122920036315918,1.0
66,65,-40.74229431152344,40.60312271118164,571.0
66,66,-7.542756080627441,2.937434434890747,3.0
68,0,-7.3244218826293945,2.2565219402313232,3.0
68,1,-1.2562311887741089,1.5200507640838623,1.0
68,2,-9.434134483337402,23.212976455688477,113.0
68,3,-6.8753767013549805,3.9553747177124023,5.0
68,4,-22.95508575439453,12.814342498779297,61.0
68,5,-5.807077407836914,3.1944515705108643,4.0
68,6,-5.4371161460876465,6.124959468841553,5.0
68,7,-8.425049781799316,3.332019329071045,8.0
68,8,-4.9939069747924805,3.48503041267395,7.0
68,9,-18.558454513549805,7.862075328826904,68.0
68,10,-11.040580749511719,3.410064458847046,21.0
68,11,-9.855219841003418,26.710941314697266,84.0
68,12,-20.5411376953125,9.79966926574707,150.0
68,13,-8.799089431762695,3.5149059295654297,3.0
68,14,-6.474307537078857,1.5397506952285767,14.0
68,15,-8.86805248260498,1.8061609268188477,3.0
68,16,-13.868806838989258,32.046939849853516,261.0
68,17,-4.378859519958496,1.8692762851715088,2.0
68,18,-9.917915344238281,5.222550868988037,15.0
68,19,-9.935935020446777,3.462503671646118,51.0
68,20,-4.321454048156738,2.0549309253692627,4.0
68,21,-12.746110916137695,12.797146797180176,14.0
68,22,-1.371629238128662,1.2568453550338745,1.0
68,23,-11.379586219787598,5.081747531890869,13.0
68,24,-9.987020492553711,4.165003776550293,4.0
68,25,-7.577663421630859,4.551845550537109,6.0
68,26,-14.597097396850586,3.7697505950927734,65.0
68,27,-0.5795546174049377,1.7852431535720825,1.0
68,28,-8.286277770996094,2.5110414028167725,4.0
68,29,-16.133699417114258,7.513582706451416,23.0
68,30,-6.210813522338867,2.81548810005188,2.0
68,31,-7.279590606689453,3.3644518852233887,4.0
68,32,-15.43381404876709,171.50367736816406,25.0
68,33,-5.148956775665283,13.124469757080078,16.0
68,34,-11.383974075317383,17.218656539916992,37.0
68,35,-15.835822105407715,23.740070343017578,47.0
68,36,-2.6216487884521484,3.709230422973633,2.0
68,37,-20.16811752319336,831.063232421875,654.0
68,38,-27.067787170410156,47.790496826171875,39.0
68,39,-3.7553768157958984,6.5383734703063965,2.0
68,40,-13.38994026184082,9.315286636352539,15.0
68,41,-12.99429702758789,25.75359535217285,41.0
68,42,-4.050069808959961,3.8575150966644287,10.0
68,43,-9.747610092163086,11.4375581741333,105.0
68,44,-10.110970497131348,29.087932586669922,34.0
68,45,-12.534525871276855,22.957197189331055,114.0
68,46,-3.712836980819702,40.96987533569336,8.0
68,47,-5.7766242027282715,3.1750545501708984,6.0
68,48,-9.557340621948242,4.917942047119141,9.0
68,49,-3.857635498046875,3.617845058441162,3.0
68,50,-10.282129287719727,170.89761352539062,110.0
68,51,-10.497056007385254,5.751780033111572,3.0
68,52,-4.556649208068848,3.124150037765503,5.0
68,53,-10.032463073730469,2.7271203994750977,8.0
68,54,-17.10020637512207,8.478434562683105,70.0
68,55,-5.424568176269531,3.881190776824951,2.0
68,56,-12.213763236999512,4.603055953979492,162.0
68,57,-19.354583740234375,11.238248825073242,169.0
68,58,-6.698242664337158,5.336450099945068,27.0
68,59,-42.74693298339844,10.749180793762207,676.0
68,60,-13.5917329788208,92.8121566772461,327.0
68,61,-10.134395599365234,29.315954208374023,13.0
68,62,-17.505617141723633,79.55146789550781,191.0
68,63,-7.753077507019043,3.027031421661377,7.0
68,64,-4.970702171325684,5.243036270141602,1.0
68,65,-40.714847564697266,40.50193405151367,555.0
68,66,-7.615311145782471,2.9680395126342773,3.0
70,0,-7.35981559753418,2.265413522720337,3.0
70,1,-1.261254072189331,1.5225979089736938,1.0
70,2,-9.433098793029785,23.204965591430664,113.0
70,3,-6.88065242767334,3.959550380706787,4.0
70,4,-22.901538848876953,12.738329887390137,61.0
70,5,-5.806177616119385,3.1938769817352295,4.0
70,6,-5.451266288757324,6.153916835784912,5.0
70,7,-8.42038345336914,3.329799175262451,8.0
70,8,-4.9710798263549805,3.465198516845703,7.0
70,9,-18.609840393066406,7.90709114074707,68.0
70,10,-10.970656394958496,3.3836729526519775,19.0
70,11,-9.8585786819458,26.74086570739746,84.0
70,12,-20.573223114013672,9.834668159484863,148.0
70,13,-8.80318832397461,3.5169644355773926,3.0
70,14,-6.412713050842285,1.5334409475326538,15.0
70,15,-8.828880310058594,1.801450252532959,3.0
70,16,-14.075214385986328,33.74403381347656,291.0
70,17,-4.38266658782959,1.870293140411377,2.0
70,18,-9.942081451416016,5.243627548217773,16.0
70,19,-10.055383682250977,3.5145905017852783,52.0
70,20,-4.367369174957275,2.0707168579101562,4.0
70,21,-12.798351287841797,12.931551933288574,14.0
70,22,-1.3865227699279785,1.2599689960479736,1.0
70,23,-11.430793762207031,5.119058609008789,13.0
70,24,-10.044200897216797,4.1991658210754395,4.0
70,25,-7.579957962036133,4.553934574127197,6.0
70,26,-14.54911994934082,3.7533440589904785,64.0
70,27,-0.57308030128479,1.7737221717834473,1.0
70,28,-8.282252311706543,2.509918451309204,4.0
70,29,-16.349002838134766,7.718541145324707,23.0
70,30,-6.183106422424316,2.802516222000122,3.0
70,31,-7.239290237426758,3.3419294357299805,4.0
70,32,-15.467494010925293,173.43992614746094,25.0
70,33,-5.164041519165039,13.223834037780762,16.0
70,34,-11.403438568115234,17.302650451660156,38.0
70,35,-15.82298469543457,23.67919921875,48.0
70,36,-2.644723892211914,3.7522733211517334,2.0
70,37,-20.21869659423828,845.1932983398438,648.0
70,38,-27.107707977294922,48.063819885253906,40.0
70,39,-3.745081663131714,6.504803657531738,2.0
70,40,-13.362262725830078,9.272415161132812,15.0
70,41,-13.010198593139648,25.85618019104004,42.0
70,42,-4.071646213531494,3.885359048843384,10.0
70,43,-9.789473533630371,11.557890892028809,107.0
70,44,-10.098183631896973,28.964218139648438,34.0
70,45,-12.584639549255371,23.246623992919922,115.0
70,46,-3.7258095741271973,41.504817962646484,8.0
70,47,-5.7345991134643555,3.148480176925659,5.0
70,48,-9.4974946975708,4.8691325187683105,9.0
70,49,-3.8512816429138184,3.6101906299591064,3.0
70,50,-10.290672302246094,171.62916564941406,111.0
70,51,-10.524365425109863,5.778018951416016,3.0
70,52,-4.567139148712158,3.1323537826538086,6.0
70,53,-10.086243629455566,2.7418265342712402,8.0
70,54,-17.211612701416016,8.597329139709473,71.0
70,55,-5.3920674324035645,3.849783182144165,2.0
70,56,-12.229207992553711,4.6119513511657715,153.0
70,57,-19.332441329956055,11.207185745239258,168.0
70,58,-6.713704586029053,5.357118129730225,28.0
70,59,-42.819061279296875,10.792340278625488,691.0
70,60,-13.584512710571289,92.58906555175781,330.0
70,61,-10.176116943359375,29.726505279541016,13.0
70,62,-17.624980926513672,81.96114349365234,196.0
70,63,-7.686997890472412,2.9985909461975098,7.0
70,64,-4.95002555847168,5.207024097442627,1.0
70,65,-40.61283874511719,40.128074645996094,549.0
70,66,-7.635594844818115,2.976652145385742,3.0
72,0,-7.355742931365967,2.2643885612487793,3.0
72,1,-1.2622915506362915,1.5231245756149292,1.0
72,2,-9.420196533203125,23.105379104614258,112.0
72,3,-6.877280235290527,3.956881046295166,4.0
72,4,-22.99864959716797,12.876522064208984,61.0
72,5,-5.759372711181641,3.164118528366089,4.0
72,6,-5.449624538421631,6.150550365447998,5.0
72,7,-8.425678253173828,3.3323187828063965,8.0
72,8,-5.007413864135742,3.4968183040618896,7.0
72,9,-18.634248733520508,7.928564548492432,69.0
72,10,-11.021720886230469,3.402925729751587,19.0
72,11,-9.84408950805664,26.61202621459961,84.0
72,12,-20.613319396972656,9.878580093383789,146.0
72,13,-8.795676231384277,3.5131924152374268,3.0
72,14,-6.511333465576172,1.5435560941696167,16.0
72,15,-8.948053359985352,1.815819501876831,3.0
72,16,-14.101846694946289,33.96945571899414,289.0
72,17,-4.355743408203125,1.863113522529602,2.0
72,18,-9.926654815673828,5.230163097381592,15.0
72,19,-9.95238208770752,3.4696292877197266,51.0
72,20,-4.351754188537598,2.0653347969055176,4.0
72,21,-12.772661209106445,12.86528205871582,14.0
72,22,-1.3833765983581543,1.2593084573745728,1.0
72,23,-11.368432998657227,5.073657035827637,13.0
72,24,-10.021284103393555,4.185441017150879,4.0
72,25,-7.5813798904418945,4.555230140686035,6.0
72,26,-14.430143356323242,3.7129669189453125,60.0
72,27,-0.5805692076683044,1.7870553731918335,1.0
72,28,-8.236329078674316,2.4971439838409424,4.0
72,29,-16.305301666259766,7.676492214202881,24.0
72,30,-6.138218879699707,2.781628131866455,2.0
72,31,-7.256409645080566,3.3514785766601562,4.0
72,32,-15.564071655273438,179.11428833007812,25.0
72,33,-5.234386920928955,13.69722843170166,19.0
72,34,-11.380638122558594,17.204303741455078,37.0
72,35,-15.8251953125,23.689668655395508,50.0
72,36,-2.6061182022094727,3.6805386543273926,2.0
72,37,-20.142240524291992,823.9257202148438,637.0
72,38,-27.180675506591797,48.56745147705078,39.0
72,39,-3.732828378677368,6.4650726318359375,2.0
72,40,-13.400955200195312,9.332404136657715,16.0
72,41,-12.943758010864258,25.430252075195312,40.0
72,42,-4.073925495147705,3.8883116245269775,10.0
72,43,-9.806049346923828,11.60588550567627,108.0
72,44,-10.098379135131836,28.966102600097656,34.0
72,45,-12.632964134216309,23.529172897338867,120.0
72,46,-3.7234301567077637,41.40618133544922,8.0
72,47,-5.766035556793213,3.168337821960449,5.0
72,48,-9.489664077758789,4.862781524658203,9.0
72,49,-3.8487637042999268,3.607161283493042,3.0
72,50,-10.286928176879883,171.30816650390625,110.0
72,51,-10.485000610351562,5.740234851837158,3.0
72,52,-4.606936454772949,3.1636743545532227,6.0
72,53,-10.130912780761719,2.7541017532348633,8.0
72,54,-17.30010414123535,8.69295597076416,77.0
72,55,-5.429955959320068,3.8864221572875977,3.0
72,56,-12.217628479003906,4.60528039932251,155.0
72,57,-19.36623764038086,11.254631996154785,169.0
72,58,-6.733592987060547,5.383820533752441,27.0
72,59,-42.83094787597656,10.799469947814941,683.0
72,60,-13.654495239257812,94.7743148803711,338.0
72,61,-10.17453384399414,29.710817337036133,13.0
72,62,-17.53569793701172,80.15196990966797,196.0
72,63,-7.686178684234619,2.9982402324676514,7.0
72,64,-4.941712379455566,5.192615032196045,1.0
72,65,-40.65787124633789,40.29269027709961,541.0
72,66,-7.5201544761657715,2.9279654026031494,3.0
74,0,-7.33147668838501,2.258291244506836,3.0
74,1,-1.2614489793777466,1.522696852684021,1.0
74,2,-9.330329895019531,22.423511505126953,110.0
74,3,-6.809134483337402,3.903317451477051,4.0
74,4,-22.770057678222656,12.55358600616455,60.0
74,5,-5.760866641998291,3.1650640964508057,4.0
74,6,-5.45475435256958,6.161076545715332,5.0
74,7,-8.46924877166748,3.3531246185302734,8.0
74,8,-4.860779762268066,3.3709511756896973,7.0
74,9,-18.735586166381836,8.018342971801758,70.0
74,10,-10.91974925994873,3.3645877838134766,19.0
74,11,-9.841263771057129,26.58696937561035,85.0
74,12,-20.591840744018555,9.855031967163086,139.0
74,13,-8.740814208984375,3.4857656955718994,3.0
74,14,-6.494491100311279,1.5418238639831543,16.0
74,15,-8.810379028320312,1.799229621887207,3.0
74,16,-14.143110275268555,34.321693420410156,294.0
74,17,-4.297113418579102,1.8475738763809204,2.0
74,18,-9.895708084106445,5.203256607055664,15.0
74,19,-9.92213249206543,3.4565346240997314,52.0
74,20,-4.304182529449463,2.0490243434906006,4.0
74,21,-12.71125602722168,12.708246231079102,14.0
74,22,-1.3913973569869995,1.2609930038452148,1.0
74,23,-11.333475112915039,5.04838228225708,13.0
74,24,-10.13991928100586,4.256979942321777,4.0
74,25,-7.57092809677124,4.545717716217041,5.0
74,26,-14.018844604492188,3.5766992568969727,56.0
74,27,-0.5766474604606628,1.7800606489181519,1.0
74,28,-8.124143600463867,2.466210126876831,4.0
74,29,-16.23571014404297,7.610004901885986,23.0
74,30,-6.101378917694092,2.764601707458496,2.0
74,31,-7.271817207336426,3.360095977783203,4.0
74,32,-15.575030326843262,179.76971435546875,25.0
74,33,-5.270874977111816,13.949414253234863,20.0
74,34,-11.391376495361328,17.250551223754883,39.0
74,35,-15.649593353271484,22.87211799621582,46.0
74,36,-2.610020399093628,3.6877264976501465,2.0
74,37,-20.146595001220703,825.1224365234375,646.0
74,38,-27.300182342529297,49.40373992919922,40.0
74,39,-3.662726402282715,6.242390155792236,1.0
74,40,-13.352133750915527,9.256773948669434,14.0
74,41,-12.81932258605957,24.651323318481445,37.0
74,42,-4.083292484283447,3.9004712104797363,10.0
74,43,-9.844152450561523,11.716968536376953,117.0
74,44,-10.164215087890625,29.608806610107422,34.0
74,45,-12.653194427490234,23.648473739624023,118.0
74,46,-3.7365915775299072,41.95474624633789,8.0
74,47,-5.743057727813721,3.153810977935791,5.0
74,48,-9.454320907592773,4.834221839904785,10.0
74,49,-3.89129900932312,3.65867018699646,3.0
74,50,-10.190656661987305,163.25743103027344,108.0
74,51,-10.436395645141602,5.693922519683838,3.0
74,52,-4.604735851287842,3.1619343757629395,6.0
74,53,-10.022760391235352,2.724475860595703,8.0
74,54,-17.223953247070312,8.610601425170898,78.0
74,55,-5.375642776489258,3.834007978439331,3.0
74,56,-12.159555435180664,4.5719709396362305,155.0
74,57,-19.351484298706055,11.233895301818848,169.0
74,58,-6.712857723236084,5.355984210968018,27.0
74,59,-42.807273864746094,10.785277366638184,670.0
74,60,-13.687350273132324,95.81793975830078,344.0
74,61,-10.291011810302734,30.887056350708008,13.0
74,62,-17.57257843017578,80.89440155029297,194.0
74,63,-7.700284957885742,3.0042881965637207,7.0
74,64,-4.899759292602539,5.120505332946777,1.0
74,65,-40.599369049072266,40.0789680480957,583.0
74,66,-7.544851303100586,2.9383139610290527,3.0
76,0,-7.335921764373779,2.259406805038452,3.0
76,1,-1.238409161567688,1.51104736328125,1.0
76,2,-9.002681732177734,20.103498458862305,96.0
76,3,-6.786271572113037,3.885509729385376,4.0
76,4,-22.631332397460938,12.36156940460205,58.0
76,5,-5.643801212310791,3.0918209552764893,4.0
76,6,-5.433109760284424,6.116785049438477,5.0
76,7,-8.45284652709961,3.3452765941619873,8.0
76,8,-4.618839740753174,3.173102855682373,7.0
76,9,-18.82606315612793,8.099356651306152,71.0
76,10,-10.792640686035156,3.3174030780792236,17.0
76,11,-9.906246185302734,27.16914939880371,87.0
76,12,-20.55206871032715,9.811578750610352,132.0
76,13,-8.600683212280273,3.4166789054870605,3.0
76,14,-6.337571144104004,1.5257784128189087,14.0
76,15,-8.6334228515625,1.778128743171692,3.0
76,16,-14.07972526550293,33.782108306884766,290.0
76,17,-4.18209981918335,1.8174653053283691,2.0
76,18,-9.959041595458984,5.25847053527832,16.0
76,19,-9.744009017944336,3.3804240226745605,45.0
76,20,-4.278018474578857,2.0401086807250977,4.0
76,21,-12.6853609085083,12.64260196685791,14.0
76,22,-1.3598287105560303,1.2543758153915405,1.0
76,23,-11.358953475952148,5.06679105758667,13.0
76,24,-10.284890174865723,4.3460612297058105,4.0
76,25,-7.57935905456543,4.553389072418213,6.0
76,26,-13.342357635498047,3.3633639812469482,51.0
76,27,-0.5346031188964844,1.706770658493042,1.0
76,28,-7.873469352722168,2.3984673023223877,4.0
76,29,-15.851551055908203,7.253208160400391,19.0
76,30,-6.045180797576904,2.738828182220459,2.0
76,31,-7.256037712097168,3.3512706756591797,4.0
76,32,-15.831275939941406,195.79965209960938,25.0
76,33,-5.327645301818848,14.351043701171875,20.0
76,34,-11.415495872497559,17.35488510131836,39.0
76,35,-15.501273155212402,22.203601837158203,46.0
76,36,-2.5721802711486816,3.6186106204986572,2.0
76,37,-20.20119857788086,840.2779541015625,668.0
76,38,-27.416847229003906,50.2340202331543,39.0
76,39,-3.649229049682617,6.200404644012451,2.0
76,40,-13.294289588928223,9.167961120605469,14.0
76,41,-12.723037719726562,24.06502342224121,37.0
76,42,-4.107902526855469,3.932600259780884,10.0
76,43,-9.90036678314209,11.882796287536621,134.0
76,44,-10.203226089477539,29.996339797973633,35.0
76,45,-12.70947265625,23.983549118041992,122.0
76,46,-3.8261373043060303,45.88496017456055,8.0
76,47,-5.6802263259887695,3.114427328109741,4.0
76,48,-9.342059135437012,4.744613170623779,8.0
76,49,-3.898159980773926,3.667046546936035,3.0
76,50,-10.220901489257812,165.74505615234375,104.0
76,51,-10.38939094543457,5.649488925933838,3.0
76,52,-4.622759819030762,3.1762139797210693,6.0
76,53,-9.844942092895508,2.6764578819274902,8.0
76,54,-17.25753402709961,8.646821022033691,75.0
76,55,-5.288204669952393,3.7511074542999268,3.0
76,56,-12.186311721801758,4.587287902832031,158.0
76,57,-19.36215591430664,11.24889087677002,175.0
76,58,-6.758845806121826,5.417917251586914,28.0
76,59,-42.69950866699219,10.72089958190918,663.0
76,60,-13.88880729675293,102.47332000732422,364.0
76,61,-10.339776039123535,31.39322280883789,13.0
76,62,-17.57630157470703,80.96973419189453,198.0
76,63,-7.672187805175781,2.992253303527832,7.0
76,64,-4.906331539154053,5.131734848022461,1.0
76,65,-40.73002624511719,40.557865142822266,589.0
76,66,-7.462191104888916,2.903820276260376,3.0
78,0,-7.267380237579346,2.242265462875366,3.0
78,1,-1.189764380455017,1.486743450164795,1.0
78,2,-8.738699913024902,18.410110473632812,87.0
78,3,-6.73087215423584,3.8426971435546875,4.0
78,4,-22.44962501525879,12.114497184753418,58.0
78,5,-5.623260498046875,3.0791454315185547,4.0
78,6,-5.373122215270996,5.995689392089844,5.0
78,7,-8.460138320922852,3.3487637042999268,8.0
78,8,-4.286367893218994,2.9200241565704346,6.0
78,9,-18.86867904663086,8.137800216674805,74.0
78,10,-10.70615005493164,3.285675287246704,17.0
78,11,-9.960494995117188,27.664913177490234,87.0
78,12,-20.484210968017578,9.737879753112793,125.0
78,13,-8.465746879577637,3.351447582244873,3.0
78,14,-6.149691581726074,1.506786823272705,13.0
78,15,-8.518538475036621,1.7645621299743652,3.0
78,16,-14.349385261535645,36.1380500793457,328.0
78,17,-4.069042682647705,1.7883471250534058,2.0
78,18,-9.91809368133545,5.222705841064453,16.0
78,19,-9.703919410705566,3.3635261058807373,46.0
78,20,-4.2686262130737305,2.0369176864624023,4.0
78,21,-12.700550079345703,12.68106746673584,14.0
78,22,-1.3345073461532593,1.2490932941436768,1.0
78,23,-11.387338638305664,5.087378025054932,13.0
78,24,-10.307476997375488,4.360107421875,5.0
78,25,-7.588345050811768,4.561579704284668,6.0
78,26,-12.75606632232666,3.1887927055358887,50.0
78,27,-0.5159776210784912,1.6752755641937256,1.0
78,28,-7.558750152587891,2.3160455226898193,4.0
78,29,-15.447406768798828,6.895892143249512,19.0
78,30,-6.176535606384277,2.7994492053985596,3.0
78,31,-7.246962547302246,3.346205711364746,4.0
78,32,-15.834373474121094,196.0019073486328,23.0
78,33,-5.367100238800049,14.636964797973633,22.0
78,34,-11.443859100341797,17.478382110595703,39.0
78,35,-15.21224308013916,20.956493377685547,43.0
78,36,-2.591017007827759,3.652853012084961,2.0
78,37,-20.333885192871094,878.2767944335938,695.0
78,38,-27.606550216674805,51.61399459838867,40.0
78,39,-3.5708322525024414,5.962060928344727,1.0
78,40,-13.316262245178223,9.201597213745117,16.0
78,41,-12.609565734863281,23.391937255859375,37.0
78,42,-4.105611801147461,3.929598569869995,10.0
78,43,-9.918161392211914,11.935776710510254,137.0
78,44,-10.218923568725586,30.153709411621094,35.0
78,45,-12.864450454711914,24.931015014648438,124.0
78,46,-3.8364877700805664,46.36235427856445,8.0
78,47,-5.63421630859375,3.085899591445923,4.0
78,48,-9.322476387023926,4.729153156280518,9.0
78,49,-3.8770670890808105,3.6413540840148926,4.0
78,50,-10.269502639770508,169.82208251953125,101.0
78,51,-10.378936767578125,5.639654159545898,3.0
78,52,-4.63004732131958,3.1820061206817627,6.0
78,53,-9.5580415725708,2.6007611751556396,8.0
78,54,-17.24781608581543,8.636323928833008,79.0
78,55,-5.163469314575195,3.6359386444091797,3.0
78,56,-12.051877975463867,4.510846138000488,159.0
78,57,-19.401838302612305,11.304826736450195,179.0
78,58,-6.751914978027344,5.4085373878479,27.0
78,59,-42.771522521972656,10.763875961303711,652.0
78,60,-13.922624588012695,103.63497161865234,375.0
78,61,-10.429391860961914,32.345149993896484,15.0
78,62,-17.691883087158203,83.34351348876953,204.0
78,63,-7.716317176818848,3.0111770629882812,8.0
78,64,-4.830592155456543,5.003798961639404,1.0
78,65,-40.93925094604492,41.336669921875,623.0
78,66,-7.369882583618164,2.865779399871826,3.0
80,0,-7.110727310180664,2.2035744190216064,3.0
80,1,-1.1492012739181519,1.4667764902114868,1.0
80,2,-8.84786319732666,19.092348098754883,87.0
80,3,-6.624214172363281,3.761593818664551,4.0
80,4,-22.400012969970703,12.047900199890137,56.0
80,5,-5.530179977416992,3.0223536491394043,4.0
80,6,-5.370412826538086,5.99027681350708,5.0
80,7,-8.468828201293945,3.3529231548309326,8.0
80,8,-4.06950569152832,2.7659287452697754,6.0
80,9,-18.9224796295166,8.186593055725098,76.0
80,10,-10.520620346069336,3.2186365127563477,17.0
80,11,-10.01447582244873,28.167211532592773,86.0
80,12,-20.330129623413086,9.572585105895996,115.0
80,13,-8.399163246154785,3.3197202682495117,3.0
80,14,-5.973123550415039,1.4891541004180908,12.0
80,15,-8.414694786071777,1.7523884773254395,3.0
80,16,-14.627074241638184,38.73596954345703,383.0
80,17,-3.919954299926758,1.750661015510559,2.0
80,18,-10.081392288208008,5.3668012619018555,16.0
80,19,-9.523252487182617,3.2884180545806885,44.0
80,20,-4.227272987365723,2.0229270458221436,4.0
80,21,-12.685935020446777,12.644055366516113,14.0
80,22,-1.3291651010513306,1.2479816675186157,1.0
80,23,-11.43661117553711,5.123314380645752,13.0
80,24,-10.485800743103027,4.472607135772705,5.0
80,25,-7.616293907165527,4.587149620056152,6.0
80,26,-12.395283699035645,3.0859017372131348,48.0
80,27,-0.4924241006374359,1.6362779140472412,1.0
80,28,-7.350940227508545,2.2631804943084717,4.0
80,29,-14.893257141113281,6.434391021728516,18.0
80,30,-6.19877815246582,2.8098461627960205,3.0
80,31,-7.144545555114746,3.2895724773406982,4.0
80,32,-15.745320320129395,190.26927185058594,21.0
80,33,-5.364676475524902,14.619236946105957,22.0
80,34,-11.529372215270996,17.856061935424805,39.0
80,35,-14.977766036987305,19.99641990661621,43.0
80,36,-2.5505733489990234,3.5797276496887207,2.0
80,37,-20.393423080444336,895.881103515625,712.0
80,38,-27.62148666381836,51.724246978759766,41.0
80,39,-3.5209593772888184,5.8152265548706055,1.0
80,40,-13.244000434875488,9.091440200805664,16.0
80,41,-12.631549835205078,23.520854949951172,37.0
80,42,-4.135011196136475,3.968296766281128,10.0
80,43,-9.927522659301758,11.963743209838867,140.0
80,44,-10.202547073364258,29.989553451538086,36.0
80,45,-12.869546890258789,24.962799072265625,125.0
80,46,-3.884873151779175,48.660770416259766,8.0
80,47,-5.597911834716797,3.0635745525360107,4.0
80,48,-9.252279281616211,4.6741461753845215,9.0
80,49,-3.861985206604004,3.623094081878662,4.0
80,50,-10.245274543762207,167.7772674560547,96.0
80,51,-10.3494873046875,5.612041473388672,3.0
80,52,-4.608246326446533,3.164710521697998,6.0
80,53,-9.25126838684082,2.522188186645508,8.0
80,54,-17.226566314697266,8.61341381072998,77.0
80,55,-5.094000339508057,3.5733375549316406,3.0
80,56,-12.034997940063477,4.501338005065918,167.0
80,57,-19.358047485351562,11.243115425109863,185.0
80,58,-6.766292095184326,5.428012371063232,27.0
80,59,-42.83259582519531,10.800458908081055,660.0
80,60,-13.993888854980469,106.12625885009766,381.0
80,61,-10.483634948730469,32.935298919677734,15.0
80,62,-17.815143585205078,85.95172882080078,217.0
80,63,-7.704219818115234,3.0059776306152344,8.0
80,64,-4.815624237060547,4.97889518737793,1.0
80,65,-40.91703796386719,41.25328063964844,634.0
80,66,-7.269289016723633,2.8248915672302246,3.0
82,0,-7.141718864440918,2.2111756801605225,3.0
82,1,-1.1558177471160889,1.470015048980713,1.0
82,2,-8.829360961914062,18.974960327148438,88.0
82,3,-6.587275981903076,3.7339072227478027,5.0
82,4,-22.38623046875,12.029464721679688,56.0
82,5,-5.456801891326904,2.978322744369507,4.0
82,6,-5.378105163574219,6.0056562423706055,5.0
82,7,-8.496625900268555,3.3662643432617188,8.0
82,8,-4.007718086242676,2.723531723022461,6.0
82,9,-19.07154083251953,8.323310852050781,78.0
82,10,-10.43124771118164,3.186832904815674,13.0
82,11,-10.011360168457031,28.137975692749023,86.0
82,12,-20.23404312133789,9.470930099487305,112.0
82,13,-8.296318054199219,3.2713027000427246,3.0
82,14,-5.950818061828613,1.4869413375854492,12.0
82,15,-8.442601203918457,1.755651593208313,3.0
82,16,-14.429574012756348,36.86982727050781,346.0
82,17,-3.9442009925842285,1.7567355632781982,2.0
82,18,-10.163461685180664,5.440713405609131,16.0
82,19,-9.477662086486816,3.269731283187866,45.0
82,20,-4.298206329345703,2.0469844341278076,4.0
82,21,-12.741134643554688,12.784415245056152,14.0
82,22,-1.3424361944198608,1.2507450580596924,1.0
82,23,-11.419695854187012,5.1109490394592285,13.0
82,24,-10.42924976348877,4.436619758605957,5.0
82,25,-7.611682891845703,4.582921028137207,6.0
82,26,-12.19974136352539,3.0315299034118652,46.0
82,27,-0.4863860011100769,1.6264277696609497,1.0
82,28,-7.326704978942871,2.257094383239746,4.0
82,29,-14.788151741027832,6.350407600402832,18.0
82,30,-6.22761344909668,2.8233823776245117,3.0
82,31,-7.2042059898376465,3.3224451541900635,5.0
82,32,-15.940269470214844,203.04409790039062,20.0
82,33,-5.381589412689209,14.743388175964355,22.0
82,34,-11.559874534606934,17.99274444580078,39.0
82,35,-14.950189590454102,19.886436462402344,43.0
82,36,-2.5590648651123047,3.5949583053588867,2.0
82,37,-20.469974517822266,919.035400390625,725.0
82,38,-27.621122360229492,51.721561431884766,41.0
82,39,-3.4878783226013184,5.719830513000488,1.0
82,40,-13.283890724182129,9.15208625793457,15.0
82,41,-12.542789459228516,23.00467300415039,36.0
82,42,-4.147622585296631,3.985013723373413,10.0
82,43,-9.94027328491211,12.001940727233887,140.0
82,44,-10.261190414428711,30.5815486907959,36.0
82,45,-12.993230819702148,25.746732711791992,127.0
82,46,-3.8700506687164307,47.9448127746582,8.0
82,47,-5.651386737823486,3.09651517868042,3.0
82,48,-9.241628646850586,4.66585636138916,9.0
82,49,-3.8734731674194336,3.6369948387145996,4.0
82,50,-10.229498863220215,166.4590606689453,94.0
82,51,-10.280939102172852,5.548290252685547,3.0
82,52,-4.600666522979736,3.158719301223755,6.0
82,53,-9.081768989562988,2.479797601699829,7.0
82,54,-17.24005699157715,8.627951622009277,75.0
82,55,-5.078492641448975,3.5595109462738037,3.0
82,56,-11.918927192687988,4.436500549316406,159.0
82,57,-19.331134796142578,11.205355644226074,184.0
82,58,-6.750286102294922,5.406335830688477,28.0
82,59,-42.848731994628906,10.81014633178711,667.0
82,60,-14.048437118530273,108.07357788085938,383.0
82,61,-10.524009704589844,33.38154602050781,15.0
82,62,-17.858827590942383,86.89556121826172,225.0
82,63,-7.699288368225098,3.0038607120513916,8.0
82,64,-4.838138580322266,5.016401767730713,2.0
82,65,-40.991615295410156,41.5339241027832,633.0
82,66,-7.189125061035156,2.792724847793579,3.0
84,0,-7.085193634033203,2.197331666946411,3.0
84,1,-1.1469377279281616,1.465670108795166,1.0
84,2,-8.935935974121094,19.661165237426758,92.0
84,3,-6.52449893951416,3.68731951713562,6.0
84,4,-22.26810646057129,11.872611045837402,56.0
84,5,-5.514157295227051,3.0126843452453613,4.0
84,6,-5.327956199645996,5.906098365783691,5.0
84,7,-8.53001594543457,3.3823599815368652,8.0
84,8,-3.9649200439453125,2.694546937942505,6.0
84,9,-19.003576278686523,8.260692596435547,80.0
84,10,-10.415306091308594,3.1811928749084473,14.0
84,11,-9.95336627960205,27.59925651550293,86.0
84,12,-20.31926155090332,9.561031341552734,114.0
84,13,-8.369264602661133,3.3055708408355713,3.0
84,14,-6.03103494644165,1.4949144124984741,12.0
84,15,-8.529613494873047,1.7658653259277344,3.0
84,16,-14.443591117858887,36.9992561340332,356.0
84,17,-3.9930977821350098,1.7690496444702148,2.0
84,18,-10.252370834350586,5.52193546295166,16.0
84,19,-9.713289260864258,3.3674681186676025,50.0
84,20,-4.374209403991699,2.0730788707733154,4.0
84,21,-12.742258071899414,12.787290573120117,14.0
84,22,-1.3262909650802612,1.2473838329315186,1.0
84,23,-11.437522888183594,5.123981952667236,13.0
84,24,-10.44306468963623,4.445384502410889,5.0
84,25,-7.644515037536621,4.6131134033203125,6.0
84,26,-12.388042449951172,3.0838708877563477,48.0
84,27,-0.47649747133255005,1.6104239225387573,1.0
84,28,-7.400527000427246,2.275684118270874,4.0
84,29,-14.631437301635742,6.227218151092529,18.0
84,30,-6.289519309997559,2.85266375541687,3.0
84,31,-7.157011032104492,3.2964141368865967,4.0
84,32,-15.52193832397461,176.61624145507812,18.0
84,33,-5.266442775726318,13.918535232543945,19.0
84,34,-11.577157974243164,18.07065773010254,40.0
84,35,-14.801862716674805,19.305160522460938,43.0
84,36,-2.5298914909362793,3.542900562286377,1.0
84,37,-20.426231384277344,905.732421875,699.0
84,38,-27.43197250366211,50.342681884765625,41.0
84,39,-3.427032470703125,5.548436641693115,1.0
84,40,-13.209076881408691,9.038677215576172,15.0
84,41,-12.55122184753418,23.053220748901367,34.0
84,42,-4.181050777435303,4.029666423797607,10.0
84,43,-9.857297897338867,11.755538940429688,139.0
84,44,-10.30499267578125,31.031335830688477,36.0
84,45,-12.970085144042969,25.598180770874023,125.0
84,46,-3.847724676132202,46.886260986328125,8.0
84,47,-5.576419353485107,3.050433874130249,3.0
84,48,-9.191690444946289,4.62718391418457,8.0
84,49,-3.871694326400757,3.634838819503784,4.0
84,50,-10.174013137817383,161.9044952392578,91.0
84,51,-10.2994384765625,5.565423488616943,3.0
84,52,-4.608872890472412,3.1652064323425293,6.0
84,53,-9.011024475097656,2.4623160362243652,7.0
84,54,-17.175331115722656,8.558426856994629,75.0
84,55,-5.033839225769043,3.519995927810669,3.0
84,56,-11.985040664672852,4.473316192626953,165.0
84,57,-19.211633682250977,11.039217948913574,185.0
84,58,-6.693546772003174,5.330188751220703,26.0
84,59,-42.9237060546875,10.855264663696289,678.0
84,60,-14.029155731201172,107.38123321533203,376.0
84,61,-10.427919387817383,32.32927322387695,15.0
84,62,-17.73812484741211,84.31259155273438,211.0
84,63,-7.718661308288574,3.0121853351593018,9.0
84,64,-4.7462310791015625,4.865049839019775,1.0
84,65,-41.01448059082031,41.62034225463867,655.0
84,66,-7.179230690002441,2.7887802124023438,3.0
86,0,-7.126005172729492,2.2073183059692383,3.0
86,1,-1.1378308534622192,1.4612277746200562,1.0
86,2,-9.120979309082031,20.912067413330078,96.0
86,3,-6.473363876342773,3.649801254272461,5.0
86,4,-22.294269561767578,11.907175064086914,56.0
86,5,-5.563378810882568,3.0424885749816895,4.0
86,6,-5.312660217285156,5.876062393188477,5.0
86,7,-8.523747444152832,3.3793323040008545,8.0
86,8,-3.9733269214630127,2.700216054916382,6.0
86,9,-19.01433563232422,8.270574569702148,83.0
86,10,-10.2870512008667,3.1361806392669678,13.0
86,11,-9.975850105285645,27.80687713623047,86.0
86,12,-20.160419464111328,9.393767356872559,115.0
86,13,-8.354324340820312,3.298523187637329,3.0
86,14,-6.008721351623535,1.492692232131958,12.0
86,15,-8.513928413391113,1.7640199661254883,3.0
86,16,-14.341779708862305,36.06940460205078,332.0
86,17,-4.040976524353027,1.7811912298202515,2.0
86,18,-10.405277252197266,5.664467811584473,16.0
86,19,-9.72777271270752,3.373570203781128,48.0
86,20,-4.393924713134766,2.079901933670044,4.0
86,21,-12.810708045959473,12.96355152130127,14.0
86,22,-1.3332862854003906,1.248839020729065,1.0
86,23,-11.42380142211914,5.11394739151001,13.0
86,24,-10.360773086547852,4.393430709838867,5.0
86,25,-7.643216609954834,4.6119160652160645,6.0
86,26,-12.603014945983887,3.1447317600250244,49.0
86,27,-0.4984062910079956,1.6460957527160645,1.0
86,28,-7.4560699462890625,2.2897720336914062,4.0
86,29,-14.416293144226074,6.061981201171875,18.0
86,30,-6.317490577697754,2.8659937381744385,3.0
86,31,-7.169058799743652,3.30303955078125,4.0
86,32,-15.415607452392578,170.4660186767578,17.0
86,33,-5.295821666717529,14.124499320983887,20.0
86,34,-11.575159072875977,18.061628341674805,40.0
86,35,-14.873069763183594,19.582061767578125,43.0
86,36,-2.554168224334717,3.586167573928833,1.0
86,37,-20.425508499145508,905.513916015625,710.0
86,38,-27.219539642333984,48.83785629272461,39.0
86,39,-3.4567198753356934,5.631410598754883,1.0
86,40,-13.239397048950195,9.084467887878418,15.0
86,41,-12.622330665588379,23.466707229614258,36.0
86,42,-4.171827793121338,4.01729679107666,10.0
86,43,-9.903560638427734,11.892289161682129,143.0
86,44,-10.255437850952148,30.52296257019043,36.0
86,45,-12.934237480163574,25.369796752929688,123.0
86,46,-3.8352060317993164,46.3029670715332,8.0
86,47,-5.578736305236816,3.0518476963043213,3.0
86,48,-9.154891967773438,4.598891735076904,7.0
86,49,-3.8694682121276855,3.6321425437927246,4.0
86,50,-10.190130233764648,163.2144775390625,91.0
86,51,-10.282228469848633,5.549482345581055,3.0
86,52,-4.586231231689453,3.1473405361175537,6.0
86,53,-8.974213600158691,2.4532687664031982,7.0
86,54,-17.20323944091797,8.588335037231445,77.0
86,55,-5.0760345458984375,3.557324171066284,3.0
86,56,-12.031049728393555,4.499117374420166,170.0
86,57,-19.1405029296875,10.941500663757324,181.0
86,58,-6.716745376586914,5.361192226409912,26.0
86,59,-42.79131317138672,10.775718688964844,691.0
86,60,-14.053857803344727,108.2690658569336,372.0
86,61,-10.39254379272461,31.950286865234375,15.0
86,62,-17.847736358642578,86.65494537353516,216.0
86,63,-7.793072700500488,3.0443766117095947,10.0
86,64,-4.761690139770508,4.8901848793029785,1.0
86,65,-40.91718292236328,41.25383377075195,656.0
86,66,-7.156513690948486,2.779744863510132,3.0
88,0,-7.068989276885986,2.1933789253234863,3.0
88,1,-1.1336669921875,1.4592009782791138,1.0
88,2,-9.083285331726074,20.650959014892578,94.0
88,3,-6.445845603942871,3.6297693252563477,5.0
88,4,-22.412940979003906,12.06521987915039,58.0
88,5,-5.582311630249023,3.0540308952331543,4.0
88,6,-5.252396106719971,5.759201526641846,5.0
88,7,-8.515877723693848,3.375535249710083,8.0
88,8,-3.988250255584717,2.71030855178833,6.0
88,9,-19.078170776367188,8.32944393157959,83.0
88,10,-10.376089096069336,3.167361259460449,14.0
88,11,-9.956186294555664,27.62520980834961,86.0
88,12,-20.11205291748047,9.343421936035156,118.0
88,13,-8.353741645812988,3.298248767852783,3.0
88,14,-5.953307151794434,1.4871881008148193,12.0
88,15,-8.473499298095703,1.7592718601226807,3.0
88,16,-14.341341018676758,36.06544494628906,334.0
88,17,-4.083339691162109,1.7920033931732178,3.0
88,18,-10.299650192260742,5.565619945526123,16.0
88,19,-9.747045516967773,3.381707191467285,50.0
88,20,-4.400891304016113,2.0823183059692383,4.0
88,21,-12.861122131347656,13.09492015838623,14.0
88,22,-1.3451049327850342,1.2513014078140259,1.0
88,23,-11.416406631469727,5.108548641204834,13.0
88,24,-10.46096420288086,4.456766128540039,5.0
88,25,-7.65962028503418,4.627070903778076,6.0
88,26,-12.868074417114258,3.221428632736206,50.0
88,27,-0.5046055912971497,1.6563321352005005,1.0
88,28,-7.530951499938965,2.3089027404785156,4.0
88,29,-14.464714050292969,6.098783016204834,18.0
88,30,-6.321619987487793,2.867966890335083,3.0
88,31,-7.108695030212402,3.269975423812866,4.0
88,32,-15.244709014892578,161.026611328125,17.0
88,33,-5.183686256408691,13.354362487792969,16.0
88,34,-11.559586524963379,17.991451263427734,41.0
88,35,-14.777505874633789,19.211345672607422,43.0
88,36,-2.5914313793182373,3.6536099910736084,1.0
88,37,-20.328399658203125,876.672119140625,668.0
88,38,-27.19274139404297,48.6512451171875,40.0
88,39,-3.463820457458496,5.651439189910889,1.0
88,40,-13.342981338500977,9.24266529083252,16.0
88,41,-12.542250633239746,23.001575469970703,35.0
88,42,-4.190206050872803,4.041982650756836,10.0
88,43,-9.789369583129883,11.55759048461914,137.0
88,44,-10.266302108764648,30.633703231811523,36.0
88,45,-12.939647674560547,25.40413475036621,122.0
88,46,-3.8648219108581543,47.69477844238281,8.0
88,47,-5.558389663696289,3.0394539833068848,3.0
88,48,-9.104447364807129,4.560388565063477,6.0
88,49,-3.883502721786499,3.649174451828003,5.0
88,50,-10.15042781829834,160.00640869140625,90.0
88,51,-10.28909683227539,5.5558390617370605,3.0
88,52,-4.588323593139648,3.148987293243408,6.0
88,53,-8.93289852142334,2.4431540966033936,7.0
88,54,-17.290359497070312,8.682374000549316,73.0
88,55,-5.10399055480957,3.582273483276367,4.0
88,56,-12.024988174438477,4.4957098960876465,169.0
88,57,-19.058521270751953,10.829947471618652,176.0
88,58,-6.7067413330078125,5.347800254821777,26.0
88,59,-42.881500244140625,10.829843521118164,706.0
88,60,-13.95888900756836,104.89534759521484,369.0
88,61,-10.388494491577148,31.907194137573242,16.0
88,62,-17.75523567199707,84.67402648925781,221.0
88,63,-7.7786664962768555,3.0381176471710205,9.0
88,64,-4.779196262359619,4.918804168701172,1.0
88,65,-40.8859748840332,41.1369514465332,638.0
88,66,-7.190832138061523,2.7934062480926514,3.0
90,0,-7.088118553161621,2.1980459690093994,3.0
90,1,-1.1451457738876343,1.4647948741912842,1.0
90,2,-9.223892211914062,21.641887664794922,100.0
90,3,-6.406874656677246,3.601588249206543,4.0
90,4,-22.394241333007812,12.040176391601562,56.0
90,5,-5.59214973449707,3.0600457191467285,4.0
90,6,-5.254111289978027,5.762495040893555,5.0
90,7,-8.536611557006836,3.3855483531951904,8.0
90,8,-4.000226974487305,2.7184362411499023,6.0
90,9,-19.02474594116211,8.280145645141602,83.0
90,10,-10.32923698425293,3.1509156227111816,14.0
90,11,-9.946414947509766,27.535377502441406,85.0
90,12,-20.07526969909668,9.305313110351562,119.0
90,13,-8.379573822021484,3.3104426860809326,3.0
90,14,-6.020119667053223,1.4938271045684814,12.0
90,15,-8.573067665100098,1.7709884643554688,3.0
90,16,-14.348969459533691,36.13429260253906,333.0
90,17,-4.082380294799805,1.7917578220367432,3.0
90,18,-10.48210334777832,5.737464427947998,17.0
90,19,-9.825234413146973,3.4149205684661865,53.0
90,20,-4.467889308929443,2.105700731277466,4.0
90,21,-12.852531433105469,13.072442054748535,14.0
90,22,-1.3390262126922607,1.2500343322753906,1.0
90,23,-11.450904846191406,5.133786678314209,13.0
90,24,-10.352267265319824,4.388095378875732,5.0
90,25,-7.628501892089844,4.598362922668457,6.0
90,26,-12.876555442810059,3.2239134311676025,50.0
90,27,-0.47329258918762207,1.6052711009979248,1.0
90,28,-7.614543914794922,2.3304479122161865,4.0
90,29,-14.34476089477539,6.008018970489502,18.0
90,30,-6.310277938842773,2.8625504970550537,3.0
90,31,-7.12004280090332,3.27616548538208,4.0
90,32,-15.223175048828125,159.87493896484375,17.0
90,33,-5.254698276519775,13.837041854858398,20.0
90,34,-11.559004783630371,17.988834381103516,41.0
90,35,-14.737954139709473,19.059980392456055,42.0
90,36,-2.571328639984131,3.617069959640503,1.0
90,37,-20.296497344970703,867.3989868164062,700.0
90,38,-26.93388557434082,46.885005950927734,40.0
90,39,-3.428218364715576,5.551727294921875,1.0
90,40,-13.347550392150879,9.249706268310547,16.0
90,41,-12.635808944702148,23.54591178894043,36.0
90,42,-4.202531814575195,4.058623790740967,10.0
90,43,-9.729028701782227,11.384550094604492,132.0
90,44,-10.274617195129395,30.718725204467773,36.0
90,45,-12.898263931274414,25.142658233642578,120.0
90,46,-3.84045147895813,46.546485900878906,8.0
90,47,-5.536531448364258,3.026195526123047,3.0
90,48,-9.11180591583252,4.565985202789307,6.0
90,49,-3.8741016387939453,3.63775634765625,5.0
90,50,-10.169742584228516,161.55914306640625,93.0
90,51,-10.279582023620605,5.547035217285156,3.0
90,52,-4.603113651275635,3.1606523990631104,6.0
90,53,-8.88162612915039,2.430659532546997,7.0
90,54,-17.22785186767578,8.614798545837402,72.0
90,55,-5.209744453430176,3.678246259689331,4.0
90,56,-11.962968826293945,4.460991382598877,163.0
90,57,-19.024436950683594,10.783904075622559,177.0
90,58,-6.702316761016846,5.341887950897217,26.0
90,59,-42.78578186035156,10.772407531738281,700.0
90,60,-13.998443603515625,106.28751373291016,369.0
90,61,-10.344064712524414,31.438133239746094,15.0
90,62,-17.7480411529541,84.5218734741211,208.0
90,63,-7.773667335510254,3.0359485149383545,9.0
90,64,-4.790359020233154,4.937140941619873,1.0
90,65,-40.75934600830078,40.66610336303711,671.0
90,66,-7.108841419219971,2.760878324508667,3.0
92,0,-6.999884128570557,2.1766021251678467,3.0
92,1,-1.1377766132354736,1.4612013101577759,1.0
92,2,-9.177517890930176,21.309917449951172,98.0
92,3,-6.403477668762207,3.599142074584961,4.0
92,4,-22.338703155517578,11.966105461120605,58.0
92,5,-5.621693134307861,3.0781803131103516,4.0
92,6,-5.221597671508789,5.70037841796875,5.0
92,7,-8.529871940612793,3.3822906017303467,8.0
92,8,-4.013427734375,2.7274222373962402,6.0
92,9,-18.99563980102539,8.253412246704102,83.0
92,10,-10.27499008178711,3.1319804191589355,13.0
92,11,-9.955348014831543,27.617490768432617,86.0
92,12,-20.119304656982422,9.350954055786133,121.0
92,13,-8.412245750427246,3.325930118560791,3.0
92,14,-6.057992935180664,1.4976036548614502,12.0
92,15,-8.589597702026367,1.7729411125183105,3.0
92,16,-14.367765426635742,36.30448913574219,338.0
92,17,-4.089651107788086,1.7936198711395264,2.0
92,18,-10.455347061157227,5.711935043334961,17.0
92,19,-9.907487869262695,3.4502129554748535,56.0
92,20,-4.434126853942871,2.0938847064971924,4.0
92,21,-12.842398643493652,13.045976638793945,15.0
92,22,-1.354299545288086,1.253220558166504,1.0
92,23,-11.411012649536133,5.104613304138184,13.0
92,24,-10.329692840576172,4.373967170715332,5.0
92,25,-7.659641742706299,4.627090930938721,6.0
92,26,-13.08134651184082,3.2844960689544678,51.0
92,27,-0.48410558700561523,1.6227229833602905,1.0
92,28,-7.6579742431640625,2.3417205810546875,4.0
92,29,-14.337743759155273,6.00275182723999,18.0
92,30,-6.461391448974609,2.935560941696167,3.0
92,31,-7.080748081207275,3.2547800540924072,4.0
92,32,-15.221558570861816,159.788818359375,17.0
92,33,-5.216219425201416,13.573369026184082,18.0
92,34,-11.56407642364502,18.011655807495117,41.0
92,35,-14.766637802124023,19.16963768005371,42.0
92,36,-2.555239200592041,3.5880885124206543,1.0
92,37,-20.30779457092285,870.6714477539062,682.0
92,38,-26.967605590820312,47.11140060424805,39.0
92,39,-3.461156129837036,5.64391565322876,1.0
92,40,-13.335062026977539,9.230473518371582,16.0
92,41,-12.635754585266113,23.54559326171875,37.0
92,42,-4.142657279968262,3.978423833847046,10.0
92,43,-9.644532203674316,11.146583557128906,124.0
92,44,-10.198243141174316,29.94655418395996,36.0
92,45,-12.890926361083984,25.096580505371094,119.0
92,46,-3.8340632915496826,46.25008773803711,8.0
92,47,-5.564553260803223,3.043203115463257,3.0
92,48,-9.085777282714844,4.546220302581787,6.0
92,49,-3.893503189086914,3.6613590717315674,5.0
92,50,-10.137593269348145,158.98289489746094,92.0
92,51,-10.215599060058594,5.488197326660156,3.0
92,52,-4.592628479003906,3.1523780822753906,6.0
92,53,-8.862005233764648,2.4258952140808105,7.0
92,54,-17.22836685180664,8.61535358428955,72.0
92,55,-5.205990314483643,3.6747958660125732,4.0
92,56,-12.001969337463379,4.482792377471924,162.0
92,57,-19.026477813720703,10.78665542602539,181.0
92,58,-6.698626518249512,5.3369622230529785,26.0
92,59,-42.938072204589844,10.863933563232422,709.0
92,60,-13.917693138122559,103.46477508544922,371.0
92,61,-10.337799072265625,31.372543334960938,15.0
92,62,-17.702726364135742,83.56974792480469,208.0
92,63,-7.779917240142822,3.0386600494384766,9.0
92,64,-4.78005313873291,4.920208930969238,2.0
92,65,-40.70512390136719,40.466156005859375,645.0
92,66,-7.12696647644043,2.768036127090454,3.0
94,0,-7.027120590209961,2.183198928833008,3.0
94,1,-1.1378231048583984,1.461223840713501,1.0
94,2,-9.33163833618164,22.433292388916016,107.0
94,3,-6.324899673461914,3.5430216789245605,4.0
94,4,-22.411231994628906,12.06292724609375,59.0
94,5,-5.561877250671387,3.0415751934051514,4.0
94,6,-5.210867881774902,5.680027008056641,5.0
94,7,-8.524999618530273,3.379937171936035,8.0
94,8,-4.000292778015137,2.7184808254241943,5.0
94,9,-18.94107437133789,8.203522682189941,83.0
94,10,-10.244020462036133,3.1212215423583984,14.0
94,11,-9.94674301147461,27.538393020629883,86.0
94,12,-20.057836532592773,9.28730583190918,121.0
94,13,-8.428339958190918,3.333585500717163,3.0
94,14,-5.959549427032471,1.4878071546554565,12.0
94,15,-8.606932640075684,1.7749911546707153,3.0
94,16,-14.288642883300781,35.59341812133789,328.0
94,17,-4.1260223388671875,1.8029636144638062,2.0
94,18,-10.438369750976562,5.695796489715576,16.0
94,19,-9.927212715148926,3.458730459213257,56.0
94,20,-4.510000705718994,2.1205315589904785,4.0
94,21,-12.921930313110352,13.255149841308594,15.0
94,22,-1.3440414667129517,1.2510796785354614,1.0
94,23,-11.400945663452148,5.0972771644592285,13.0
94,24,-10.384336471557617,4.408244609832764,5.0
94,25,-7.643601894378662,4.612271308898926,6.0
94,26,-13.113100051879883,3.2939915657043457,50.0
94,27,-0.47547709941864014,1.6087815761566162,1.0
94,28,-7.623501300811768,2.332768201828003,4.0
94,29,-14.408495903015137,6.056075572967529,18.0
94,30,-6.335196495056152,2.8744637966156006,3.0
94,31,-7.06866455078125,3.2482316493988037,4.0
94,32,-15.036874771118164,150.24862670898438,17.0
94,33,-5.18226957321167,13.344905853271484,17.0
94,34,-11.604597091674805,18.195043563842773,40.0
94,35,-14.749420166015625,19.103734970092773,41.0
94,36,-2.5668258666992188,3.608935832977295,1.0
94,37,-20.43540382385254,908.5059204101562,695.0
94,38,-26.875255584716797,46.493953704833984,41.0
94,39,-3.4274606704711914,5.549624443054199,1.0
94,40,-13.363180160522461,9.273832321166992,16.0
94,41,-12.636688232421875,23.551090240478516,35.0
94,42,-4.18591833114624,4.036210060119629,10.0
94,43,-9.66531753540039,11.204655647277832,125.0
94,44,-10.263005256652832,30.600051879882812,36.0
94,45,-12.938231468200684,25.3951416015625,122.0
94,46,-3.8553686141967773,47.246028900146484,8.0
94,47,-5.520773887634277,3.0166738033294678,3.0
94,48,-9.066109657287598,4.531342506408691,6.0
94,49,-3.8628222942352295,3.624105215072632,5.0
94,50,-10.154123306274414,160.30233764648438,90.0
94,51,-10.25625991821289,5.525516510009766,3.0
94,52,-4.599830627441406,3.1580593585968018,6.0
94,53,-8.843788146972656,2.4214797019958496,7.0
94,54,-17.129783630371094,8.509839057922363,71.0
94,55,-5.156431674957275,3.629547119140625,4.0
94,56,-11.994709014892578,4.478725910186768,157.0
94,57,-18.852497100830078,10.554603576660156,176.0
94,58,-6.727537631988525,5.375676155090332,27.0
94,59,-42.837379455566406,10.80333137512207,729.0
94,60,-13.931900024414062,103.95589447021484,370.0
94,61,-10.30296802520752,31.01039695739746,15.0
94,62,-17.626262664794922,81.98741149902344,207.0
94,63,-7.813956260681152,3.0534725189208984,9.0
94,64,-4.718819618225098,4.820799827575684,1.0
94,65,-40.53109359741211,39.83097457885742,658.0
94,66,-7.1204094886779785,2.76544451713562,3.0
96,0,-6.986102104187012,2.173271417617798,3.0
96,1,-1.1293723583221436,1.45711350440979,1.0
96,2,-9.363101959228516,22.6698055267334,107.0
96,3,-6.378474235534668,3.581188917160034,4.0
96,4,-22.455141067504883,12.121923446655273,59.0
96,5,-5.589804649353027,3.0586111545562744,4.0
96,6,-5.248015880584717,5.750798225402832,5.0
96,7,-8.557265281677246,3.395552396774292,8.0
96,8,-3.964440107345581,2.694223642349243,5.0
96,9,-19.009899139404297,8.266497611999512,83.0
96,10,-10.180376052856445,3.0992274284362793,13.0
96,11,-9.912545204162598,27.226255416870117,85.0
96,12,-20.024816513061523,9.253294944763184,121.0
96,13,-8.386672973632812,3.3138020038604736,3.0
96,14,-6.038608074188232,1.4956694841384888,12.0
96,15,-8.598540306091309,1.773998498916626,3.0
96,16,-14.274711608886719,35.469669342041016,332.0
96,17,-4.096696853637695,1.7954261302947998,2.0
96,18,-10.431939125061035,5.689694404602051,17.0
96,19,-10.030534744262695,3.503690719604492,57.0
96,20,-4.502449989318848,2.1178648471832275,4.0
96,21,-12.887310028076172,13.16368579864502,14.0
96,22,-1.3397648334503174,1.2501882314682007,1.0
96,23,-11.467612266540527,5.146054744720459,13.0
96,24,-10.256033897399902,4.328182697296143,5.0
96,25,-7.659693717956543,4.627139091491699,6.0
96,26,-13.194988250732422,3.3186047077178955,52.0
96,27,-0.48141419887542725,1.618361473083496,1.0
96,28,-7.674352169036865,2.3459858894348145,4.0
96,29,-14.218015670776367,5.913583278656006,18.0
96,30,-6.385039329528809,2.8984415531158447,3.0
96,31,-7.121342658996582,3.2768757343292236,4.0
96,32,-15.0255708694458,149.6835479736328,17.0
96,33,-5.166080951690674,13.237324714660645,16.0
96,34,-11.560261726379395,17.994487762451172,41.0
96,35,-14.745325088500977,19.088096618652344,41.0
96,36,-2.5813989639282227,3.635328531265259,1.0
96,37,-20.281911849975586,863.192138671875,685.0
96,38,-26.905757904052734,46.69698715209961,40.0
96,39,-3.492830276489258,5.734010696411133,1.0
96,40,-13.36285400390625,9.27332878112793,17.0
96,41,-12.730356216430664,24.109092712402344,37.0
96,42,-4.151100158691406,3.989635944366455,10.0
96,43,-9.72813606262207,11.382010459899902,133.0
96,44,-10.239131927490234,30.35750961303711,36.0
96,45,-12.885881423950195,25.064945220947266,119.0
96,46,-3.8099381923675537,45.14765167236328,8.0
96,47,-5.562334060668945,3.0418527126312256,3.0
96,48,-9.065408706665039,4.530813217163086,6.0
96,49,-3.8846516609191895,3.6505720615386963,5.0
96,50,-10.098419189453125,155.89918518066406,88.0
96,51,-10.252540588378906,5.522092342376709,3.0
96,52,-4.578851699829102,3.1415393352508545,6.0
96,53,-8.872642517089844,2.4284768104553223,7.0
96,54,-17.24584197998047,8.634193420410156,72.0
96,55,-5.243989944458008,3.709872245788574,4.0
96,56,-12.031122207641602,4.499157905578613,163.0
96,57,-18.838226318359375,10.53579330444336,172.0
96,58,-6.67579460144043,5.306585788726807,26.0
96,59,-42.770355224609375,10.763177871704102,699.0
96,60,-13.981162071228027,105.67703247070312,366.0
96,61,-10.306102752685547,31.04281997680664,15.0
96,62,-17.73950958251953,84.34178924560547,213.0
96,63,-7.834359169006348,3.0623855590820312,9.0
96,64,-4.718318939208984,4.819995403289795,1.0
96,65,-40.70978546142578,40.48330307006836,642.0
96,66,-7.0907745361328125,2.7537615299224854,3.0
98,0,-6.953085899353027,2.165313482284546,3.0
98,1,-1.1146231889724731,1.449967384338379,1.0
98,2,-9.418118476867676,23.089380264282227,109.0
98,3,-6.330907344818115,3.547281265258789,5.0
98,4,-22.400287628173828,12.04826831817627,59.0
98,5,-5.601409912109375,3.065718412399292,4.0
98,6,-5.227015495300293,5.7106828689575195,5.0
98,7,-8.506712913513184,3.3711185455322266,8.0
98,8,-3.988926649093628,2.7107670307159424,5.0
98,9,-19.00935935974121,8.266003608703613,83.0
98,10,-10.252450942993164,3.1241466999053955,14.0
98,11,-9.920888900756836,27.302080154418945,85.0
98,12,-19.999317169189453,9.227113723754883,124.0
98,13,-8.355856895446777,3.299245595932007,3.0
98,14,-6.053275108337402,1.4971325397491455,12.0
98,15,-8.625402450561523,1.777178168296814,3.0
98,16,-14.324172019958496,35.91097640991211,335.0
98,17,-4.146973133087158,1.8083678483963013,3.0
98,18,-10.387452125549316,5.647664546966553,17.0
98,19,-9.984831809997559,3.483731269836426,56.0
98,20,-4.515042781829834,2.122314453125,4.0
98,21,-12.889302253723145,13.16893196105957,15.0
98,22,-1.3317654132843018,1.2485226392745972,1.0
98,23,-11.394773483276367,5.092784881591797,13.0
98,24,-10.339783668518066,4.380276679992676,5.0
98,25,-7.633707523345947,4.603153228759766,6.0
98,26,-13.159764289855957,3.307994842529297,50.0
98,27,-0.4839365482330322,1.6224486827850342,1.0
98,28,-7.645981788635254,2.3386025428771973,4.0
98,29,-14.263456344604492,5.947268962860107,18.0
98,30,-6.402027130126953,2.9066598415374756,3.0
98,31,-7.053275108337402,3.239910840988159,4.0
98,32,-15.03581428527832,150.195556640625,17.0
98,33,-5.241211414337158,13.744047164916992,20.0
98,34,-11.582330703735352,18.094039916992188,41.0
98,35,-14.67455005645752,18.819808959960938,40.0
98,36,-2.582810401916504,3.637895107269287,1.0
98,37,-20.34889030456543,882.6804809570312,686.0
98,38,-26.86996841430664,46.45885467529297,40.0
98,39,-3.442939281463623,5.5927414894104,1.0
98,40,-13.328817367553711,9.220871925354004,16.0
98,41,-12.739500045776367,24.164268493652344,37.0
98,42,-4.1811981201171875,4.029864311218262,10.0
98,43,-9.619950294494629,11.078292846679688,124.0
98,44,-10.252882957458496,30.496976852416992,36.0
98,45,-12.897686958312988,25.139034271240234,119.0
98,46,-3.8166043758392334,45.449615478515625,8.0
98,47,-5.501091480255127,3.00482177734375,3.0
98,48,-9.038068771362305,4.510214805603027,6.0
98,49,-3.8756442070007324,3.639627695083618,5.0
98,50,-10.142865180969238,159.4025115966797,90.0
98,51,-10.28589153289795,5.552872180938721,3.0
98,52,-4.574207782745361,3.1378941535949707,6.0
98,53,-8.819519996643066,2.4156103134155273,7.0
98,54,-17.161317825317383,8.543448448181152,72.0
98,55,-5.1388750076293945,3.6136515140533447,4.0
98,56,-11.954627990722656,4.456343173980713,159.0
98,57,-18.818557739257812,10.50992202758789,171.0
98,58,-6.7288126945495605,5.377390384674072,27.0
98,59,-42.86473846435547,10.81976318359375,717.0
98,60,-13.84890079498291,101.11920928955078,362.0
98,61,-10.311050415039062,31.09405517578125,15.0
98,62,-17.670364379882812,82.8963623046875,211.0
98,63,-7.800040245056152,3.047408103942871,9.0
98,64,-4.748278617858887,4.868371486663818,1.0
98,65,-40.650062561035156,40.264102935791016,654.0
98,66,-7.101681709289551,2.7580559253692627,3.0
100,0,-6.956663131713867,2.1661744117736816,3.0
100,1,-1.1205946207046509,1.4528563022613525,1.0
100,2,-9.322958946228027,22.368480682373047,105.0
100,3,-6.321739673614502,3.540782928466797,4.0
100,4,-22.257898330688477,11.859149932861328,58.0
100,5,-5.597051620483398,3.063047409057617,4.0
100,6,-5.200331687927246,5.660113334655762,5.0
100,7,-8.528051376342773,3.381411075592041,8.0
100,8,-3.960812568664551,2.6917812824249268,5.0
100,9,-18.92597770690918,8.189774513244629,81.0
100,10,-10.152390480041504,3.0896053314208984,13.0
100,11,-9.938350677490234,27.461456298828125,86.0
100,12,-20.00162124633789,9.229476928710938,124.0
100,13,-8.359042167663574,3.3007471561431885,3.0
100,14,-5.9944891929626465,1.491276741027832,12.0
100,15,-8.611116409301758,1.7754864692687988,3.0
100,16,-14.460731506347656,37.15814208984375,354.0
100,17,-4.165506362915039,1.813162088394165,3.0
100,18,-10.401707649230957,5.661098480224609,16.0
100,19,-9.912063598632812,3.4521868228912354,55.0
100,20,-4.472169876098633,2.107203245162964,4.0
100,21,-12.94264030456543,13.310166358947754,15.0
100,22,-1.3421475887298584,1.2506848573684692,1.0
100,23,-11.41578197479248,5.108092308044434,13.0
100,24,-10.392484664916992,4.413379669189453,5.0
100,25,-7.6496124267578125,4.617818832397461,6.0
100,26,-13.248817443847656,3.3348844051361084,51.0
100,27,-0.46279722452163696,1.5885112285614014,1.0
100,28,-7.630748271942139,2.3346476554870605,4.0
100,29,-14.237846374511719,5.928260803222656,18.0
100,30,-6.333825588226318,2.873806953430176,3.0
100,31,-7.081486701965332,3.255180597305298,4.0
100,32,-15.129281044006348,154.94863891601562,17.0
100,33,-5.240062713623047,13.73615550994873,19.0
100,34,-11.545602798461914,17.92866325378418,40.0
100,35,-14.730855941772461,19.032941818237305,40.0
100,36,-2.5789198875427246,3.6308252811431885,1.0
100,37,-20.399168014526367,897.5983276367188,682.0
100,38,-26.81325340270996,46.083953857421875,39.0
100,39,-3.4407505989074707,5.586624622344971,1.0
100,40,-13.284375190734863,9.152823448181152,16.0
100,41,-12.759477615356445,24.285255432128906,37.0
100,42,-4.152503967285156,3.9915037155151367,10.0
100,43,-9.638400077819824,11.129508972167969,125.0
100,44,-10.175024032592773,29.71567726135254,36.0
100,45,-12.82394027709961,24.679798126220703,114.0
100,46,-3.826240301132202,45.88968276977539,8.0
100,47,-5.521783828735352,3.0172832012176514,3.0
100,48,-9.039913177490234,4.51160192489624,6.0
100,49,-3.8590950965881348,3.619605541229248,5.0
100,50,-10.128081321716309,158.2285614013672,89.0
100,51,-10.327603340148926,5.591609477996826,3.0
100,52,-4.576085567474365,3.1393675804138184,6.0
100,53,-8.833003997802734,2.418869733810425,7.0
100,54,-17.152175903320312,8.53369140625,73.0
100,55,-5.174285888671875,3.6457841396331787,4.0
100,56,-12.059395790100098,4.515087127685547,162.0
100,57,-18.84091567993164,10.539335250854492,167.0
100,58,-6.718967437744141,5.364171028137207,26.0
100,59,-42.75078582763672,10.751482009887695,698.0
100,60,-13.858665466308594,101.44888305664062,363.0
100,61,-10.29802131652832,30.959306716918945,15.0
100,62,-17.618906021118164,81.83676147460938,207.0
100,63,-7.762884140014648,3.0312752723693848,9.0
100,64,-4.673631191253662,4.748729228973389,1.0
100,65,-40.56108093261719,39.9397087097168,647.0
100,66,-7.057683944702148,2.740774631500244,3.0
102,0,-7.0204854011535645,2.1815900802612305,3.0
102,1,-1.107319951057434,1.446441888809204,1.0
102,2,-9.375423431396484,22.76310920715332,107.0
102,3,-6.399874687194824,3.5965495109558105,5.0
102,4,-22.38811492919922,12.031983375549316,59.0
102,5,-5.580962657928467,3.0532071590423584,4.0
102,6,-5.235095024108887,5.726083278656006,5.0
102,7,-8.530665397644043,3.382673501968384,8.0
102,8,-3.9255168437957764,2.668133497238159,5.0
102,9,-18.922273635864258,8.186405181884766,82.0
102,10,-10.236638069152832,3.1186623573303223,14.0
102,11,-9.948891639709473,27.558120727539062,85.0
102,12,-20.046735763549805,9.275857925415039,124.0
102,13,-8.401012420654297,3.3205971717834473,3.0
102,14,-6.013693809509277,1.4931871891021729,12.0
102,15,-8.62413215637207,1.7770278453826904,3.0
102,16,-14.351751327514648,36.15943145751953,339.0
102,17,-4.161778450012207,1.8121967315673828,3.0
102,18,-10.443732261657715,5.7008891105651855,17.0
102,19,-9.964098930358887,3.474714517593384,55.0
102,20,-4.466632843017578,2.105259656906128,4.0
102,21,-12.92491340637207,13.263059616088867,14.0
102,22,-1.3291233777999878,1.247972846031189,1.0
102,23,-11.412200927734375,5.105480194091797,13.0
102,24,-10.353580474853516,4.388918876647949,5.0
102,25,-7.660918235778809,4.62827205657959,6.0
102,26,-13.24927806854248,3.3350236415863037,51.0
102,27,-0.4749486446380615,1.6079317331314087,1.0
102,28,-7.668628692626953,2.344494581222534,4.0
102,29,-14.259969711303711,5.944677352905273,18.0
102,30,-6.332213401794434,2.873034715652466,3.0
102,31,-7.105212211608887,3.268078088760376,4.0
102,32,-15.089826583862305,152.9241485595703,17.0
102,33,-5.182466983795166,13.346223831176758,18.0
102,34,-11.658105850219727,18.440078735351562,41.0
102,35,-14.69275188446045,18.888446807861328,40.0
102,36,-2.5915474891662598,3.653822183609009,1.0
102,37,-20.38788414001465,894.2285766601562,704.0
102,38,-26.808080673217773,46.04991149902344,39.0
102,39,-3.4548778533935547,5.62622594833374,1.0
102,40,-13.371343612670898,9.286458969116211,18.0
102,41,-12.704326629638672,23.952713012695312,36.0
102,42,-4.144100189208984,3.9803378582000732,10.0
102,43,-9.665771484375,11.205926895141602,126.0
102,44,-10.186702728271484,29.831581115722656,35.0
102,45,-12.833715438842773,24.74018669128418,116.0
102,46,-3.841336727142334,46.58770751953125,8.0
102,47,-5.535243988037109,3.025416374206543,3.0
102,48,-9.059293746948242,4.526197910308838,6.0
102,49,-3.891465663909912,3.6588733196258545,5.0
102,50,-10.153541564941406,160.25572204589844,90.0
102,51,-10.263008117675781,5.531733989715576,3.0
102,52,-4.592193603515625,3.1520354747772217,6.0
102,53,-8.789291381835938,2.4083194732666016,7.0
102,54,-17.139976501464844,8.5206880569458,73.0
102,55,-5.1736955642700195,3.6452460289001465,4.0
102,56,-12.062515258789062,4.516848087310791,165.0
102,57,-18.855375289916992,10.558402061462402,172.0
102,58,-6.726089954376221,5.3737311363220215,26.0
102,59,-42.821048736572266,10.793534278869629,715.0
102,60,-13.905595779418945,103.04838562011719,364.0
102,61,-10.273604393005371,30.708356857299805,15.0
102,62,-17.74407196044922,84.43804168701172,212.0
102,63,-7.749385356903076,3.025435447692871,9.0
102,64,-4.696825981140137,4.785586357116699,1.0
102,65,-40.59294891357422,40.055580139160156,637.0
102,66,-7.099536895751953,2.7572104930877686,3.0
104,0,-6.977865219116211,2.17128324508667,3.0
104,1,-1.102376103401184,1.444060206413269,1.0
104,2,-9.446802139282227,23.31120491027832,109.0
104,3,-6.317023277282715,3.537444591522217,4.0
104,4,-22.301828384399414,11.9171781539917,59.0
104,5,-5.611540794372559,3.07193660736084,4.0
104,6,-5.23689603805542,5.729522228240967,5.0
104,7,-8.586202621459961,3.409618377685547,8.0
104,8,-3.896790027618408,2.649040460586548,5.0
104,9,-18.943696975708008,8.205915451049805,83.0
104,10,-10.261188507080078,3.1271812915802,14.0
104,11,-9.939125061035156,27.468549728393555,86.0
104,12,-20.088703155517578,9.319211959838867,121.0
104,13,-8.364629745483398,3.3033828735351562,3.0
104,14,-6.053981781005859,1.4972031116485596,12.0
104,15,-8.606712341308594,1.7749651670455933,3.0
104,16,-14.379142761230469,36.407894134521484,334.0
104,17,-4.123316764831543,1.8022668361663818,3.0
104,18,-10.456869125366211,5.713385105133057,17.0
104,19,-9.939319610595703,3.4639687538146973,55.0
104,20,-4.505354881286621,2.1188902854919434,4.0
104,21,-12.911578178405762,13.227734565734863,15.0
104,22,-1.3341245651245117,1.2490135431289673,1.0
104,23,-11.402494430541992,5.098405361175537,13.0
104,24,-10.388872146606445,4.411101818084717,5.0
104,25,-7.642114162445068,4.610898971557617,6.0
104,26,-13.177995681762695,3.3134820461273193,51.0
104,27,-0.47569799423217773,1.609136939048767,1.0
104,28,-7.682604789733887,2.3481380939483643,4.0
104,29,-14.227514266967773,5.9206085205078125,18.0
104,30,-6.389858245849609,2.900770425796509,3.0
104,31,-7.071152687072754,3.2495789527893066,4.0
104,32,-15.076803207397461,152.26173400878906,17.0
104,33,-5.238709926605225,13.726866722106934,19.0
104,34,-11.618901252746582,18.26022720336914,41.0
104,35,-14.69851303100586,18.910221099853516,40.0
104,36,-2.585148334503174,3.6421501636505127,1.0
104,37,-20.37015151977539,888.9584350585938,689.0
104,38,-26.718677520751953,45.46550369262695,42.0
104,39,-3.467561721801758,5.662020683288574,1.0
104,40,-13.314449310302734,9.19881820678711,16.0
104,41,-12.74687671661377,24.208871841430664,37.0
104,42,-4.152568340301514,3.991589307785034,10.0
104,43,-9.634592056274414,11.118917465209961,125.0
104,44,-10.227007865905762,30.235071182250977,36.0
104,45,-12.88170337677002,25.038780212402344,117.0
104,46,-3.8436055183410645,46.69352340698242,8.0
104,47,-5.575893402099609,3.0501132011413574,3.0
104,48,-9.080190658569336,4.541989326477051,6.0
104,49,-3.8632540702819824,3.624626874923706,5.0
104,50,-10.100378036499023,156.0519561767578,90.0
104,51,-10.250106811523438,5.519852638244629,3.0
104,52,-4.576478481292725,3.139676094055176,6.0
104,53,-8.791976928710938,2.408966302871704,7.0
104,54,-17.14699935913086,8.528170585632324,72.0
104,55,-5.212433338165283,3.6807196140289307,4.0
104,56,-12.008637428283691,4.486530780792236,160.0
104,57,-18.907236099243164,10.627069473266602,176.0
104,58,-6.734162330627441,5.384587287902832,27.0
104,59,-42.87788772583008,10.827670097351074,712.0
104,60,-13.909478187561035,103.18181610107422,367.0
104,61,-10.236644744873047,30.332355499267578,15.0
104,62,-17.673147201538086,82.95404815673828,210.0
104,63,-7.7946696281433105,3.0450711250305176,9.0
104,64,-4.727072238922119,4.834079265594482,1.0
104,65,-40.760948181152344,40.672027587890625,674.0
104,66,-7.096628189086914,2.756065607070923,3.0
106,0,-6.971693992614746,2.169795036315918,3.0
106,1,-1.1028244495391846,1.444275975227356,1.0
106,2,-9.402862548828125,22.972265243530273,108.0
106,3,-6.289383888244629,3.517944097518921,4.0
106,4,-22.2998046875,11.914499282836914,59.0
106,5,-5.547244071960449,3.032686233520508,4.0
106,6,-5.220961093902588,5.699169158935547,5.0
106,7,-8.537496566772461,3.385976791381836,8.0
106,8,-3.8959126472473145,2.6484594345092773,5.0
106,9,-18.95732879638672,8.218354225158691,83.0
106,10,-10.272055625915527,3.1309595108032227,14.0
106,11,-9.931293487548828,27.396936416625977,86.0
106,12,-20.055206298828125,9.28459358215332,125.0
106,13,-8.382274627685547,3.311720371246338,3.0
106,14,-6.04038143157959,1.495846152305603,12.0
106,15,-8.61048698425293,1.7754119634628296,3.0
106,16,-14.39155387878418,36.52103805541992,341.0
106,17,-4.161659240722656,1.8121658563613892,3.0
106,18,-10.47376823425293,5.729498863220215,17.0
106,19,-10.004884719848633,3.4924747943878174,56.0
106,20,-4.471742630004883,2.107053279876709,4.0
106,21,-12.934873580932617,13.289505004882812,15.0
106,22,-1.3337706327438354,1.248939871788025,1.0
106,23,-11.462703704833984,5.142447471618652,13.0
106,24,-10.281047821044922,4.343676567077637,5.0
106,25,-7.638838768005371,4.607879638671875,6.0
106,26,-13.20862102508545,3.3227200508117676,51.0
106,27,-0.4756189286708832,1.609009861946106,1.0
106,28,-7.6145172119140625,2.3304409980773926,4.0
106,29,-14.323274612426758,5.9919047355651855,18.0
106,30,-6.409577369689941,2.9103198051452637,3.0
106,31,-7.049834728240967,3.238053560256958,4.0
106,32,-15.102884292602539,153.59121704101562,17.0
106,33,-5.204744338989258,13.495715141296387,17.0
106,34,-11.638179779052734,18.348447799682617,41.0
106,35,-14.735998153686523,19.05252456665039,40.0
106,36,-2.562610149383545,3.601336717605591,1.0
106,37,-20.40939712524414,900.6642456054688,719.0
106,38,-26.772850036621094,45.81873321533203,40.0
106,39,-3.444739818572998,5.597778797149658,1.0
106,40,-13.369682312011719,9.283886909484863,18.0
106,41,-12.701744079589844,23.937255859375,38.0
106,42,-4.144334316253662,3.9806485176086426,10.0
106,43,-9.573705673217773,10.950952529907227,123.0
106,44,-10.209623336791992,30.060373306274414,36.0
106,45,-12.836633682250977,24.758241653442383,116.0
106,46,-3.800081253051758,44.70481491088867,8.0
106,47,-5.509370803833008,3.0098013877868652,3.0
106,48,-9.058998107910156,4.525974750518799,6.0
106,49,-3.851898431777954,3.6109328269958496,4.0
106,50,-10.172197341918945,161.757568359375,92.0
106,51,-10.290445327758789,5.557087421417236,3.0
106,52,-4.597166538238525,3.155956506729126,6.0
106,53,-8.776590347290039,2.4052627086639404,7.0
106,54,-17.120038986206055,8.499479293823242,72.0
106,55,-5.181260108947754,3.652146339416504,4.0
106,56,-11.989550590515137,4.475839138031006,158.0
106,57,-18.864341735839844,10.570242881774902,170.0
106,58,-6.7372050285339355,5.3886847496032715,27.0
106,59,-42.88829040527344,10.833929061889648,710.0
106,60,-13.905237197875977,103.03604888916016,364.0
106,61,-10.308871269226074,31.071481704711914,15.0
106,62,-17.785356521606445,85.31404876708984,210.0
106,63,-7.732940673828125,3.018336534500122,9.0
106,64,-4.7018890380859375,4.793670654296875,1.0
106,65,-40.62441635131836,40.17033767700195,656.0
106,66,-7.150688648223877,2.777432441711426,3.0
108,0,-6.972190856933594,2.169914960861206,3.0
108,1,-1.1068317890167236,1.4462065696716309,1.0
108,2,-9.396468162536621,22.92335319519043,107.0
108,3,-6.317590236663818,3.5378458499908447,4.0
108,4,-22.344799041748047,11.974212646484375,59.0
108,5,-5.59683084487915,3.0629122257232666,4.0
108,6,-5.2095842361450195,5.6775970458984375,5.0
108,7,-8.55583381652832,3.3948583602905273,8.0
108,8,-3.8664138317108154,2.628999710083008,5.0
108,9,-19.000751495361328,8.258100509643555,83.0
108,10,-10.230289459228516,3.1164634227752686,14.0
108,11,-9.885026931762695,26.9776554107666,84.0
108,12,-20.052120208740234,9.281408309936523,121.0
108,13,-8.359673500061035,3.3010447025299072,3.0
108,14,-5.971245765686035,1.488967776298523,12.0
108,15,-8.683235168457031,1.784043312072754,3.0
108,16,-14.436359405517578,36.93242263793945,344.0
108,17,-4.134304523468018,1.805098056793213,3.0
108,18,-10.458093643188477,5.714550495147705,17.0
108,19,-9.978187561035156,3.480839252471924,56.0
108,20,-4.443708419799805,2.097231388092041,4.0
108,21,-12.90405559539795,13.207845687866211,15.0
108,22,-1.3407347202301025,1.2503904104232788,1.0
108,23,-11.413476943969727,5.106410503387451,13.0
108,24,-10.30845832824707,4.360718727111816,5.0
108,25,-7.61486291885376,4.585836887359619,6.0
108,26,-13.3051176071167,3.3519961833953857,52.0
108,27,-0.4637140929698944,1.5899683237075806,1.0
108,28,-7.672510623931885,2.345505952835083,4.0
108,29,-14.229598999023438,5.922152042388916,18.0
108,30,-6.318039417266846,2.866255760192871,3.0
108,31,-7.078539848327637,3.253582239151001,4.0
108,32,-14.994152069091797,148.12413024902344,17.0
108,33,-5.198112487792969,13.451038360595703,19.0
108,34,-11.65304946899414,18.416784286499023,41.0
108,35,-14.80382251739502,19.312728881835938,40.0
108,36,-2.588815689086914,3.648834705352783,1.0
108,37,-20.40517807006836,899.398193359375,684.0
108,38,-27.019378662109375,47.46113586425781,43.0
108,39,-3.439178943634033,5.582236289978027,1.0
108,40,-13.31564712524414,9.200654029846191,16.0
108,41,-12.774288177490234,24.375341415405273,38.0
108,42,-4.149548053741455,3.987572431564331,10.0
108,43,-9.721345901489258,11.36270523071289,131.0
108,44,-10.13115406036377,29.28429412841797,36.0
108,45,-12.962213516235352,25.547855377197266,125.0
108,46,-3.8645071983337402,47.679771423339844,8.0
108,47,-5.550391674041748,3.0345959663391113,3.0
108,48,-9.055852890014648,4.5236029624938965,6.0
108,49,-3.8641467094421387,3.6257054805755615,5.0
108,50,-10.164861679077148,161.16534423828125,92.0
108,51,-10.25796127319336,5.527082920074463,3.0
108,52,-4.582929611206055,3.1447436809539795,6.0
108,53,-8.762619018554688,2.401904344558716,7.0
108,54,-17.10713005065918,8.4857759475708,70.0
108,55,-5.139214038848877,3.6139578819274902,4.0
108,56,-12.028491973876953,4.497678756713867,162.0
108,57,-18.961463928222656,10.699350357055664,172.0
108,58,-6.726314544677734,5.374032974243164,27.0
108,59,-42.763893127441406,10.759313583374023,715.0
108,60,-13.893033981323242,102.61780548095703,362.0
108,61,-10.284339904785156,30.818439483642578,15.0
108,62,-17.664073944091797,82.76609802246094,210.0
108,63,-7.7731218338012695,3.0357117652893066,9.0
108,64,-4.712470531463623,4.810608386993408,1.0
108,65,-40.555233001708984,39.91847610473633,642.0
108,66,-7.0708208084106445,2.7459230422973633,3.0
110,0,-6.952322483062744,2.1651296615600586,3.0
110,1,-1.0961995124816895,1.4410902261734009,1.0
110,2,-9.469392776489258,23.48740577697754,109.0
110,3,-6.242938995361328,3.485417366027832,4.0
110,4,-22.239831924438477,11.835370063781738,59.0
110,5,-5.580676078796387,3.053032159805298,4.0
110,6,-5.201669692993164,5.662638187408447,5.0
110,7,-8.548929214477539,3.3915112018585205,8.0
110,8,-3.872056007385254,2.6327106952667236,5.0
110,9,-18.948123931884766,8.209953308105469,83.0
110,10,-10.19261360168457,3.1034443378448486,13.0
110,11,-9.91288948059082,27.22937774658203,86.0
110,12,-19.999324798583984,9.22712230682373,120.0
110,13,-8.337388038635254,3.2905521392822266,3.0
110,14,-6.0176920890808105,1.493585228919983,12.0
110,15,-8.485587120056152,1.7606900930404663,3.0
110,16,-14.48470687866211,37.38153076171875,354.0
110,17,-4.183902740478516,1.8179335594177246,3.0
110,18,-10.393379211425781,5.653245449066162,17.0
110,19,-9.99399185180664,3.487722873687744,56.0
110,20,-4.4801530838012695,2.110008955001831,4.0
110,21,-12.894679069519043,13.18310260772705,15.0
110,22,-1.329260230064392,1.2480013370513916,1.0
110,23,-11.39621353149414,5.093832969665527,13.0
110,24,-10.328996658325195,4.373532295227051,5.0
110,25,-7.6202874183654785,4.590814590454102,6.0
110,26,-13.169229507446289,3.310842514038086,51.0
110,27,-0.4723602533340454,1.6037750244140625,1.0
110,28,-7.6011457443237305,2.3269810676574707,4.0
110,29,-14.312851905822754,5.984103202819824,18.0
110,30,-6.331859111785889,2.8728654384613037,3.0
110,31,-7.101382255554199,3.2659924030303955,4.0
110,32,-15.054953575134277,151.15679931640625,17.0
110,33,-5.230869293212891,13.673157691955566,20.0
110,34,-11.615493774414062,18.244678497314453,41.0
110,35,-14.758376121520996,19.137985229492188,42.0
110,36,-2.5824193954467773,3.637183904647827,1.0
110,37,-20.408601760864258,900.4254760742188,699.0
110,38,-26.85806655883789,46.379920959472656,41.0
110,39,-3.4462132453918457,5.601904392242432,1.0
110,40,-13.343368530273438,9.24326229095459,17.0
110,41,-12.794150352478027,24.496679306030273,38.0
110,42,-4.153172016143799,3.9923925399780273,10.0
110,43,-9.677967071533203,11.240145683288574,129.0
110,44,-10.183502197265625,29.79977035522461,36.0
110,45,-12.877689361572266,25.0136661529541,120.0
110,46,-3.8300559520721436,46.06511688232422,8.0
110,47,-5.529098033905029,3.021699905395508,3.0
110,48,-9.057835578918457,4.5250983238220215,6.0
110,49,-3.8839263916015625,3.6496894359588623,4.0
110,50,-10.152145385742188,160.14389038085938,90.0
110,51,-10.306095123291016,5.571600914001465,3.0
110,52,-4.571387767791748,3.1356825828552246,5.0
110,53,-8.742512702941895,2.3970799446105957,7.0
110,54,-17.084877014160156,8.462203979492188,69.0
110,55,-5.1162800788879395,3.593296527862549,4.0
110,56,-12.032196044921875,4.499762058258057,158.0
110,57,-18.82998275756836,10.524941444396973,166.0
110,58,-6.771524429321289,5.435117244720459,27.0
110,59,-42.755714416503906,10.75442886352539,706.0
110,60,-13.911612510681152,103.25525665283203,369.0
110,61,-10.327688217163086,31.266986846923828,15.0
110,62,-17.64436912536621,82.359375,203.0
110,63,-7.786451816558838,3.0414981842041016,9.0
110,64,-4.642261028289795,4.699331760406494,1.0
110,65,-40.65355682373047,40.27688980102539,638.0
110,66,-7.044447898864746,2.7355971336364746,3.0
112,0,-6.971803665161133,2.1698215007781982,3.0
112,1,-1.1046195030212402,1.4451404809951782,1.0
112,2,-9.356745719909668,22.621828079223633,107.0
112,3,-6.319183349609375,3.538973093032837,4.0
112,4,-22.38029670715332,12.021533966064453,60.0
112,5,-5.625181674957275,3.0803287029266357,4.0
112,6,-5.213624954223633,5.685249328613281,5.0
112,7,-8.56726360321045,3.4004058837890625,8.0
112,8,-3.8794479370117188,2.637580394744873,5.0
112,9,-18.95315170288086,8.214540481567383,83.0
112,10,-10.160700798034668,3.0924596786499023,13.0
112,11,-9.89892292022705,27.102903366088867,86.0
112,12,-20.089765548706055,9.320311546325684,125.0
112,13,-8.338250160217285,3.290957450866699,3.0
112,14,-6.007645606994629,1.492585301399231,12.0
112,15,-8.627691268920898,1.7774494886398315,3.0
112,16,-14.45560359954834,37.11053466796875,344.0
112,17,-4.152892112731934,1.8098976612091064,3.0
112,18,-10.395711898803711,5.655444145202637,17.0
112,19,-9.94925594329834,3.468273639678955,56.0
112,20,-4.471060752868652,2.106813907623291,4.0
112,21,-12.943902015686035,13.31352424621582,15.0
112,22,-1.327209711074829,1.2475749254226685,1.0
112,23,-11.358526229858398,5.066481590270996,13.0
112,24,-10.342763900756836,4.382142543792725,5.0
112,25,-7.610368728637695,4.581716537475586,6.0
112,26,-13.220367431640625,3.32627010345459,51.0
112,27,-0.47546911239624023,1.6087687015533447,1.0
112,28,-7.659560203552246,2.3421335220336914,4.0
112,29,-14.274828910827637,5.955729007720947,18.0
112,30,-6.410503387451172,2.910768508911133,3.0
112,31,-7.064218521118164,3.2458255290985107,4.0
112,32,-15.038017272949219,150.30587768554688,17.0
112,33,-5.247583866119385,13.787907600402832,19.0
112,34,-11.63621997833252,18.339460372924805,41.0
112,35,-14.722564697265625,19.00140380859375,40.0
112,36,-2.6143746376037598,3.6957640647888184,1.0
112,37,-20.470130920410156,919.0836181640625,684.0
112,38,-26.866947174072266,46.43879699707031,41.0
112,39,-3.411376714706421,5.505174160003662,1.0
112,40,-13.400710105895996,9.33202075958252,19.0
112,41,-12.808713912963867,24.58603286743164,38.0
112,42,-4.147993087768555,3.985506057739258,10.0
112,43,-9.607866287231445,11.044876098632812,124.0
112,44,-10.217123985290527,30.13562774658203,35.0
112,45,-12.899200439453125,25.148548126220703,119.0
112,46,-3.8338208198547363,46.238868713378906,8.0
112,47,-5.598062992095947,3.063667058944702,3.0
112,48,-9.028212547302246,4.502811908721924,6.0
112,49,-3.8811755180358887,3.6463444232940674,4.0
112,50,-10.143430709838867,159.44760131835938,89.0
112,51,-10.274751663208008,5.542572021484375,3.0
112,52,-4.577620506286621,3.1405725479125977,6.0
112,53,-8.70244312286377,2.3874940872192383,7.0
112,54,-17.18643569946289,8.57031536102295,70.0
112,55,-5.108284950256348,3.5861213207244873,4.0
112,56,-12.093457221984863,4.534351825714111,156.0
112,57,-18.840892791748047,10.539305686950684,170.0
112,58,-6.7609357833862305,5.420748710632324,26.0
112,59,-42.82590866088867,10.79644775390625,712.0
112,60,-13.90524673461914,103.03638458251953,366.0
112,61,-10.26258659362793,30.595783233642578,15.0
112,62,-17.716785430908203,83.8639907836914,211.0
112,63,-7.776017189025879,3.0369679927825928,10.0
112,64,-4.662193298339844,4.730658531188965,1.0
112,65,-40.57029724121094,39.973182678222656,649.0
112,66,-7.094353199005127,2.755169630050659,3.0
114,0,-6.934930324554443,2.16094970703125,3.0
114,1,-1.104272723197937,1.4449734687805176,1.0
114,2,-9.411882400512695,23.04143524169922,109.0
114,3,-6.35496711730957,3.56439208984375,5.0
114,4,-22.27237319946289,11.878239631652832,58.0
114,5,-5.588754177093506,3.057968854904175,4.0
114,6,-5.201087951660156,5.661540508270264,5.0
114,7,-8.558131217956543,3.395972728729248,8.0
114,8,-3.855376958847046,2.621755838394165,5.0
114,9,-18.892139434814453,8.159040451049805,83.0
114,10,-10.252732276916504,3.124244213104248,13.0
114,11,-9.941726684570312,27.49237823486328,85.0
114,12,-19.992765426635742,9.220399856567383,122.0
114,13,-8.289773941040039,3.2682456970214844,3.0
114,14,-6.025943756103516,1.4944071769714355,12.0
114,15,-8.480609893798828,1.7601059675216675,3.0
114,16,-14.50208854675293,37.54431915283203,351.0
114,17,-4.154685974121094,1.810361385345459,3.0
114,18,-10.485635757446289,5.740842819213867,17.0
114,19,-9.9819917678833,3.482494831085205,56.0
114,20,-4.477837562561035,2.109194755554199,4.0
114,21,-12.907186508178711,13.216120719909668,15.0
114,22,-1.3220466375350952,1.2465018033981323,1.0
114,23,-11.459589958190918,5.140160083770752,13.0
114,24,-10.355683326721191,4.390237331390381,5.0
114,25,-7.607363700866699,4.578963756561279,6.0
114,26,-13.240036010742188,3.3322229385375977,51.0
114,27,-0.4711504578590393,1.6018359661102295,1.0
114,28,-7.632445812225342,2.335087776184082,4.0
114,29,-14.334746360778809,6.000503063201904,18.0
114,30,-6.373512268066406,2.892878770828247,3.0
114,31,-7.075510025024414,3.2519397735595703,4.0
114,32,-15.079349517822266,152.39102172851562,17.0
114,33,-5.251064777374268,13.811925888061523,19.0
114,34,-11.650452613830566,18.404830932617188,41.0
114,35,-14.636367797851562,18.676639556884766,40.0
114,36,-2.584449291229248,3.6408772468566895,1.0
114,37,-20.422462463378906,904.5950927734375,723.0
114,38,-26.80657196044922,46.03998565673828,40.0
114,39,-3.463752269744873,5.651246070861816,1.0
114,40,-13.318582534790039,9.205156326293945,17.0
114,41,-12.89843463897705,25.14373207092285,38.0
114,42,-4.154325485229492,3.9939279556274414,10.0
114,43,-9.5813627243042,10.971935272216797,124.0
114,44,-10.168261528015137,29.648765563964844,35.0
114,45,-12.846845626831055,24.821531295776367,117.0
114,46,-3.8071906566619873,45.023773193359375,8.0
114,47,-5.479074478149414,2.991619825363159,3.0
114,48,-9.020153045654297,4.496767997741699,6.0
114,49,-3.89477276802063,3.6629087924957275,5.0
114,50,-10.181098937988281,162.47911071777344,92.0
114,51,-10.312082290649414,5.5771636962890625,3.0
114,52,-4.562121391296387,3.128427028656006,6.0
114,53,-8.737306594848633,2.3958323001861572,7.0
114,54,-17.136096954345703,8.516556739807129,72.0
114,55,-5.166651248931885,3.6388320922851562,4.0
114,56,-12.026997566223145,4.4968390464782715,159.0
114,57,-18.87966537475586,10.590508460998535,167.0
114,58,-6.74760103225708,5.402707576751709,27.0
114,59,-42.84978485107422,10.810779571533203,698.0
114,60,-13.935413360595703,104.07770538330078,369.0
114,61,-10.25843620300293,30.553482055664062,15.0
114,62,-17.746660232543945,84.4926986694336,209.0
114,63,-7.750977516174316,3.0261237621307373,9.0
114,64,-4.718784332275391,4.820743083953857,1.0
114,65,-40.68573760986328,40.3948974609375,637.0
114,66,-7.059444904327393,2.7414638996124268,3.0
116,0,-6.9456071853637695,2.1635148525238037,3.0
116,1,-1.1101551055908203,1.4478095769882202,1.0
116,2,-9.386146545410156,22.84461784362793,107.0
116,3,-6.355923175811768,3.5650737285614014,4.0
116,4,-22.308456420898438,11.925957679748535,59.0
116,5,-5.619138717651367,3.076608180999756,4.0
116,6,-5.187638282775879,5.6362152099609375,5.0
116,7,-8.522246360778809,3.378607749938965,8.0
116,8,-3.8921444416046143,2.645965576171875,5.0
116,9,-18.912033081054688,8.177095413208008,83.0
116,10,-10.179676055908203,3.0989866256713867,13.0
116,11,-9.936773300170898,27.447025299072266,87.0
116,12,-20.081775665283203,9.312043190002441,124.0
116,13,-8.323150634765625,3.2838664054870605,3.0
116,14,-5.9513936042785645,1.486998438835144,12.0
116,15,-8.546731948852539,1.7678818702697754,3.0
116,16,-14.43034553527832,36.87693786621094,345.0
116,17,-4.153337001800537,1.8100125789642334,3.0
116,18,-10.463516235351562,5.719717502593994,17.0
116,19,-9.957396507263184,3.4718048572540283,55.0
116,20,-4.4728875160217285,2.1074554920196533,4.0
116,21,-12.94937515258789,13.328104972839355,15.0
116,22,-1.3285534381866455,1.2478543519973755,1.0
116,23,-11.407978057861328,5.102400779724121,13.0
116,24,-10.343294143676758,4.382474422454834,5.0
116,25,-7.5994672775268555,4.571737766265869,6.0
116,26,-13.176774024963379,3.3131136894226074,51.0
116,27,-0.4737381935119629,1.6059865951538086,1.0
116,28,-7.63523530960083,2.3358116149902344,4.0
116,29,-14.360496520996094,6.019848823547363,18.0
116,30,-6.3897624015808105,2.900723934173584,3.0
116,31,-7.095016956329346,3.2625293731689453,4.0
116,32,-15.03033447265625,149.9214324951172,17.0
116,33,-5.200658321380615,13.468171119689941,19.0
116,34,-11.68311595916748,18.555736541748047,41.0
116,35,-14.757654190063477,19.13522720336914,41.0
116,36,-2.5653367042541504,3.6062498092651367,1.0
116,37,-20.332056045532227,877.7412719726562,674.0
116,38,-26.89409637451172,46.619266510009766,42.0
116,39,-3.472525119781494,5.676089763641357,1.0
116,40,-13.410463333129883,9.34720230102539,18.0
116,41,-12.808732986450195,24.586149215698242,37.0
116,42,-4.145440578460693,3.982116937637329,10.0
116,43,-9.62509536743164,11.092552185058594,125.0
116,44,-10.274845123291016,30.72106170654297,36.0
116,45,-12.902446746826172,25.16896629333496,120.0
116,46,-3.8481106758117676,46.904361724853516,8.0
116,47,-5.564889907836914,3.043408155441284,3.0
116,48,-9.066672325134277,4.53176736831665,6.0
116,49,-3.88434100151062,3.6501944065093994,5.0
116,50,-10.141557693481445,159.29833984375,89.0
116,51,-10.282331466674805,5.549577713012695,3.0
116,52,-4.581962585449219,3.1439836025238037,6.0
116,53,-8.721170425415039,2.3919694423675537,7.0
116,54,-17.224760055541992,8.611470222473145,69.0
116,55,-5.158167839050293,3.6311228275299072,4.0
116,56,-12.017911911010742,4.491734981536865,162.0
116,57,-18.83639144897461,10.533376693725586,169.0
116,58,-6.745134353637695,5.399377346038818,27.0
116,59,-42.85760498046875,10.81547737121582,706.0
116,60,-13.92310619354248,103.6516342163086,369.0
116,61,-10.315752983093262,31.142839431762695,15.0
116,62,-17.7105770111084,83.73393249511719,209.0
116,63,-7.780576705932617,3.0389466285705566,9.0
116,64,-4.668943881988525,4.7413153648376465,1.0
116,65,-40.66069030761719,40.30302047729492,650.0
116,66,-7.100156307220459,2.7574548721313477,3.0
118,0,-6.949095726013184,2.164353609085083,3.0
118,1,-1.1048731803894043,1.4452626705169678,1.0
118,2,-9.479235649108887,23.564592361450195,111.0
118,3,-6.310211181640625,3.5326287746429443,4.0
118,4,-22.24673080444336,11.844444274902344,58.0
118,5,-5.542874813079834,3.0300374031066895,4.0
118,6,-5.173008918762207,5.6087965965271,5.0
118,7,-8.575922012329102,3.4046144485473633,8.0
118,8,-3.8172171115875244,2.596863269805908,5.0
118,9,-18.934019088745117,8.197094917297363,83.0
118,10,-10.171475410461426,3.0961639881134033,13.0
118,11,-9.992349624633789,27.96023178100586,87.0
118,12,-20.037395477294922,9.266236305236816,124.0
118,13,-8.312274932861328,3.2787680625915527,3.0
118,14,-5.985134124755859,1.490346908569336,12.0
118,15,-8.552051544189453,1.7685089111328125,3.0
118,16,-14.478080749511719,37.31965637207031,347.0
118,17,-4.147002696990967,1.8083757162094116,2.0
118,18,-10.415225982666016,5.673867702484131,16.0
118,19,-10.040934562683105,3.5082480907440186,55.0
118,20,-4.483561038970947,2.1112077236175537,4.0
118,21,-12.97208023071289,13.388768196105957,15.0
118,22,-1.3330168724060059,1.248782992362976,1.0
118,23,-11.43626594543457,5.123061656951904,13.0
118,24,-10.338212966918945,4.379293918609619,5.0
118,25,-7.641950607299805,4.610748291015625,6.0
118,26,-13.224205017089844,3.327430486679077,51.0
118,27,-0.4685533046722412,1.5976811647415161,1.0
118,28,-7.627781867980957,2.3338780403137207,4.0
118,29,-14.39060115814209,6.042544364929199,18.0
118,30,-6.361944198608398,2.8873064517974854,3.0
118,31,-7.097037315368652,3.2636282444000244,4.0
118,32,-15.082027435302734,152.52711486816406,17.0
118,33,-5.187453746795654,13.379542350769043,15.0
118,34,-11.68294906616211,18.554962158203125,41.0
118,35,-14.692706108093262,18.88827133178711,40.0
118,36,-2.5953402519226074,3.660757541656494,1.0
118,37,-20.509851455688477,931.3330688476562,709.0
118,38,-26.77718734741211,45.84711837768555,40.0
118,39,-3.458252429962158,5.635727405548096,1.0
118,40,-13.361381530761719,9.2710542678833,18.0
118,41,-12.75346565246582,24.248783111572266,37.0
118,42,-4.154025554656982,3.993528127670288,10.0
118,43,-9.613302230834961,11.059895515441895,125.0
118,44,-10.207840919494629,30.042516708374023,36.0
118,45,-12.841686248779297,24.789535522460938,118.0
118,46,-3.8115909099578857,45.22232437133789,8.0
118,47,-5.5159454345703125,3.0137617588043213,3.0
118,48,-9.060312271118164,4.526966571807861,6.0
118,49,-3.8700454235076904,3.6328413486480713,5.0
118,50,-10.199243545532227,163.9598846435547,91.0
118,51,-10.296802520751953,5.562978267669678,3.0
118,52,-4.578876495361328,3.141558885574341,6.0
118,53,-8.729606628417969,2.3939881324768066,7.0
118,54,-17.188282012939453,8.572293281555176,69.0
118,55,-5.177916526794434,3.649094820022583,4.0
118,56,-12.045647621154785,4.5073347091674805,162.0
118,57,-18.81869125366211,10.51009750366211,167.0
118,58,-6.761906623840332,5.422064781188965,27.0
118,59,-42.6876106262207,10.713812828063965,721.0
118,60,-13.867537498474121,101.74933624267578,368.0
118,61,-10.296778678894043,30.946489334106445,15.0
118,62,-17.683366775512695,83.16625213623047,207.0
118,63,-7.803642749786377,3.0489768981933594,10.0
118,64,-4.713559150695801,4.812354564666748,1.0
118,65,-40.728233337402344,40.55125045776367,667.0
118,66,-7.116275787353516,2.7638120651245117,3.0
120,0,-6.915189743041992,2.156215190887451,3.0
120,1,-1.1123876571655273,1.4488873481750488,1.0
120,2,-9.340686798095703,22.50105857849121,106.0
120,3,-6.325290679931641,3.5432987213134766,5.0
120,4,-22.339488983154297,11.96714973449707,60.0
120,5,-5.563981056213379,3.0428547859191895,4.0
120,6,-5.210890293121338,5.680069446563721,5.0
120,7,-8.633745193481445,3.432854652404785,8.0
120,8,-3.8306829929351807,2.6056203842163086,5.0
120,9,-18.967647552490234,8.22778034210205,83.0
120,10,-10.164405822753906,3.0937328338623047,13.0
120,11,-9.96172046661377,27.67622184753418,86.0
120,12,-20.01932144165039,9.24764633178711,120.0
120,13,-8.371296882629395,3.3065311908721924,3.0
120,14,-5.988011360168457,1.4906327724456787,12.0
120,15,-8.57979965209961,1.7717833518981934,3.0
120,16,-14.43492603302002,36.919189453125,338.0
120,17,-4.171429634094238,1.814697027206421,3.0
120,18,-10.485567092895508,5.740776538848877,17.0
120,19,-9.93899154663086,3.4638266563415527,55.0
120,20,-4.467220783233643,2.105465888977051,4.0
120,21,-12.932117462158203,13.282181739807129,15.0
120,22,-1.3346457481384277,1.2491220235824585,1.0
120,23,-11.405741691589355,5.100770950317383,13.0
120,24,-10.281024932861328,4.343662261962891,5.0
120,25,-7.63385534286499,4.6032891273498535,6.0
120,26,-13.180328369140625,3.3141849040985107,51.0
120,27,-0.4880264401435852,1.6290979385375977,1.0
120,28,-7.683431625366211,2.3483541011810303,4.0
120,29,-14.358516693115234,6.018359184265137,18.0
120,30,-6.352840423583984,2.8829288482666016,3.0
120,31,-7.052249908447266,3.2393572330474854,4.0
120,32,-15.155454635620117,156.30642700195312,17.0
120,33,-5.237176895141602,13.716348648071289,19.0
120,34,-11.597868919372559,18.164464950561523,40.0
120,35,-14.75119686126709,19.11052703857422,40.0
120,36,-2.5749452114105225,3.6236166954040527,1.0
120,37,-20.42052459716797,904.0108642578125,720.0
120,38,-26.940349578857422,46.928321838378906,42.0
120,39,-3.464137315750122,5.652334213256836,1.0
120,40,-13.378633499145508,9.297748565673828,17.0
120,41,-12.772993087768555,24.367450714111328,38.0
120,42,-4.124233245849609,3.954066038131714,10.0
120,43,-9.617752075195312,11.072206497192383,125.0
120,44,-10.181093215942383,29.77585220336914,36.0
120,45,-12.863435745239258,24.924692153930664,120.0
120,46,-3.8122506141662598,45.252166748046875,8.0
120,47,-5.584766864776611,3.0555307865142822,3.0
120,48,-9.059555053710938,4.526394844055176,6.0
120,49,-3.903886079788208,3.6740529537200928,5.0
120,50,-10.136007308959961,158.85687255859375,89.0
120,51,-10.345880508422852,5.608668327331543,3.0
120,52,-4.569429874420166,3.134148359298706,6.0
120,53,-8.731042861938477,2.394331932067871,7.0
120,54,-17.116493225097656,8.495713233947754,74.0
120,55,-5.112102508544922,3.589545488357544,4.0
120,56,-11.963830947875977,4.461472511291504,156.0
120,57,-18.71148681640625,10.370195388793945,172.0
120,58,-6.756859302520752,5.41522741317749,27.0
120,59,-42.80245590209961,10.782389640808105,714.0
120,60,-13.948908805847168,104.54695129394531,369.0
120,61,-10.315820693969727,31.143543243408203,15.0
120,62,-17.756229400634766,84.695068359375,211.0
120,63,-7.764522552490234,3.031984806060791,9.0
120,64,-4.679077625274658,4.757358074188232,1.0
120,65,-40.57530212402344,39.991371154785156,645.0
120,66,-7.097901821136475,2.7565667629241943,3.0
