step,probe_index,mcqa_accuracy
0,0,0.0
0,1,0.0
0,2,0.0
0,3,1.0
0,4,1.0
0,5,0.0
0,6,0.0
0,7,0.0
0,8,1.0
0,9,1.0
0,10,0.0
0,11,0.0
0,12,0.0
0,13,1.0
0,14,1.0
0,15,1.0
0,16,1.0
0,17,0.0
0,18,0.0
0,19,0.0
0,20,0.0
0,21,1.0
0,22,0.0
0,23,0.0
0,24,1.0
0,25,0.0
0,26,0.0
0,27,0.0
0,28,1.0
0,29,0.0
0,30,1.0
0,31,0.0
0,32,1.0
0,33,0.0
0,34,0.0
0,35,0.0
0,36,0.0
0,37,1.0
0,38,1.0
0,39,0.0
0,40,0.0
0,41,0.0
0,42,0.0
0,43,0.0
0,44,0.0
0,45,0.0
0,46,0.0
0,47,0.0
0,48,1.0
0,49,0.0
0,50,0.0
0,51,0.0
0,52,1.0
0,53,0.0
0,54,0.0
0,55,0.0
0,56,0.0
0,57,0.0
0,58,1.0
0,59,0.0
0,60,0.0
0,61,0.0
0,62,1.0
0,63,1.0
0,64,0.0
0,65,1.0
0,66,1.0
0,67,1.0
0,68,1.0
0,69,0.0
0,70,0.0
0,71,0.0
0,72,0.0
0,73,1.0
0,74,1.0
0,75,0.0
0,76,0.0
0,77,1.0
0,78,1.0
0,79,0.0
0,80,1.0
0,81,1.0
0,82,0.0
0,83,1.0
0,84,0.0
0,85,1.0
0,86,0.0
0,87,1.0
0,88,1.0
0,89,0.0
0,90,0.0
0,91,0.0
0,92,0.0
0,93,0.0
0,94,1.0
0,95,0.0
0,96,1.0
0,97,1.0
0,98,0.0
0,99,1.0
0,100,0.0
0,101,0.0
0,102,0.0
0,103,0.0
0,104,0.0
0,105,0.0
0,106,0.0
0,107,0.0
0,108,0.0
0,109,0.0
0,110,0.0
0,111,0.0
0,112,1.0
0,113,1.0
0,114,0.0
0,115,0.0
0,116,0.0
0,117,0.0
0,118,1.0
0,119,1.0
0,120,0.0
0,121,0.0
0,122,0.0
0,123,0.0
0,124,0.0
0,125,0.0
0,126,0.0
0,127,1.0
0,128,0.0
0,129,0.0
0,130,0.0
0,131,0.0
0,132,0.0
0,133,0.0
0,134,0.0
0,135,0.0
0,136,0.0
0,137,0.0
0,138,1.0
0,139,0.0
0,140,1.0
0,141,0.0
0,142,1.0
0,143,0.0
0,144,1.0
0,145,0.0
0,146,0.0
0,147,1.0
0,148,0.0
0,149,0.0
0,150,0.0
0,151,0.0
0,152,0.0
0,153,1.0
0,154,0.0
0,155,0.0
0,156,1.0
0,157,0.0
0,158,0.0
0,159,0.0
0,160,0.0
0,161,0.0
0,162,0.0
0,163,0.0
0,164,0.0
0,165,0.0
0,166,1.0
0,167,0.0
0,168,1.0
0,169,1.0
0,170,1.0
0,171,0.0
0,172,0.0
0,173,0.0
0,174,0.0
0,175,0.0
0,176,0.0
0,177,0.0
0,178,0.0
0,179,0.0
0,180,1.0
0,181,0.0
0,182,0.0
0,183,1.0
0,184,0.0
0,185,1.0
0,186,0.0
0,187,0.0
0,188,0.0
0,189,0.0
0,190,1.0
0,191,1.0
0,192,0.0
0,193,0.0
0,194,0.0
0,195,0.0
0,196,0.0
0,197,0.0
0,198,0.0
0,199,1.0
0,200,0.0
0,201,0.0
0,202,0.0
0,203,0.0
0,204,0.0
0,205,1.0
0,206,0.0
0,207,1.0
0,208,1.0
0,209,0.0
0,210,0.0
0,211,1.0
0,212,0.0
0,213,1.0
0,214,1.0
0,215,1.0
0,216,0.0
0,217,0.0
0,218,1.0
0,219,0.0
0,220,1.0
0,221,0.0
0,222,0.0
0,223,0.0
0,224,0.0
0,225,1.0
0,226,0.0
0,227,0.0
0,228,0.0
0,229,0.0
0,230,0.0
0,231,0.0
0,232,1.0
0,233,1.0
0,234,0.0
0,235,0.0
0,236,0.0
0,237,0.0
0,238,0.0
0,239,1.0
0,240,0.0
0,241,0.0
0,242,1.0
0,243,0.0
0,244,1.0
0,245,0.0
0,246,0.0
0,247,0.0
0,248,1.0
0,249,0.0
0,250,0.0
0,251,0.0
0,252,0.0
0,253,0.0
0,254,0.0
0,255,0.0
0,256,1.0
0,257,0.0
0,258,1.0
0,259,0.0
0,260,0.0
0,261,1.0
0,262,0.0
0,263,0.0
0,264,0.0
0,265,1.0
0,266,1.0
0,267,0.0
0,268,0.0
0,269,0.0
0,270,0.0
4,0,0.0
4,1,0.0
4,2,0.0
4,3,1.0
4,4,1.0
4,5,0.0
4,6,0.0
4,7,0.0
4,8,1.0
4,9,0.0
4,10,0.0
4,11,0.0
4,12,0.0
4,13,1.0
4,14,1.0
4,15,1.0
4,16,1.0
4,17,0.0
4,18,0.0
4,19,0.0
4,20,0.0
4,21,1.0
4,22,0.0
4,23,0.0
4,24,1.0
4,25,0.0
4,26,0.0
4,27,0.0
4,28,1.0
4,29,0.0
4,30,1.0
4,31,0.0
4,32,1.0
4,33,0.0
4,34,0.0
4,35,0.0
4,36,0.0
4,37,1.0
4,38,1.0
4,39,0.0
4,40,0.0
4,41,0.0
4,42,0.0
4,43,0.0
4,44,0.0
4,45,0.0
4,46,0.0
4,47,0.0
4,48,1.0
4,49,0.0
4,50,0.0
4,51,0.0
4,52,1.0
4,53,0.0
4,54,0.0
4,55,0.0
4,56,0.0
4,57,0.0
4,58,1.0
4,59,0.0
4,60,0.0
4,61,0.0
4,62,1.0
4,63,1.0
4,64,0.0
4,65,1.0
4,66,1.0
4,67,1.0
4,68,1.0
4,69,0.0
4,70,0.0
4,71,0.0
4,72,0.0
4,73,1.0
4,74,1.0
4,75,0.0
4,76,0.0
4,77,1.0
4,78,1.0
4,79,0.0
4,80,1.0
4,81,1.0
4,82,0.0
4,83,1.0
4,84,0.0
4,85,1.0
4,86,0.0
4,87,1.0
4,88,1.0
4,89,0.0
4,90,0.0
4,91,0.0
4,92,0.0
4,93,0.0
4,94,1.0
4,95,0.0
4,96,1.0
4,97,1.0
4,98,0.0
4,99,1.0
4,100,0.0
4,101,0.0
4,102,0.0
4,103,0.0
4,104,0.0
4,105,0.0
4,106,0.0
4,107,0.0
4,108,0.0
4,109,0.0
4,110,0.0
4,111,0.0
4,112,1.0
4,113,1.0
4,114,0.0
4,115,0.0
4,116,0.0
4,117,0.0
4,118,1.0
4,119,1.0
4,120,0.0
4,121,0.0
4,122,0.0
4,123,0.0
4,124,0.0
4,125,0.0
4,126,0.0
4,127,1.0
4,128,0.0
4,129,0.0
4,130,0.0
4,131,0.0
4,132,0.0
4,133,0.0
4,134,0.0
4,135,0.0
4,136,0.0
4,137,0.0
4,138,1.0
4,139,0.0
4,140,1.0
4,141,0.0
4,142,1.0
4,143,0.0
4,144,1.0
4,145,0.0
4,146,0.0
4,147,1.0
4,148,0.0
4,149,0.0
4,150,0.0
4,151,0.0
4,152,0.0
4,153,1.0
4,154,0.0
4,155,0.0
4,156,1.0
4,157,0.0
4,158,0.0
4,159,0.0
4,160,0.0
4,161,0.0
4,162,0.0
4,163,0.0
4,164,0.0
4,165,0.0
4,166,1.0
4,167,0.0
4,168,1.0
4,169,1.0
4,170,1.0
4,171,0.0
4,172,0.0
4,173,0.0
4,174,0.0
4,175,0.0
4,176,0.0
4,177,0.0
4,178,0.0
4,179,0.0
4,180,1.0
4,181,0.0
4,182,0.0
4,183,1.0
4,184,0.0
4,185,1.0
4,186,0.0
4,187,0.0
4,188,0.0
4,189,0.0
4,190,1.0
4,191,1.0
4,192,0.0
4,193,0.0
4,194,0.0
4,195,0.0
4,196,0.0
4,197,0.0
4,198,0.0
4,199,1.0
4,200,0.0
4,201,0.0
4,202,0.0
4,203,0.0
4,204,0.0
4,205,1.0
4,206,0.0
4,207,1.0
4,208,1.0
4,209,0.0
4,210,0.0
4,211,1.0
4,212,0.0
4,213,1.0
4,214,1.0
4,215,1.0
4,216,0.0
4,217,0.0
4,218,1.0
4,219,0.0
4,220,1.0
4,221,0.0
4,222,0.0
4,223,0.0
4,224,0.0
4,225,1.0
4,226,0.0
4,227,0.0
4,228,0.0
4,229,0.0
4,230,0.0
4,231,0.0
4,232,1.0
4,233,1.0
4,234,0.0
4,235,0.0
4,236,0.0
4,237,0.0
4,238,0.0
4,239,1.0
4,240,0.0
4,241,0.0
4,242,1.0
4,243,0.0
4,244,1.0
4,245,0.0
4,246,0.0
4,247,0.0
4,248,1.0
4,249,0.0
4,250,0.0
4,251,0.0
4,252,0.0
4,253,0.0
4,254,0.0
4,255,0.0
4,256,1.0
4,257,0.0
4,258,1.0
4,259,0.0
4,260,0.0
4,261,1.0
4,262,0.0
4,263,0.0
4,264,0.0
4,265,1.0
4,266,1.0
4,267,0.0
4,268,0.0
4,269,0.0
4,270,0.0
8,0,0.0
8,1,0.0
8,2,0.0
8,3,1.0
8,4,1.0
8,5,0.0
8,6,0.0
8,7,0.0
8,8,1.0
8,9,0.0
8,10,0.0
8,11,0.0
8,12,0.0
8,13,1.0
8,14,1.0
8,15,1.0
8,16,1.0
8,17,0.0
8,18,0.0
8,19,0.0
8,20,0.0
8,21,1.0
8,22,0.0
8,23,0.0
8,24,1.0
8,25,0.0
8,26,0.0
8,27,0.0
8,28,1.0
8,29,0.0
8,30,1.0
8,31,0.0
8,32,1.0
8,33,0.0
8,34,0.0
8,35,0.0
8,36,0.0
8,37,1.0
8,38,1.0
8,39,0.0
8,40,0.0
8,41,0.0
8,42,0.0
8,43,0.0
8,44,0.0
8,45,0.0
8,46,0.0
8,47,0.0
8,48,1.0
8,49,0.0
8,50,0.0
8,51,0.0
8,52,1.0
8,53,0.0
8,54,0.0
8,55,0.0
8,56,0.0
8,57,0.0
8,58,1.0
8,59,0.0
8,60,0.0
8,61,0.0
8,62,1.0
8,63,1.0
8,64,0.0
8,65,1.0
8,66,1.0
8,67,1.0
8,68,1.0
8,69,0.0
8,70,0.0
8,71,0.0
8,72,0.0
8,73,1.0
8,74,1.0
8,75,0.0
8,76,0.0
8,77,1.0
8,78,1.0
8,79,0.0
8,80,1.0
8,81,1.0
8,82,0.0
8,83,1.0
8,84,0.0
8,85,1.0
8,86,0.0
8,87,1.0
8,88,1.0
8,89,0.0
8,90,0.0
8,91,0.0
8,92,0.0
8,93,0.0
8,94,1.0
8,95,0.0
8,96,1.0
8,97,1.0
8,98,0.0
8,99,1.0
8,100,0.0
8,101,0.0
8,102,0.0
8,103,0.0
8,104,0.0
8,105,0.0
8,106,0.0
8,107,0.0
8,108,0.0
8,109,0.0
8,110,0.0
8,111,0.0
8,112,1.0
8,113,1.0
8,114,0.0
8,115,0.0
8,116,0.0
8,117,0.0
8,118,1.0
8,119,1.0
8,120,0.0
8,121,0.0
8,122,0.0
8,123,0.0
8,124,0.0
8,125,0.0
8,126,0.0
8,127,1.0
8,128,0.0
8,129,0.0
8,130,0.0
8,131,0.0
8,132,0.0
8,133,0.0
8,134,0.0
8,135,0.0
8,136,0.0
8,137,0.0
8,138,1.0
8,139,0.0
8,140,1.0
8,141,0.0
8,142,1.0
8,143,0.0
8,144,1.0
8,145,0.0
8,146,0.0
8,147,1.0
8,148,0.0
8,149,0.0
8,150,0.0
8,151,0.0
8,152,0.0
8,153,1.0
8,154,0.0
8,155,0.0
8,156,1.0
8,157,0.0
8,158,0.0
8,159,0.0
8,160,0.0
8,161,0.0
8,162,0.0
8,163,0.0
8,164,0.0
8,165,0.0
8,166,1.0
8,167,0.0
8,168,1.0
8,169,1.0
8,170,1.0
8,171,0.0
8,172,0.0
8,173,0.0
8,174,0.0
8,175,0.0
8,176,0.0
8,177,0.0
8,178,0.0
8,179,0.0
8,180,1.0
8,181,0.0
8,182,0.0
8,183,1.0
8,184,0.0
8,185,1.0
8,186,0.0
8,187,0.0
8,188,0.0
8,189,0.0
8,190,1.0
8,191,1.0
8,192,0.0
8,193,0.0
8,194,0.0
8,195,0.0
8,196,0.0
8,197,0.0
8,198,0.0
8,199,1.0
8,200,0.0
8,201,0.0
8,202,0.0
8,203,0.0
8,204,0.0
8,205,1.0
8,206,0.0
8,207,1.0
8,208,1.0
8,209,0.0
8,210,0.0
8,211,1.0
8,212,0.0
8,213,1.0
8,214,1.0
8,215,1.0
8,216,0.0
8,217,0.0
8,218,1.0
8,219,0.0
8,220,1.0
8,221,0.0
8,222,0.0
8,223,0.0
8,224,0.0
8,225,1.0
8,226,0.0
8,227,0.0
8,228,0.0
8,229,0.0
8,230,0.0
8,231,0.0
8,232,1.0
8,233,1.0
8,234,0.0
8,235,0.0
8,236,0.0
8,237,0.0
8,238,0.0
8,239,1.0
8,240,0.0
8,241,0.0
8,242,1.0
8,243,0.0
8,244,1.0
8,245,0.0
8,246,0.0
8,247,0.0
8,248,1.0
8,249,0.0
8,250,0.0
8,251,0.0
8,252,0.0
8,253,0.0
8,254,0.0
8,255,0.0
8,256,1.0
8,257,0.0
8,258,1.0
8,259,0.0
8,260,0.0
8,261,1.0
8,262,0.0
8,263,0.0
8,264,0.0
8,265,1.0
8,266,1.0
8,267,0.0
8,268,0.0
8,269,0.0
8,270,0.0
12,0,0.0
12,1,0.0
12,2,0.0
12,3,1.0
12,4,1.0
12,5,0.0
12,6,0.0
12,7,0.0
12,8,1.0
12,9,0.0
12,10,0.0
12,11,0.0
12,12,0.0
12,13,1.0
12,14,1.0
12,15,1.0
12,16,1.0
12,17,0.0
12,18,0.0
12,19,0.0
12,20,0.0
12,21,1.0
12,22,0.0
12,23,0.0
12,24,1.0
12,25,1.0
12,26,0.0
12,27,0.0
12,28,0.0
12,29,0.0
12,30,1.0
12,31,0.0
12,32,1.0
12,33,0.0
12,34,0.0
12,35,0.0
12,36,0.0
12,37,1.0
12,38,1.0
12,39,0.0
12,40,0.0
12,41,0.0
12,42,0.0
12,43,0.0
12,44,0.0
12,45,0.0
12,46,0.0
12,47,0.0
12,48,1.0
12,49,0.0
12,50,0.0
12,51,0.0
12,52,1.0
12,53,0.0
12,54,0.0
12,55,0.0
12,56,0.0
12,57,0.0
12,58,1.0
12,59,0.0
12,60,0.0
12,61,0.0
12,62,1.0
12,63,1.0
12,64,0.0
12,65,1.0
12,66,1.0
12,67,1.0
12,68,1.0
12,69,0.0
12,70,0.0
12,71,0.0
12,72,0.0
12,73,1.0
12,74,1.0
12,75,0.0
12,76,0.0
12,77,0.0
12,78,1.0
12,79,0.0
12,80,1.0
12,81,1.0
12,82,0.0
12,83,1.0
12,84,0.0
12,85,1.0
12,86,0.0
12,87,1.0
12,88,1.0
12,89,0.0
12,90,0.0
12,91,0.0
12,92,0.0
12,93,0.0
12,94,1.0
12,95,0.0
12,96,1.0
12,97,1.0
12,98,0.0
12,99,1.0
12,100,0.0
12,101,0.0
12,102,0.0
12,103,0.0
12,104,0.0
12,105,0.0
12,106,0.0
12,107,0.0
12,108,0.0
12,109,0.0
12,110,0.0
12,111,0.0
12,112,1.0
12,113,1.0
12,114,0.0
12,115,0.0
12,116,0.0
12,117,0.0
12,118,1.0
12,119,1.0
12,120,0.0
12,121,0.0
12,122,1.0
12,123,0.0
12,124,0.0
12,125,0.0
12,126,0.0
12,127,1.0
12,128,0.0
12,129,0.0
12,130,0.0
12,131,0.0
12,132,0.0
12,133,0.0
12,134,0.0
12,135,0.0
12,136,0.0
12,137,0.0
12,138,1.0
12,139,0.0
12,140,1.0
12,141,0.0
12,142,1.0
12,143,0.0
12,144,1.0
12,145,0.0
12,146,0.0
12,147,1.0
12,148,0.0
12,149,0.0
12,150,0.0
12,151,0.0
12,152,0.0
12,153,1.0
12,154,0.0
12,155,0.0
12,156,1.0
12,157,0.0
12,158,0.0
12,159,0.0
12,160,0.0
12,161,0.0
12,162,0.0
12,163,0.0
12,164,0.0
12,165,0.0
12,166,1.0
12,167,0.0
12,168,1.0
12,169,1.0
12,170,1.0
12,171,0.0
12,172,0.0
12,173,0.0
12,174,0.0
12,175,0.0
12,176,0.0
12,177,0.0
12,178,0.0
12,179,0.0
12,180,1.0
12,181,0.0
12,182,0.0
12,183,1.0
12,184,0.0
12,185,1.0
12,186,0.0
12,187,0.0
12,188,0.0
12,189,0.0
12,190,1.0
12,191,1.0
12,192,0.0
12,193,0.0
12,194,0.0
12,195,0.0
12,196,0.0
12,197,0.0
12,198,0.0
12,199,1.0
12,200,0.0
12,201,0.0
12,202,0.0
12,203,0.0
12,204,0.0
12,205,1.0
12,206,0.0
12,207,1.0
12,208,1.0
12,209,0.0
12,210,0.0
12,211,1.0
12,212,0.0
12,213,1.0
12,214,1.0
12,215,1.0
12,216,0.0
12,217,0.0
12,218,1.0
12,219,0.0
12,220,1.0
12,221,0.0
12,222,0.0
12,223,0.0
12,224,0.0
12,225,1.0
12,226,0.0
12,227,0.0
12,228,0.0
12,229,0.0
12,230,0.0
12,231,1.0
12,232,1.0
12,233,1.0
12,234,0.0
12,235,0.0
12,236,0.0
12,237,0.0
12,238,0.0
12,239,1.0
12,240,0.0
12,241,0.0
12,242,1.0
12,243,0.0
12,244,1.0
12,245,0.0
12,246,0.0
12,247,0.0
12,248,1.0
12,249,0.0
12,250,0.0
12,251,0.0
12,252,0.0
12,253,0.0
12,254,0.0
12,255,0.0
12,256,1.0
12,257,0.0
12,258,1.0
12,259,0.0
12,260,0.0
12,261,1.0
12,262,0.0
12,263,0.0
12,264,0.0
12,265,1.0
12,266,1.0
12,267,0.0
12,268,0.0
12,269,0.0
12,270,0.0
16,0,0.0
16,1,0.0
16,2,0.0
16,3,1.0
16,4,1.0
16,5,0.0
16,6,0.0
16,7,0.0
16,8,1.0
16,9,0.0
16,10,0.0
16,11,0.0
16,12,0.0
16,13,1.0
16,14,1.0
16,15,0.0
16,16,1.0
16,17,0.0
16,18,0.0
16,19,0.0
16,20,0.0
16,21,1.0
16,22,0.0
16,23,0.0
16,24,1.0
16,25,1.0
16,26,0.0
16,27,0.0
16,28,0.0
16,29,0.0
16,30,1.0
16,31,0.0
16,32,1.0
16,33,0.0
16,34,0.0
16,35,0.0
16,36,0.0
16,37,1.0
16,38,1.0
16,39,0.0
16,40,0.0
16,41,0.0
16,42,0.0
16,43,0.0
16,44,0.0
16,45,0.0
16,46,0.0
16,47,0.0
16,48,1.0
16,49,0.0
16,50,0.0
16,51,0.0
16,52,1.0
16,53,0.0
16,54,0.0
16,55,0.0
16,56,0.0
16,57,0.0
16,58,1.0
16,59,0.0
16,60,0.0
16,61,0.0
16,62,1.0
16,63,1.0
16,64,0.0
16,65,1.0
16,66,1.0
16,67,1.0
16,68,1.0
16,69,0.0
16,70,0.0
16,71,0.0
16,72,0.0
16,73,1.0
16,74,1.0
16,75,0.0
16,76,0.0
16,77,0.0
16,78,1.0
16,79,0.0
16,80,1.0
16,81,1.0
16,82,0.0
16,83,1.0
16,84,0.0
16,85,1.0
16,86,0.0
16,87,1.0
16,88,1.0
16,89,0.0
16,90,0.0
16,91,0.0
16,92,0.0
16,93,0.0
16,94,1.0
16,95,0.0
16,96,0.0
16,97,1.0
16,98,0.0
16,99,1.0
16,100,0.0
16,101,0.0
16,102,0.0
16,103,0.0
16,104,0.0
16,105,0.0
16,106,0.0
16,107,0.0
16,108,0.0
16,109,0.0
16,110,0.0
16,111,0.0
16,112,1.0
16,113,1.0
16,114,0.0
16,115,0.0
16,116,0.0
16,117,0.0
16,118,1.0
16,119,1.0
16,120,0.0
16,121,0.0
16,122,1.0
16,123,0.0
16,124,0.0
16,125,0.0
16,126,0.0
16,127,1.0
16,128,0.0
16,129,0.0
16,130,0.0
16,131,0.0
16,132,0.0
16,133,0.0
16,134,0.0
16,135,0.0
16,136,0.0
16,137,0.0
16,138,1.0
16,139,0.0
16,140,1.0
16,141,0.0
16,142,1.0
16,143,0.0
16,144,1.0
16,145,0.0
16,146,0.0
16,147,0.0
16,148,0.0
16,149,0.0
16,150,0.0
16,151,0.0
16,152,0.0
16,153,1.0
16,154,0.0
16,155,0.0
16,156,1.0
16,157,0.0
16,158,0.0
16,159,0.0
16,160,0.0
16,161,0.0
16,162,0.0
16,163,0.0
16,164,0.0
16,165,0.0
16,166,1.0
16,167,0.0
16,168,1.0
16,169,1.0
16,170,1.0
16,171,0.0
16,172,0.0
16,173,0.0
16,174,0.0
16,175,0.0
16,176,0.0
16,177,0.0
16,178,0.0
16,179,0.0
16,180,1.0
16,181,0.0
16,182,0.0
16,183,1.0
16,184,0.0
16,185,1.0
16,186,0.0
16,187,0.0
16,188,0.0
16,189,0.0
16,190,1.0
16,191,1.0
16,192,0.0
16,193,0.0
16,194,0.0
16,195,0.0
16,196,0.0
16,197,0.0
16,198,0.0
16,199,1.0
16,200,0.0
16,201,0.0
16,202,0.0
16,203,0.0
16,204,0.0
16,205,1.0
16,206,0.0
16,207,1.0
16,208,1.0
16,209,0.0
16,210,0.0
16,211,1.0
16,212,0.0
16,213,1.0
16,214,1.0
16,215,1.0
16,216,0.0
16,217,0.0
16,218,1.0
16,219,0.0
16,220,1.0
16,221,0.0
16,222,0.0
16,223,0.0
16,224,0.0
16,225,1.0
16,226,0.0
16,227,0.0
16,228,0.0
16,229,0.0
16,230,0.0
16,231,1.0
16,232,1.0
16,233,1.0
16,234,0.0
16,235,0.0
16,236,0.0
16,237,0.0
16,238,1.0
16,239,1.0
16,240,0.0
16,241,0.0
16,242,1.0
16,243,0.0
16,244,1.0
16,245,0.0
16,246,0.0
16,247,0.0
16,248,1.0
16,249,0.0
16,250,0.0
16,251,0.0
16,252,0.0
16,253,0.0
16,254,0.0
16,255,0.0
16,256,1.0
16,257,0.0
16,258,1.0
16,259,0.0
16,260,0.0
16,261,1.0
16,262,0.0
16,263,0.0
16,264,0.0
16,265,1.0
16,266,1.0
16,267,0.0
16,268,0.0
16,269,0.0
16,270,0.0
20,0,0.0
20,1,0.0
20,2,0.0
20,3,1.0
20,4,1.0
20,5,0.0
20,6,0.0
20,7,0.0
20,8,1.0
20,9,0.0
20,10,0.0
20,11,0.0
20,12,0.0
20,13,1.0
20,14,1.0
20,15,0.0
20,16,1.0
20,17,0.0
20,18,0.0
20,19,0.0
20,20,0.0
20,21,1.0
20,22,0.0
20,23,0.0
20,24,1.0
20,25,1.0
20,26,0.0
20,27,0.0
20,28,0.0
20,29,0.0
20,30,1.0
20,31,0.0
20,32,1.0
20,33,0.0
20,34,1.0
20,35,0.0
20,36,0.0
20,37,1.0
20,38,1.0
20,39,0.0
20,40,0.0
20,41,0.0
20,42,0.0
20,43,0.0
20,44,0.0
20,45,0.0
20,46,0.0
20,47,0.0
20,48,1.0
20,49,0.0
20,50,0.0
20,51,0.0
20,52,1.0
20,53,0.0
20,54,0.0
20,55,0.0
20,56,0.0
20,57,0.0
20,58,1.0
20,59,0.0
20,60,0.0
20,61,0.0
20,62,1.0
20,63,1.0
20,64,0.0
20,65,1.0
20,66,1.0
20,67,1.0
20,68,1.0
20,69,0.0
20,70,0.0
20,71,0.0
20,72,0.0
20,73,1.0
20,74,1.0
20,75,0.0
20,76,0.0
20,77,0.0
20,78,1.0
20,79,0.0
20,80,1.0
20,81,1.0
20,82,0.0
20,83,1.0
20,84,0.0
20,85,1.0
20,86,0.0
20,87,1.0
20,88,1.0
20,89,0.0
20,90,0.0
20,91,0.0
20,92,0.0
20,93,0.0
20,94,1.0
20,95,0.0
20,96,0.0
20,97,1.0
20,98,0.0
20,99,1.0
20,100,0.0
20,101,0.0
20,102,0.0
20,103,0.0
20,104,0.0
20,105,0.0
20,106,0.0
20,107,0.0
20,108,0.0
20,109,1.0
20,110,0.0
20,111,0.0
20,112,1.0
20,113,1.0
20,114,0.0
20,115,0.0
20,116,0.0
20,117,0.0
20,118,1.0
20,119,1.0
20,120,0.0
20,121,0.0
20,122,1.0
20,123,0.0
20,124,0.0
20,125,0.0
20,126,0.0
20,127,1.0
20,128,0.0
20,129,0.0
20,130,0.0
20,131,0.0
20,132,0.0
20,133,0.0
20,134,0.0
20,135,0.0
20,136,0.0
20,137,0.0
20,138,1.0
20,139,0.0
20,140,1.0
20,141,0.0
20,142,1.0
20,143,0.0
20,144,1.0
20,145,0.0
20,146,1.0
20,147,0.0
20,148,0.0
20,149,0.0
20,150,0.0
20,151,0.0
20,152,0.0
20,153,1.0
20,154,0.0
20,155,0.0
20,156,1.0
20,157,0.0
20,158,0.0
20,159,0.0
20,160,0.0
20,161,0.0
20,162,0.0
20,163,0.0
20,164,0.0
20,165,0.0
20,166,1.0
20,167,0.0
20,168,1.0
20,169,1.0
20,170,1.0
20,171,0.0
20,172,0.0
20,173,0.0
20,174,0.0
20,175,0.0
20,176,0.0
20,177,0.0
20,178,0.0
20,179,0.0
20,180,1.0
20,181,0.0
20,182,1.0
20,183,1.0
20,184,0.0
20,185,1.0
20,186,0.0
20,187,0.0
20,188,0.0
20,189,0.0
20,190,1.0
20,191,1.0
20,192,0.0
20,193,0.0
20,194,0.0
20,195,0.0
20,196,0.0
20,197,0.0
20,198,0.0
20,199,1.0
20,200,0.0
20,201,0.0
20,202,0.0
20,203,0.0
20,204,0.0
20,205,1.0
20,206,0.0
20,207,1.0
20,208,1.0
20,209,0.0
20,210,0.0
20,211,1.0
20,212,0.0
20,213,1.0
20,214,1.0
20,215,1.0
20,216,0.0
20,217,0.0
20,218,1.0
20,219,0.0
20,220,1.0
20,221,0.0
20,222,0.0
20,223,0.0
20,224,0.0
20,225,1.0
20,226,0.0
20,227,0.0
20,228,0.0
20,229,0.0
20,230,0.0
20,231,1.0
20,232,1.0
20,233,1.0
20,234,0.0
20,235,0.0
20,236,0.0
20,237,0.0
20,238,1.0
20,239,1.0
20,240,0.0
20,241,0.0
20,242,1.0
20,243,0.0
20,244,1.0
20,245,0.0
20,246,0.0
20,247,0.0
20,248,1.0
20,249,0.0
20,250,0.0
20,251,0.0
20,252,0.0
20,253,0.0
20,254,0.0
20,255,0.0
20,256,1.0
20,257,0.0
20,258,1.0
20,259,0.0
20,260,1.0
20,261,1.0
20,262,0.0
20,263,0.0
20,264,0.0
20,265,1.0
20,266,1.0
20,267,0.0
20,268,0.0
20,269,0.0
20,270,0.0
24,0,0.0
24,1,0.0
24,2,0.0
24,3,1.0
24,4,1.0
24,5,0.0
24,6,0.0
24,7,0.0
24,8,1.0
24,9,0.0
24,10,0.0
24,11,0.0
24,12,0.0
24,13,1.0
24,14,1.0
24,15,0.0
24,16,1.0
24,17,0.0
24,18,0.0
24,19,0.0
24,20,0.0
24,21,1.0
24,22,0.0
24,23,0.0
24,24,1.0
24,25,1.0
24,26,0.0
24,27,0.0
24,28,0.0
24,29,0.0
24,30,1.0
24,31,0.0
24,32,1.0
24,33,1.0
24,34,0.0
24,35,0.0
24,36,0.0
24,37,1.0
24,38,1.0
24,39,0.0
24,40,0.0
24,41,0.0
24,42,0.0
24,43,0.0
24,44,0.0
24,45,0.0
24,46,0.0
24,47,0.0
24,48,1.0
24,49,0.0
24,50,0.0
24,51,0.0
24,52,1.0
24,53,0.0
24,54,0.0
24,55,0.0
24,56,0.0
24,57,0.0
24,58,1.0
24,59,0.0
24,60,0.0
24,61,0.0
24,62,1.0
24,63,1.0
24,64,0.0
24,65,1.0
24,66,1.0
24,67,0.0
24,68,1.0
24,69,0.0
24,70,0.0
24,71,0.0
24,72,0.0
24,73,1.0
24,74,1.0
24,75,0.0
24,76,0.0
24,77,0.0
24,78,1.0
24,79,0.0
24,80,1.0
24,81,1.0
24,82,1.0
24,83,1.0
24,84,0.0
24,85,1.0
24,86,0.0
24,87,0.0
24,88,1.0
24,89,0.0
24,90,0.0
24,91,0.0
24,92,0.0
24,93,0.0
24,94,1.0
24,95,0.0
24,96,0.0
24,97,1.0
24,98,0.0
24,99,1.0
24,100,0.0
24,101,0.0
24,102,0.0
24,103,0.0
24,104,0.0
24,105,0.0
24,106,0.0
24,107,0.0
24,108,0.0
24,109,1.0
24,110,0.0
24,111,0.0
24,112,1.0
24,113,0.0
24,114,0.0
24,115,0.0
24,116,0.0
24,117,0.0
24,118,1.0
24,119,1.0
24,120,0.0
24,121,0.0
24,122,1.0
24,123,0.0
24,124,0.0
24,125,0.0
24,126,0.0
24,127,1.0
24,128,0.0
24,129,0.0
24,130,0.0
24,131,0.0
24,132,0.0
24,133,0.0
24,134,0.0
24,135,0.0
24,136,0.0
24,137,0.0
24,138,0.0
24,139,0.0
24,140,1.0
24,141,0.0
24,142,1.0
24,143,0.0
24,144,1.0
24,145,0.0
24,146,1.0
24,147,0.0
24,148,0.0
24,149,0.0
24,150,0.0
24,151,0.0
24,152,0.0
24,153,1.0
24,154,0.0
24,155,0.0
24,156,0.0
24,157,0.0
24,158,0.0
24,159,0.0
24,160,0.0
24,161,0.0
24,162,0.0
24,163,0.0
24,164,0.0
24,165,0.0
24,166,1.0
24,167,0.0
24,168,1.0
24,169,1.0
24,170,1.0
24,171,0.0
24,172,0.0
24,173,0.0
24,174,0.0
24,175,0.0
24,176,0.0
24,177,0.0
24,178,0.0
24,179,0.0
24,180,1.0
24,181,0.0
24,182,1.0
24,183,1.0
24,184,0.0
24,185,1.0
24,186,0.0
24,187,0.0
24,188,0.0
24,189,0.0
24,190,1.0
24,191,1.0
24,192,0.0
24,193,0.0
24,194,0.0
24,195,0.0
24,196,0.0
24,197,0.0
24,198,0.0
24,199,1.0
24,200,0.0
24,201,0.0
24,202,0.0
24,203,0.0
24,204,0.0
24,205,1.0
24,206,0.0
24,207,1.0
24,208,1.0
24,209,0.0
24,210,0.0
24,211,1.0
24,212,0.0
24,213,1.0
24,214,1.0
24,215,1.0
24,216,0.0
24,217,0.0
24,218,1.0
24,219,0.0
24,220,1.0
24,221,0.0
24,222,0.0
24,223,0.0
24,224,0.0
24,225,1.0
24,226,0.0
24,227,0.0
24,228,0.0
24,229,0.0
24,230,0.0
24,231,1.0
24,232,1.0
24,233,1.0
24,234,0.0
24,235,0.0
24,236,0.0
24,237,0.0
24,238,1.0
24,239,1.0
24,240,0.0
24,241,0.0
24,242,1.0
24,243,0.0
24,244,1.0
24,245,0.0
24,246,0.0
24,247,0.0
24,248,1.0
24,249,0.0
24,250,0.0
24,251,0.0
24,252,0.0
24,253,0.0
24,254,0.0
24,255,0.0
24,256,1.0
24,257,0.0
24,258,1.0
24,259,0.0
24,260,0.0
24,261,1.0
24,262,0.0
24,263,0.0
24,264,0.0
24,265,1.0
24,266,1.0
24,267,0.0
24,268,0.0
24,269,0.0
24,270,0.0
28,0,0.0
28,1,0.0
28,2,0.0
28,3,1.0
28,4,1.0
28,5,0.0
28,6,0.0
28,7,0.0
28,8,1.0
28,9,0.0
28,10,0.0
28,11,0.0
28,12,0.0
28,13,1.0
28,14,1.0
28,15,0.0
28,16,1.0
28,17,0.0
28,18,0.0
28,19,0.0
28,20,0.0
28,21,1.0
28,22,0.0
28,23,0.0
28,24,1.0
28,25,1.0
28,26,0.0
28,27,0.0
28,28,0.0
28,29,0.0
28,30,1.0
28,31,0.0
28,32,1.0
28,33,1.0
28,34,0.0
28,35,0.0
28,36,0.0
28,37,1.0
28,38,1.0
28,39,0.0
28,40,0.0
28,41,0.0
28,42,0.0
28,43,0.0
28,44,0.0
28,45,0.0
28,46,0.0
28,47,0.0
28,48,1.0
28,49,0.0
28,50,0.0
28,51,0.0
28,52,1.0
28,53,0.0
28,54,0.0
28,55,0.0
28,56,0.0
28,57,1.0
28,58,1.0
28,59,0.0
28,60,0.0
28,61,0.0
28,62,1.0
28,63,1.0
28,64,0.0
28,65,1.0
28,66,1.0
28,67,1.0
28,68,1.0
28,69,0.0
28,70,0.0
28,71,0.0
28,72,0.0
28,73,1.0
28,74,1.0
28,75,0.0
28,76,0.0
28,77,0.0
28,78,1.0
28,79,0.0
28,80,1.0
28,81,1.0
28,82,1.0
28,83,1.0
28,84,0.0
28,85,1.0
28,86,0.0
28,87,0.0
28,88,1.0
28,89,0.0
28,90,0.0
28,91,0.0
28,92,0.0
28,93,0.0
28,94,1.0
28,95,0.0
28,96,0.0
28,97,1.0
28,98,0.0
28,99,1.0
28,100,0.0
28,101,0.0
28,102,0.0
28,103,0.0
28,104,0.0
28,105,0.0
28,106,0.0
28,107,0.0
28,108,0.0
28,109,0.0
28,110,0.0
28,111,0.0
28,112,1.0
28,113,0.0
28,114,0.0
28,115,0.0
28,116,0.0
28,117,0.0
28,118,1.0
28,119,1.0
28,120,0.0
28,121,0.0
28,122,1.0
28,123,0.0
28,124,0.0
28,125,0.0
28,126,0.0
28,127,1.0
28,128,0.0
28,129,0.0
28,130,0.0
28,131,0.0
28,132,0.0
28,133,0.0
28,134,0.0
28,135,0.0
28,136,0.0
28,137,0.0
28,138,0.0
28,139,0.0
28,140,1.0
28,141,0.0
28,142,1.0
28,143,0.0
28,144,1.0
28,145,0.0
28,146,1.0
28,147,0.0
28,148,0.0
28,149,0.0
28,150,0.0
28,151,0.0
28,152,0.0
28,153,1.0
28,154,0.0
28,155,0.0
28,156,0.0
28,157,0.0
28,158,0.0
28,159,0.0
28,160,0.0
28,161,0.0
28,162,0.0
28,163,0.0
28,164,0.0
28,165,0.0
28,166,1.0
28,167,0.0
28,168,1.0
28,169,1.0
28,170,1.0
28,171,0.0
28,172,0.0
28,173,0.0
28,174,0.0
28,175,0.0
28,176,0.0
28,177,0.0
28,178,0.0
28,179,0.0
28,180,1.0
28,181,0.0
28,182,1.0
28,183,1.0
28,184,0.0
28,185,1.0
28,186,0.0
28,187,0.0
28,188,0.0
28,189,0.0
28,190,0.0
28,191,1.0
28,192,0.0
28,193,0.0
28,194,0.0
28,195,0.0
28,196,0.0
28,197,0.0
28,198,0.0
28,199,1.0
28,200,0.0
28,201,0.0
28,202,0.0
28,203,0.0
28,204,0.0
28,205,1.0
28,206,0.0
28,207,1.0
28,208,1.0
28,209,0.0
28,210,0.0
28,211,1.0
28,212,0.0
28,213,1.0
28,214,1.0
28,215,1.0
28,216,0.0
28,217,0.0
28,218,1.0
28,219,0.0
28,220,1.0
28,221,0.0
28,222,0.0
28,223,0.0
28,224,0.0
28,225,1.0
28,226,0.0
28,227,0.0
28,228,0.0
28,229,0.0
28,230,0.0
28,231,1.0
28,232,1.0
28,233,1.0
28,234,0.0
28,235,0.0
28,236,0.0
28,237,0.0
28,238,0.0
28,239,1.0
28,240,0.0
28,241,0.0
28,242,1.0
28,243,0.0
28,244,1.0
28,245,0.0
28,246,0.0
28,247,0.0
28,248,1.0
28,249,0.0
28,250,0.0
28,251,0.0
28,252,0.0
28,253,0.0
28,254,0.0
28,255,0.0
28,256,1.0
28,257,0.0
28,258,1.0
28,259,0.0
28,260,1.0
28,261,1.0
28,262,0.0
28,263,0.0
28,264,0.0
28,265,1.0
28,266,1.0
28,267,0.0
28,268,0.0
28,269,0.0
28,270,0.0
32,0,0.0
32,1,0.0
32,2,0.0
32,3,1.0
32,4,1.0
32,5,0.0
32,6,0.0
32,7,0.0
32,8,1.0
32,9,0.0
32,10,0.0
32,11,0.0
32,12,0.0
32,13,0.0
32,14,1.0
32,15,0.0
32,16,1.0
32,17,0.0
32,18,0.0
32,19,0.0
32,20,0.0
32,21,1.0
32,22,0.0
32,23,0.0
32,24,1.0
32,25,1.0
32,26,0.0
32,27,0.0
32,28,0.0
32,29,0.0
32,30,1.0
32,31,0.0
32,32,1.0
32,33,1.0
32,34,0.0
32,35,0.0
32,36,0.0
32,37,1.0
32,38,1.0
32,39,0.0
32,40,0.0
32,41,0.0
32,42,0.0
32,43,0.0
32,44,0.0
32,45,0.0
32,46,0.0
32,47,0.0
32,48,1.0
32,49,0.0
32,50,0.0
32,51,0.0
32,52,1.0
32,53,0.0
32,54,0.0
32,55,0.0
32,56,0.0
32,57,0.0
32,58,1.0
32,59,0.0
32,60,0.0
32,61,0.0
32,62,1.0
32,63,1.0
32,64,0.0
32,65,1.0
32,66,1.0
32,67,0.0
32,68,1.0
32,69,0.0
32,70,1.0
32,71,0.0
32,72,0.0
32,73,1.0
32,74,1.0
32,75,0.0
32,76,0.0
32,77,0.0
32,78,1.0
32,79,0.0
32,80,1.0
32,81,1.0
32,82,1.0
32,83,1.0
32,84,0.0
32,85,1.0
32,86,0.0
32,87,0.0
32,88,1.0
32,89,0.0
32,90,0.0
32,91,0.0
32,92,0.0
32,93,0.0
32,94,1.0
32,95,0.0
32,96,0.0
32,97,1.0
32,98,0.0
32,99,1.0
32,100,0.0
32,101,0.0
32,102,0.0
32,103,0.0
32,104,0.0
32,105,0.0
32,106,0.0
32,107,0.0
32,108,0.0
32,109,0.0
32,110,0.0
32,111,0.0
32,112,1.0
32,113,0.0
32,114,0.0
32,115,0.0
32,116,0.0
32,117,0.0
32,118,1.0
32,119,1.0
32,120,0.0
32,121,0.0
32,122,1.0
32,123,0.0
32,124,0.0
32,125,0.0
32,126,0.0
32,127,1.0
32,128,0.0
32,129,0.0
32,130,0.0
32,131,0.0
32,132,0.0
32,133,0.0
32,134,0.0
32,135,0.0
32,136,0.0
32,137,0.0
32,138,0.0
32,139,0.0
32,140,1.0
32,141,0.0
32,142,1.0
32,143,0.0
32,144,1.0
32,145,0.0
32,146,0.0
32,147,0.0
32,148,0.0
32,149,0.0
32,150,0.0
32,151,0.0
32,152,0.0
32,153,1.0
32,154,0.0
32,155,0.0
32,156,0.0
32,157,0.0
32,158,0.0
32,159,0.0
32,160,0.0
32,161,0.0
32,162,0.0
32,163,0.0
32,164,0.0
32,165,0.0
32,166,1.0
32,167,0.0
32,168,1.0
32,169,1.0
32,170,1.0
32,171,0.0
32,172,0.0
32,173,0.0
32,174,0.0
32,175,0.0
32,176,0.0
32,177,0.0
32,178,0.0
32,179,0.0
32,180,1.0
32,181,0.0
32,182,1.0
32,183,1.0
32,184,0.0
32,185,1.0
32,186,0.0
32,187,0.0
32,188,0.0
32,189,0.0
32,190,0.0
32,191,1.0
32,192,0.0
32,193,0.0
32,194,0.0
32,195,0.0
32,196,0.0
32,197,0.0
32,198,0.0
32,199,1.0
32,200,0.0
32,201,0.0
32,202,0.0
32,203,0.0
32,204,0.0
32,205,1.0
32,206,0.0
32,207,1.0
32,208,1.0
32,209,0.0
32,210,0.0
32,211,1.0
32,212,0.0
32,213,1.0
32,214,1.0
32,215,1.0
32,216,0.0
32,217,0.0
32,218,1.0
32,219,0.0
32,220,1.0
32,221,0.0
32,222,0.0
32,223,0.0
32,224,0.0
32,225,1.0
32,226,0.0
32,227,0.0
32,228,0.0
32,229,0.0
32,230,0.0
32,231,1.0
32,232,1.0
32,233,1.0
32,234,0.0
32,235,0.0
32,236,0.0
32,237,0.0
32,238,0.0
32,239,1.0
32,240,0.0
32,241,0.0
32,242,1.0
32,243,0.0
32,244,1.0
32,245,0.0
32,246,0.0
32,247,0.0
32,248,1.0
32,249,0.0
32,250,0.0
32,251,0.0
32,252,0.0
32,253,0.0
32,254,0.0
32,255,0.0
32,256,1.0
32,257,0.0
32,258,1.0
32,259,0.0
32,260,1.0
32,261,1.0
32,262,0.0
32,263,0.0
32,264,0.0
32,265,1.0
32,266,1.0
32,267,0.0
32,268,0.0
32,269,0.0
32,270,0.0
36,0,0.0
36,1,0.0
36,2,0.0
36,3,1.0
36,4,1.0
36,5,0.0
36,6,0.0
36,7,0.0
36,8,1.0
36,9,0.0
36,10,0.0
36,11,0.0
36,12,0.0
36,13,0.0
36,14,1.0
36,15,0.0
36,16,1.0
36,17,0.0
36,18,0.0
36,19,0.0
36,20,0.0
36,21,1.0
36,22,0.0
36,23,0.0
36,24,1.0
36,25,1.0
36,26,0.0
36,27,0.0
36,28,0.0
36,29,0.0
36,30,1.0
36,31,0.0
36,32,1.0
36,33,1.0
36,34,0.0
36,35,0.0
36,36,0.0
36,37,1.0
36,38,1.0
36,39,0.0
36,40,0.0
36,41,0.0
36,42,0.0
36,43,0.0
36,44,0.0
36,45,0.0
36,46,0.0
36,47,0.0
36,48,1.0
36,49,0.0
36,50,0.0
36,51,0.0
36,52,1.0
36,53,0.0
36,54,0.0
36,55,0.0
36,56,0.0
36,57,0.0
36,58,1.0
36,59,0.0
36,60,0.0
36,61,0.0
36,62,1.0
36,63,1.0
36,64,0.0
36,65,1.0
36,66,1.0
36,67,0.0
36,68,1.0
36,69,0.0
36,70,1.0
36,71,0.0
36,72,0.0
36,73,1.0
36,74,1.0
36,75,0.0
36,76,0.0
36,77,0.0
36,78,1.0
36,79,0.0
36,80,1.0
36,81,1.0
36,82,1.0
36,83,1.0
36,84,0.0
36,85,1.0
36,86,0.0
36,87,0.0
36,88,1.0
36,89,0.0
36,90,0.0
36,91,0.0
36,92,0.0
36,93,0.0
36,94,1.0
36,95,0.0
36,96,0.0
36,97,1.0
36,98,0.0
36,99,1.0
36,100,0.0
36,101,0.0
36,102,0.0
36,103,0.0
36,104,0.0
36,105,0.0
36,106,0.0
36,107,0.0
36,108,0.0
36,109,0.0
36,110,0.0
36,111,0.0
36,112,1.0
36,113,0.0
36,114,0.0
36,115,0.0
36,116,0.0
36,117,0.0
36,118,1.0
36,119,1.0
36,120,0.0
36,121,0.0
36,122,1.0
36,123,0.0
36,124,0.0
36,125,0.0
36,126,0.0
36,127,1.0
36,128,0.0
36,129,0.0
36,130,0.0
36,131,0.0
36,132,0.0
36,133,0.0
36,134,0.0
36,135,0.0
36,136,1.0
36,137,0.0
36,138,0.0
36,139,0.0
36,140,1.0
36,141,0.0
36,142,1.0
36,143,0.0
36,144,1.0
36,145,0.0
36,146,0.0
36,147,0.0
36,148,0.0
36,149,0.0
36,150,0.0
36,151,0.0
36,152,0.0
36,153,1.0
36,154,0.0
36,155,0.0
36,156,0.0
36,157,0.0
36,158,0.0
36,159,0.0
36,160,0.0
36,161,0.0
36,162,1.0
36,163,0.0
36,164,0.0
36,165,0.0
36,166,1.0
36,167,0.0
36,168,1.0
36,169,1.0
36,170,1.0
36,171,0.0
36,172,0.0
36,173,0.0
36,174,0.0
36,175,0.0
36,176,0.0
36,177,0.0
36,178,0.0
36,179,0.0
36,180,1.0
36,181,0.0
36,182,1.0
36,183,1.0
36,184,0.0
36,185,1.0
36,186,0.0
36,187,0.0
36,188,0.0
36,189,0.0
36,190,0.0
36,191,1.0
36,192,0.0
36,193,0.0
36,194,0.0
36,195,0.0
36,196,0.0
36,197,0.0
36,198,0.0
36,199,1.0
36,200,0.0
36,201,0.0
36,202,0.0
36,203,0.0
36,204,0.0
36,205,1.0
36,206,0.0
36,207,1.0
36,208,1.0
36,209,0.0
36,210,0.0
36,211,1.0
36,212,0.0
36,213,1.0
36,214,1.0
36,215,1.0
36,216,0.0
36,217,0.0
36,218,1.0
36,219,0.0
36,220,1.0
36,221,0.0
36,222,0.0
36,223,0.0
36,224,0.0
36,225,1.0
36,226,0.0
36,227,0.0
36,228,0.0
36,229,0.0
36,230,0.0
36,231,1.0
36,232,1.0
36,233,1.0
36,234,0.0
36,235,0.0
36,236,0.0
36,237,0.0
36,238,0.0
36,239,1.0
36,240,0.0
36,241,0.0
36,242,1.0
36,243,0.0
36,244,1.0
36,245,0.0
36,246,0.0
36,247,0.0
36,248,1.0
36,249,0.0
36,250,0.0
36,251,0.0
36,252,0.0
36,253,0.0
36,254,0.0
36,255,0.0
36,256,1.0
36,257,0.0
36,258,1.0
36,259,0.0
36,260,0.0
36,261,1.0
36,262,0.0
36,263,0.0
36,264,0.0
36,265,1.0
36,266,1.0
36,267,0.0
36,268,0.0
36,269,0.0
36,270,0.0
40,0,0.0
40,1,0.0
40,2,0.0
40,3,1.0
40,4,1.0
40,5,0.0
40,6,0.0
40,7,0.0
40,8,1.0
40,9,0.0
40,10,0.0
40,11,0.0
40,12,0.0
40,13,0.0
40,14,1.0
40,15,0.0
40,16,1.0
40,17,0.0
40,18,0.0
40,19,0.0
40,20,0.0
40,21,1.0
40,22,0.0
40,23,0.0
40,24,1.0
40,25,1.0
40,26,0.0
40,27,0.0
40,28,0.0
40,29,0.0
40,30,1.0
40,31,0.0
40,32,1.0
40,33,1.0
40,34,0.0
40,35,0.0
40,36,0.0
40,37,1.0
40,38,1.0
40,39,0.0
40,40,0.0
40,41,0.0
40,42,0.0
40,43,0.0
40,44,0.0
40,45,0.0
40,46,0.0
40,47,0.0
40,48,1.0
40,49,0.0
40,50,0.0
40,51,0.0
40,52,1.0
40,53,0.0
40,54,0.0
40,55,0.0
40,56,0.0
40,57,0.0
40,58,1.0
40,59,0.0
40,60,0.0
40,61,1.0
40,62,1.0
40,63,1.0
40,64,0.0
40,65,1.0
40,66,1.0
40,67,0.0
40,68,1.0
40,69,0.0
40,70,1.0
40,71,0.0
40,72,0.0
40,73,1.0
40,74,1.0
40,75,0.0
40,76,0.0
40,77,0.0
40,78,1.0
40,79,0.0
40,80,1.0
40,81,1.0
40,82,1.0
40,83,1.0
40,84,0.0
40,85,1.0
40,86,0.0
40,87,0.0
40,88,1.0
40,89,0.0
40,90,0.0
40,91,0.0
40,92,0.0
40,93,0.0
40,94,1.0
40,95,0.0
40,96,0.0
40,97,1.0
40,98,0.0
40,99,1.0
40,100,0.0
40,101,0.0
40,102,0.0
40,103,0.0
40,104,0.0
40,105,0.0
40,106,0.0
40,107,0.0
40,108,0.0
40,109,0.0
40,110,0.0
40,111,0.0
40,112,1.0
40,113,0.0
40,114,0.0
40,115,0.0
40,116,0.0
40,117,0.0
40,118,1.0
40,119,1.0
40,120,0.0
40,121,0.0
40,122,1.0
40,123,0.0
40,124,0.0
40,125,0.0
40,126,0.0
40,127,1.0
40,128,0.0
40,129,0.0
40,130,0.0
40,131,0.0
40,132,0.0
40,133,0.0
40,134,0.0
40,135,0.0
40,136,1.0
40,137,0.0
40,138,0.0
40,139,0.0
40,140,1.0
40,141,0.0
40,142,1.0
40,143,0.0
40,144,1.0
40,145,0.0
40,146,0.0
40,147,0.0
40,148,0.0
40,149,0.0
40,150,0.0
40,151,0.0
40,152,0.0
40,153,1.0
40,154,0.0
40,155,0.0
40,156,0.0
40,157,0.0
40,158,0.0
40,159,0.0
40,160,0.0
40,161,0.0
40,162,1.0
40,163,0.0
40,164,0.0
40,165,0.0
40,166,1.0
40,167,0.0
40,168,1.0
40,169,1.0
40,170,1.0
40,171,0.0
40,172,0.0
40,173,0.0
40,174,0.0
40,175,0.0
40,176,0.0
40,177,0.0
40,178,0.0
40,179,0.0
40,180,0.0
40,181,0.0
40,182,1.0
40,183,1.0
40,184,0.0
40,185,1.0
40,186,0.0
40,187,0.0
40,188,0.0
40,189,0.0
40,190,0.0
40,191,1.0
40,192,0.0
40,193,0.0
40,194,0.0
40,195,0.0
40,196,0.0
40,197,0.0
40,198,0.0
40,199,1.0
40,200,0.0
40,201,0.0
40,202,0.0
40,203,0.0
40,204,0.0
40,205,1.0
40,206,0.0
40,207,1.0
40,208,1.0
40,209,0.0
40,210,0.0
40,211,1.0
40,212,0.0
40,213,1.0
40,214,1.0
40,215,1.0
40,216,0.0
40,217,0.0
40,218,1.0
40,219,0.0
40,220,1.0
40,221,0.0
40,222,0.0
40,223,0.0
40,224,0.0
40,225,1.0
40,226,0.0
40,227,0.0
40,228,0.0
40,229,0.0
40,230,0.0
40,231,1.0
40,232,1.0
40,233,1.0
40,234,0.0
40,235,0.0
40,236,0.0
40,237,0.0
40,238,0.0
40,239,1.0
40,240,0.0
40,241,0.0
40,242,1.0
40,243,0.0
40,244,1.0
40,245,0.0
40,246,0.0
40,247,0.0
40,248,1.0
40,249,0.0
40,250,0.0
40,251,0.0
40,252,0.0
40,253,0.0
40,254,0.0
40,255,0.0
40,256,1.0
40,257,0.0
40,258,1.0
40,259,0.0
40,260,0.0
40,261,1.0
40,262,0.0
40,263,0.0
40,264,0.0
40,265,1.0
40,266,1.0
40,267,0.0
40,268,0.0
40,269,0.0
40,270,0.0
44,0,0.0
44,1,0.0
44,2,0.0
44,3,1.0
44,4,1.0
44,5,0.0
44,6,0.0
44,7,0.0
44,8,1.0
44,9,0.0
44,10,0.0
44,11,0.0
44,12,0.0
44,13,0.0
44,14,1.0
44,15,0.0
44,16,1.0
44,17,0.0
44,18,0.0
44,19,0.0
44,20,0.0
44,21,1.0
44,22,0.0
44,23,0.0
44,24,1.0
44,25,1.0
44,26,0.0
44,27,0.0
44,28,0.0
44,29,0.0
44,30,1.0
44,31,0.0
44,32,1.0
44,33,1.0
44,34,0.0
44,35,0.0
44,36,0.0
44,37,1.0
44,38,1.0
44,39,0.0
44,40,0.0
44,41,0.0
44,42,0.0
44,43,0.0
44,44,0.0
44,45,0.0
44,46,0.0
44,47,0.0
44,48,1.0
44,49,0.0
44,50,0.0
44,51,0.0
44,52,1.0
44,53,0.0
44,54,0.0
44,55,0.0
44,56,0.0
44,57,0.0
44,58,1.0
44,59,0.0
44,60,0.0
44,61,0.0
44,62,1.0
44,63,1.0
44,64,0.0
44,65,1.0
44,66,1.0
44,67,0.0
44,68,1.0
44,69,0.0
44,70,1.0
44,71,0.0
44,72,0.0
44,73,1.0
44,74,1.0
44,75,0.0
44,76,0.0
44,77,0.0
44,78,1.0
44,79,0.0
44,80,1.0
44,81,1.0
44,82,1.0
44,83,1.0
44,84,0.0
44,85,1.0
44,86,0.0
44,87,0.0
44,88,1.0
44,89,0.0
44,90,0.0
44,91,0.0
44,92,0.0
44,93,0.0
44,94,1.0
44,95,0.0
44,96,0.0
44,97,1.0
44,98,0.0
44,99,1.0
44,100,0.0
44,101,0.0
44,102,0.0
44,103,0.0
44,104,0.0
44,105,0.0
44,106,0.0
44,107,0.0
44,108,0.0
44,109,0.0
44,110,0.0
44,111,0.0
44,112,1.0
44,113,0.0
44,114,0.0
44,115,0.0
44,116,0.0
44,117,0.0
44,118,1.0
44,119,1.0
44,120,0.0
44,121,0.0
44,122,1.0
44,123,0.0
44,124,0.0
44,125,0.0
44,126,0.0
44,127,1.0
44,128,0.0
44,129,0.0
44,130,0.0
44,131,0.0
44,132,0.0
44,133,0.0
44,134,0.0
44,135,0.0
44,136,1.0
44,137,0.0
44,138,0.0
44,139,0.0
44,140,1.0
44,141,0.0
44,142,1.0
44,143,0.0
44,144,1.0
44,145,0.0
44,146,0.0
44,147,0.0
44,148,0.0
44,149,0.0
44,150,0.0
44,151,0.0
44,152,0.0
44,153,1.0
44,154,0.0
44,155,0.0
44,156,0.0
44,157,0.0
44,158,0.0
44,159,0.0
44,160,0.0
44,161,0.0
44,162,1.0
44,163,0.0
44,164,0.0
44,165,0.0
44,166,1.0
44,167,1.0
44,168,1.0
44,169,1.0
44,170,1.0
44,171,0.0
44,172,0.0
44,173,0.0
44,174,0.0
44,175,0.0
44,176,0.0
44,177,0.0
44,178,0.0
44,179,0.0
44,180,0.0
44,181,0.0
44,182,1.0
44,183,1.0
44,184,0.0
44,185,0.0
44,186,0.0
44,187,0.0
44,188,0.0
44,189,0.0
44,190,0.0
44,191,1.0
44,192,0.0
44,193,0.0
44,194,0.0
44,195,0.0
44,196,0.0
44,197,0.0
44,198,0.0
44,199,1.0
44,200,0.0
44,201,0.0
44,202,0.0
44,203,0.0
44,204,0.0
44,205,1.0
44,206,0.0
44,207,1.0
44,208,1.0
44,209,0.0
44,210,0.0
44,211,1.0
44,212,0.0
44,213,1.0
44,214,1.0
44,215,1.0
44,216,0.0
44,217,0.0
44,218,1.0
44,219,0.0
44,220,1.0
44,221,0.0
44,222,0.0
44,223,0.0
44,224,0.0
44,225,1.0
44,226,0.0
44,227,0.0
44,228,0.0
44,229,0.0
44,230,0.0
44,231,1.0
44,232,1.0
44,233,1.0
44,234,0.0
44,235,0.0
44,236,0.0
44,237,0.0
44,238,0.0
44,239,1.0
44,240,0.0
44,241,0.0
44,242,1.0
44,243,0.0
44,244,1.0
44,245,0.0
44,246,0.0
44,247,0.0
44,248,1.0
44,249,0.0
44,250,0.0
44,251,0.0
44,252,0.0
44,253,0.0
44,254,0.0
44,255,0.0
44,256,1.0
44,257,0.0
44,258,1.0
44,259,0.0
44,260,0.0
44,261,1.0
44,262,0.0
44,263,0.0
44,264,0.0
44,265,1.0
44,266,1.0
44,267,0.0
44,268,0.0
44,269,0.0
44,270,0.0
48,0,0.0
48,1,0.0
48,2,0.0
48,3,1.0
48,4,1.0
48,5,0.0
48,6,0.0
48,7,0.0
48,8,1.0
48,9,0.0
48,10,0.0
48,11,0.0
48,12,0.0
48,13,0.0
48,14,1.0
48,15,0.0
48,16,1.0
48,17,0.0
48,18,0.0
48,19,0.0
48,20,0.0
48,21,1.0
48,22,0.0
48,23,0.0
48,24,1.0
48,25,1.0
48,26,0.0
48,27,0.0
48,28,0.0
48,29,0.0
48,30,1.0
48,31,0.0
48,32,1.0
48,33,1.0
48,34,0.0
48,35,0.0
48,36,0.0
48,37,1.0
48,38,1.0
48,39,0.0
48,40,0.0
48,41,0.0
48,42,0.0
48,43,0.0
48,44,0.0
48,45,0.0
48,46,0.0
48,47,0.0
48,48,1.0
48,49,0.0
48,50,0.0
48,51,0.0
48,52,1.0
48,53,0.0
48,54,0.0
48,55,0.0
48,56,0.0
48,57,0.0
48,58,1.0
48,59,0.0
48,60,0.0
48,61,1.0
48,62,1.0
48,63,1.0
48,64,0.0
48,65,1.0
48,66,1.0
48,67,0.0
48,68,1.0
48,69,0.0
48,70,1.0
48,71,0.0
48,72,0.0
48,73,1.0
48,74,1.0
48,75,0.0
48,76,0.0
48,77,0.0
48,78,1.0
48,79,0.0
48,80,1.0
48,81,1.0
48,82,1.0
48,83,1.0
48,84,0.0
48,85,1.0
48,86,0.0
48,87,0.0
48,88,1.0
48,89,0.0
48,90,0.0
48,91,0.0
48,92,0.0
48,93,0.0
48,94,1.0
48,95,0.0
48,96,0.0
48,97,1.0
48,98,0.0
48,99,1.0
48,100,0.0
48,101,0.0
48,102,0.0
48,103,0.0
48,104,0.0
48,105,0.0
48,106,0.0
48,107,0.0
48,108,0.0
48,109,0.0
48,110,0.0
48,111,0.0
48,112,1.0
48,113,0.0
48,114,0.0
48,115,0.0
48,116,0.0
48,117,0.0
48,118,1.0
48,119,1.0
48,120,0.0
48,121,0.0
48,122,1.0
48,123,0.0
48,124,0.0
48,125,0.0
48,126,0.0
48,127,1.0
48,128,0.0
48,129,0.0
48,130,0.0
48,131,0.0
48,132,0.0
48,133,0.0
48,134,0.0
48,135,0.0
48,136,1.0
48,137,0.0
48,138,1.0
48,139,0.0
48,140,1.0
48,141,0.0
48,142,1.0
48,143,0.0
48,144,1.0
48,145,0.0
48,146,0.0
48,147,0.0
48,148,0.0
48,149,0.0
48,150,0.0
48,151,0.0
48,152,0.0
48,153,1.0
48,154,0.0
48,155,0.0
48,156,0.0
48,157,0.0
48,158,0.0
48,159,0.0
48,160,0.0
48,161,0.0
48,162,1.0
48,163,0.0
48,164,0.0
48,165,0.0
48,166,1.0
48,167,0.0
48,168,1.0
48,169,1.0
48,170,1.0
48,171,0.0
48,172,0.0
48,173,0.0
48,174,0.0
48,175,0.0
48,176,0.0
48,177,0.0
48,178,0.0
48,179,0.0
48,180,0.0
48,181,0.0
48,182,1.0
48,183,1.0
48,184,0.0
48,185,1.0
48,186,0.0
48,187,0.0
48,188,0.0
48,189,0.0
48,190,0.0
48,191,1.0
48,192,0.0
48,193,0.0
48,194,0.0
48,195,0.0
48,196,0.0
48,197,0.0
48,198,0.0
48,199,1.0
48,200,0.0
48,201,0.0
48,202,0.0
48,203,0.0
48,204,0.0
48,205,1.0
48,206,0.0
48,207,1.0
48,208,1.0
48,209,0.0
48,210,0.0
48,211,1.0
48,212,0.0
48,213,1.0
48,214,1.0
48,215,1.0
48,216,0.0
48,217,0.0
48,218,1.0
48,219,0.0
48,220,1.0
48,221,0.0
48,222,0.0
48,223,0.0
48,224,0.0
48,225,1.0
48,226,0.0
48,227,0.0
48,228,0.0
48,229,0.0
48,230,0.0
48,231,1.0
48,232,1.0
48,233,1.0
48,234,0.0
48,235,0.0
48,236,0.0
48,237,0.0
48,238,0.0
48,239,1.0
48,240,0.0
48,241,0.0
48,242,1.0
48,243,0.0
48,244,1.0
48,245,0.0
48,246,0.0
48,247,0.0
48,248,1.0
48,249,0.0
48,250,0.0
48,251,0.0
48,252,0.0
48,253,0.0
48,254,0.0
48,255,0.0
48,256,1.0
48,257,0.0
48,258,1.0
48,259,0.0
48,260,0.0
48,261,1.0
48,262,0.0
48,263,0.0
48,264,0.0
48,265,1.0
48,266,1.0
48,267,0.0
48,268,0.0
48,269,0.0
48,270,0.0
52,0,0.0
52,1,0.0
52,2,0.0
52,3,1.0
52,4,1.0
52,5,0.0
52,6,0.0
52,7,0.0
52,8,1.0
52,9,0.0
52,10,0.0
52,11,0.0
52,12,0.0
52,13,0.0
52,14,1.0
52,15,0.0
52,16,1.0
52,17,0.0
52,18,0.0
52,19,0.0
52,20,0.0
52,21,1.0
52,22,0.0
52,23,0.0
52,24,1.0
52,25,1.0
52,26,0.0
52,27,0.0
52,28,0.0
52,29,0.0
52,30,1.0
52,31,0.0
52,32,1.0
52,33,1.0
52,34,0.0
52,35,0.0
52,36,0.0
52,37,1.0
52,38,1.0
52,39,0.0
52,40,0.0
52,41,0.0
52,42,0.0
52,43,0.0
52,44,0.0
52,45,0.0
52,46,0.0
52,47,0.0
52,48,1.0
52,49,0.0
52,50,0.0
52,51,0.0
52,52,1.0
52,53,0.0
52,54,0.0
52,55,0.0
52,56,0.0
52,57,0.0
52,58,1.0
52,59,0.0
52,60,0.0
52,61,1.0
52,62,1.0
52,63,1.0
52,64,0.0
52,65,1.0
52,66,1.0
52,67,0.0
52,68,1.0
52,69,0.0
52,70,1.0
52,71,0.0
52,72,0.0
52,73,1.0
52,74,1.0
52,75,0.0
52,76,0.0
52,77,0.0
52,78,1.0
52,79,0.0
52,80,1.0
52,81,1.0
52,82,1.0
52,83,1.0
52,84,0.0
52,85,1.0
52,86,0.0
52,87,0.0
52,88,1.0
52,89,0.0
52,90,0.0
52,91,0.0
52,92,0.0
52,93,0.0
52,94,1.0
52,95,0.0
52,96,0.0
52,97,1.0
52,98,0.0
52,99,1.0
52,100,0.0
52,101,0.0
52,102,0.0
52,103,0.0
52,104,0.0
52,105,0.0
52,106,0.0
52,107,0.0
52,108,0.0
52,109,0.0
52,110,0.0
52,111,0.0
52,112,1.0
52,113,0.0
52,114,0.0
52,115,0.0
52,116,0.0
52,117,0.0
52,118,1.0
52,119,1.0
52,120,0.0
52,121,0.0
52,122,1.0
52,123,0.0
52,124,0.0
52,125,0.0
52,126,0.0
52,127,1.0
52,128,0.0
52,129,0.0
52,130,0.0
52,131,0.0
52,132,0.0
52,133,0.0
52,134,0.0
52,135,0.0
52,136,1.0
52,137,0.0
52,138,1.0
52,139,0.0
52,140,1.0
52,141,0.0
52,142,1.0
52,143,0.0
52,144,1.0
52,145,0.0
52,146,0.0
52,147,0.0
52,148,0.0
52,149,0.0
52,150,0.0
52,151,0.0
52,152,0.0
52,153,1.0
52,154,0.0
52,155,0.0
52,156,0.0
52,157,0.0
52,158,0.0
52,159,0.0
52,160,0.0
52,161,0.0
52,162,1.0
52,163,0.0
52,164,0.0
52,165,0.0
52,166,1.0
52,167,0.0
52,168,1.0
52,169,1.0
52,170,1.0
52,171,0.0
52,172,0.0
52,173,0.0
52,174,0.0
52,175,0.0
52,176,0.0
52,177,0.0
52,178,0.0
52,179,0.0
52,180,0.0
52,181,0.0
52,182,1.0
52,183,1.0
52,184,0.0
52,185,1.0
52,186,0.0
52,187,0.0
52,188,0.0
52,189,0.0
52,190,0.0
52,191,1.0
52,192,0.0
52,193,0.0
52,194,0.0
52,195,0.0
52,196,0.0
52,197,0.0
52,198,0.0
52,199,1.0
52,200,0.0
52,201,0.0
52,202,0.0
52,203,0.0
52,204,0.0
52,205,1.0
52,206,0.0
52,207,1.0
52,208,1.0
52,209,0.0
52,210,0.0
52,211,1.0
52,212,0.0
52,213,1.0
52,214,1.0
52,215,1.0
52,216,0.0
52,217,0.0
52,218,1.0
52,219,0.0
52,220,1.0
52,221,0.0
52,222,0.0
52,223,0.0
52,224,0.0
52,225,1.0
52,226,0.0
52,227,0.0
52,228,0.0
52,229,0.0
52,230,0.0
52,231,1.0
52,232,1.0
52,233,1.0
52,234,0.0
52,235,0.0
52,236,0.0
52,237,0.0
52,238,0.0
52,239,1.0
52,240,0.0
52,241,0.0
52,242,1.0
52,243,0.0
52,244,1.0
52,245,0.0
52,246,0.0
52,247,0.0
52,248,1.0
52,249,0.0
52,250,0.0
52,251,0.0
52,252,0.0
52,253,0.0
52,254,0.0
52,255,0.0
52,256,1.0
52,257,0.0
52,258,1.0
52,259,0.0
52,260,0.0
52,261,1.0
52,262,0.0
52,263,0.0
52,264,0.0
52,265,1.0
52,266,1.0
52,267,0.0
52,268,0.0
52,269,0.0
52,270,0.0
56,0,0.0
56,1,0.0
56,2,0.0
56,3,1.0
56,4,1.0
56,5,0.0
56,6,0.0
56,7,0.0
56,8,1.0
56,9,0.0
56,10,0.0
56,11,0.0
56,12,0.0
56,13,0.0
56,14,1.0
56,15,0.0
56,16,1.0
56,17,0.0
56,18,0.0
56,19,0.0
56,20,0.0
56,21,1.0
56,22,0.0
56,23,0.0
56,24,1.0
56,25,1.0
56,26,0.0
56,27,0.0
56,28,0.0
56,29,0.0
56,30,1.0
56,31,0.0
56,32,1.0
56,33,1.0
56,34,0.0
56,35,0.0
56,36,0.0
56,37,1.0
56,38,1.0
56,39,0.0
56,40,0.0
56,41,0.0
56,42,0.0
56,43,0.0
56,44,0.0
56,45,0.0
56,46,0.0
56,47,0.0
56,48,1.0
56,49,0.0
56,50,0.0
56,51,0.0
56,52,1.0
56,53,0.0
56,54,0.0
56,55,0.0
56,56,0.0
56,57,0.0
56,58,1.0
56,59,0.0
56,60,0.0
56,61,1.0
56,62,1.0
56,63,1.0
56,64,0.0
56,65,1.0
56,66,1.0
56,67,0.0
56,68,1.0
56,69,0.0
56,70,1.0
56,71,0.0
56,72,0.0
56,73,1.0
56,74,1.0
56,75,0.0
56,76,0.0
56,77,0.0
56,78,1.0
56,79,0.0
56,80,1.0
56,81,1.0
56,82,1.0
56,83,1.0
56,84,0.0
56,85,1.0
56,86,0.0
56,87,0.0
56,88,1.0
56,89,0.0
56,90,0.0
56,91,0.0
56,92,0.0
56,93,0.0
56,94,1.0
56,95,0.0
56,96,0.0
56,97,1.0
56,98,0.0
56,99,1.0
56,100,0.0
56,101,0.0
56,102,0.0
56,103,0.0
56,104,0.0
56,105,0.0
56,106,0.0
56,107,0.0
56,108,0.0
56,109,0.0
56,110,0.0
56,111,0.0
56,112,1.0
56,113,0.0
56,114,0.0
56,115,0.0
56,116,0.0
56,117,0.0
56,118,1.0
56,119,1.0
56,120,0.0
56,121,0.0
56,122,1.0
56,123,0.0
56,124,0.0
56,125,0.0
56,126,0.0
56,127,1.0
56,128,0.0
56,129,0.0
56,130,0.0
56,131,0.0
56,132,0.0
56,133,0.0
56,134,0.0
56,135,0.0
56,136,1.0
56,137,0.0
56,138,0.0
56,139,0.0
56,140,1.0
56,141,0.0
56,142,1.0
56,143,0.0
56,144,1.0
56,145,0.0
56,146,0.0
56,147,0.0
56,148,0.0
56,149,0.0
56,150,0.0
56,151,0.0
56,152,0.0
56,153,1.0
56,154,0.0
56,155,0.0
56,156,0.0
56,157,0.0
56,158,0.0
56,159,0.0
56,160,0.0
56,161,0.0
56,162,1.0
56,163,0.0
56,164,0.0
56,165,0.0
56,166,1.0
56,167,0.0
56,168,1.0
56,169,1.0
56,170,1.0
56,171,0.0
56,172,0.0
56,173,0.0
56,174,0.0
56,175,0.0
56,176,0.0
56,177,0.0
56,178,0.0
56,179,0.0
56,180,0.0
56,181,0.0
56,182,1.0
56,183,1.0
56,184,0.0
56,185,1.0
56,186,0.0
56,187,0.0
56,188,0.0
56,189,0.0
56,190,0.0
56,191,1.0
56,192,0.0
56,193,0.0
56,194,0.0
56,195,0.0
56,196,0.0
56,197,0.0
56,198,0.0
56,199,1.0
56,200,0.0
56,201,0.0
56,202,0.0
56,203,0.0
56,204,0.0
56,205,1.0
56,206,0.0
56,207,1.0
56,208,1.0
56,209,0.0
56,210,0.0
56,211,1.0
56,212,0.0
56,213,1.0
56,214,1.0
56,215,1.0
56,216,0.0
56,217,0.0
56,218,1.0
56,219,0.0
56,220,1.0
56,221,0.0
56,222,0.0
56,223,0.0
56,224,0.0
56,225,1.0
56,226,0.0
56,227,0.0
56,228,0.0
56,229,0.0
56,230,0.0
56,231,0.0
56,232,1.0
56,233,1.0
56,234,0.0
56,235,0.0
56,236,0.0
56,237,0.0
56,238,0.0
56,239,1.0
56,240,0.0
56,241,0.0
56,242,1.0
56,243,0.0
56,244,1.0
56,245,0.0
56,246,0.0
56,247,0.0
56,248,1.0
56,249,0.0
56,250,0.0
56,251,0.0
56,252,0.0
56,253,0.0
56,254,0.0
56,255,0.0
56,256,1.0
56,257,0.0
56,258,1.0
56,259,0.0
56,260,1.0
56,261,1.0
56,262,0.0
56,263,0.0
56,264,0.0
56,265,1.0
56,266,1.0
56,267,0.0
56,268,0.0
56,269,0.0
56,270,0.0
60,0,0.0
60,1,0.0
60,2,0.0
60,3,1.0
60,4,1.0
60,5,0.0
60,6,0.0
60,7,0.0
60,8,1.0
60,9,0.0
60,10,0.0
60,11,0.0
60,12,0.0
60,13,0.0
60,14,1.0
60,15,0.0
60,16,1.0
60,17,0.0
60,18,0.0
60,19,0.0
60,20,0.0
60,21,1.0
60,22,0.0
60,23,0.0
60,24,1.0
60,25,1.0
60,26,0.0
60,27,0.0
60,28,0.0
60,29,0.0
60,30,1.0
60,31,0.0
60,32,1.0
60,33,1.0
60,34,0.0
60,35,0.0
60,36,0.0
60,37,1.0
60,38,1.0
60,39,0.0
60,40,0.0
60,41,0.0
60,42,0.0
60,43,0.0
60,44,0.0
60,45,0.0
60,46,0.0
60,47,0.0
60,48,1.0
60,49,0.0
60,50,0.0
60,51,0.0
60,52,1.0
60,53,0.0
60,54,0.0
60,55,0.0
60,56,0.0
60,57,0.0
60,58,1.0
60,59,0.0
60,60,0.0
60,61,1.0
60,62,1.0
60,63,1.0
60,64,0.0
60,65,1.0
60,66,1.0
60,67,0.0
60,68,1.0
60,69,0.0
60,70,1.0
60,71,0.0
60,72,0.0
60,73,1.0
60,74,1.0
60,75,0.0
60,76,0.0
60,77,0.0
60,78,1.0
60,79,0.0
60,80,1.0
60,81,1.0
60,82,1.0
60,83,1.0
60,84,0.0
60,85,1.0
60,86,0.0
60,87,0.0
60,88,1.0
60,89,0.0
60,90,0.0
60,91,0.0
60,92,0.0
60,93,0.0
60,94,1.0
60,95,0.0
60,96,0.0
60,97,1.0
60,98,0.0
60,99,1.0
60,100,0.0
60,101,0.0
60,102,0.0
60,103,0.0
60,104,0.0
60,105,0.0
60,106,0.0
60,107,0.0
60,108,0.0
60,109,0.0
60,110,0.0
60,111,0.0
60,112,1.0
60,113,0.0
60,114,0.0
60,115,0.0
60,116,0.0
60,117,0.0
60,118,1.0
60,119,1.0
60,120,0.0
60,121,0.0
60,122,1.0
60,123,0.0
60,124,0.0
60,125,0.0
60,126,0.0
60,127,1.0
60,128,0.0
60,129,0.0
60,130,0.0
60,131,0.0
60,132,0.0
60,133,0.0
60,134,0.0
60,135,0.0
60,136,1.0
60,137,0.0
60,138,1.0
60,139,0.0
60,140,1.0
60,141,0.0
60,142,1.0
60,143,0.0
60,144,1.0
60,145,0.0
60,146,0.0
60,147,0.0
60,148,0.0
60,149,0.0
60,150,0.0
60,151,0.0
60,152,0.0
60,153,1.0
60,154,0.0
60,155,0.0
60,156,0.0
60,157,0.0
60,158,0.0
60,159,0.0
60,160,0.0
60,161,0.0
60,162,0.0
60,163,0.0
60,164,0.0
60,165,0.0
60,166,1.0
60,167,1.0
60,168,1.0
60,169,1.0
60,170,1.0
60,171,0.0
60,172,0.0
60,173,0.0
60,174,0.0
60,175,0.0
60,176,0.0
60,177,0.0
60,178,0.0
60,179,0.0
60,180,1.0
60,181,0.0
60,182,1.0
60,183,1.0
60,184,0.0
60,185,0.0
60,186,0.0
60,187,0.0
60,188,0.0
60,189,0.0
60,190,0.0
60,191,1.0
60,192,0.0
60,193,0.0
60,194,0.0
60,195,0.0
60,196,0.0
60,197,0.0
60,198,0.0
60,199,1.0
60,200,0.0
60,201,0.0
60,202,0.0
60,203,0.0
60,204,0.0
60,205,1.0
60,206,0.0
60,207,1.0
60,208,1.0
60,209,0.0
60,210,0.0
60,211,1.0
60,212,0.0
60,213,1.0
60,214,1.0
60,215,1.0
60,216,0.0
60,217,0.0
60,218,1.0
60,219,0.0
60,220,1.0
60,221,0.0
60,222,0.0
60,223,0.0
60,224,0.0
60,225,1.0
60,226,0.0
60,227,0.0
60,228,0.0
60,229,0.0
60,230,0.0
60,231,0.0
60,232,1.0
60,233,1.0
60,234,0.0
60,235,0.0
60,236,0.0
60,237,0.0
60,238,0.0
60,239,1.0
60,240,0.0
60,241,0.0
60,242,1.0
60,243,0.0
60,244,1.0
60,245,0.0
60,246,0.0
60,247,0.0
60,248,1.0
60,249,0.0
60,250,0.0
60,251,0.0
60,252,0.0
60,253,0.0
60,254,0.0
60,255,0.0
60,256,1.0
60,257,0.0
60,258,1.0
60,259,0.0
60,260,0.0
60,261,1.0
60,262,0.0
60,263,0.0
60,264,0.0
60,265,1.0
60,266,1.0
60,267,0.0
60,268,0.0
60,269,0.0
60,270,0.0
64,0,0.0
64,1,0.0
64,2,0.0
64,3,1.0
64,4,1.0
64,5,0.0
64,6,0.0
64,7,0.0
64,8,1.0
64,9,0.0
64,10,0.0
64,11,0.0
64,12,0.0
64,13,0.0
64,14,1.0
64,15,0.0
64,16,1.0
64,17,0.0
64,18,0.0
64,19,0.0
64,20,0.0
64,21,1.0
64,22,0.0
64,23,0.0
64,24,1.0
64,25,1.0
64,26,0.0
64,27,0.0
64,28,0.0
64,29,0.0
64,30,1.0
64,31,0.0
64,32,1.0
64,33,1.0
64,34,0.0
64,35,0.0
64,36,0.0
64,37,1.0
64,38,1.0
64,39,0.0
64,40,0.0
64,41,0.0
64,42,0.0
64,43,0.0
64,44,0.0
64,45,0.0
64,46,0.0
64,47,0.0
64,48,1.0
64,49,0.0
64,50,0.0
64,51,0.0
64,52,1.0
64,53,0.0
64,54,0.0
64,55,0.0
64,56,0.0
64,57,0.0
64,58,1.0
64,59,0.0
64,60,0.0
64,61,1.0
64,62,1.0
64,63,1.0
64,64,0.0
64,65,1.0
64,66,1.0
64,67,0.0
64,68,1.0
64,69,0.0
64,70,1.0
64,71,0.0
64,72,0.0
64,73,1.0
64,74,1.0
64,75,0.0
64,76,0.0
64,77,0.0
64,78,1.0
64,79,0.0
64,80,1.0
64,81,1.0
64,82,1.0
64,83,1.0
64,84,0.0
64,85,1.0
64,86,0.0
64,87,0.0
64,88,1.0
64,89,0.0
64,90,0.0
64,91,0.0
64,92,0.0
64,93,0.0
64,94,1.0
64,95,0.0
64,96,0.0
64,97,1.0
64,98,0.0
64,99,1.0
64,100,0.0
64,101,0.0
64,102,0.0
64,103,0.0
64,104,0.0
64,105,0.0
64,106,0.0
64,107,0.0
64,108,0.0
64,109,0.0
64,110,0.0
64,111,0.0
64,112,1.0
64,113,0.0
64,114,0.0
64,115,0.0
64,116,0.0
64,117,0.0
64,118,1.0
64,119,1.0
64,120,0.0
64,121,0.0
64,122,1.0
64,123,0.0
64,124,0.0
64,125,0.0
64,126,0.0
64,127,1.0
64,128,0.0
64,129,0.0
64,130,0.0
64,131,0.0
64,132,0.0
64,133,0.0
64,134,0.0
64,135,0.0
64,136,1.0
64,137,0.0
64,138,1.0
64,139,0.0
64,140,1.0
64,141,0.0
64,142,1.0
64,143,0.0
64,144,1.0
64,145,0.0
64,146,1.0
64,147,0.0
64,148,0.0
64,149,0.0
64,150,0.0
64,151,0.0
64,152,0.0
64,153,1.0
64,154,0.0
64,155,0.0
64,156,0.0
64,157,0.0
64,158,0.0
64,159,0.0
64,160,0.0
64,161,0.0
64,162,1.0
64,163,0.0
64,164,0.0
64,165,0.0
64,166,1.0
64,167,1.0
64,168,1.0
64,169,1.0
64,170,1.0
64,171,0.0
64,172,0.0
64,173,0.0
64,174,0.0
64,175,0.0
64,176,0.0
64,177,0.0
64,178,0.0
64,179,0.0
64,180,0.0
64,181,0.0
64,182,1.0
64,183,1.0
64,184,0.0
64,185,1.0
64,186,0.0
64,187,0.0
64,188,0.0
64,189,0.0
64,190,0.0
64,191,1.0
64,192,0.0
64,193,0.0
64,194,0.0
64,195,0.0
64,196,0.0
64,197,0.0
64,198,0.0
64,199,1.0
64,200,0.0
64,201,0.0
64,202,0.0
64,203,0.0
64,204,0.0
64,205,1.0
64,206,0.0
64,207,1.0
64,208,1.0
64,209,0.0
64,210,0.0
64,211,1.0
64,212,0.0
64,213,1.0
64,214,1.0
64,215,1.0
64,216,0.0
64,217,0.0
64,218,1.0
64,219,0.0
64,220,1.0
64,221,0.0
64,222,0.0
64,223,0.0
64,224,0.0
64,225,1.0
64,226,0.0
64,227,0.0
64,228,0.0
64,229,0.0
64,230,0.0
64,231,0.0
64,232,1.0
64,233,1.0
64,234,0.0
64,235,0.0
64,236,0.0
64,237,0.0
64,238,0.0
64,239,1.0
64,240,0.0
64,241,0.0
64,242,1.0
64,243,0.0
64,244,1.0
64,245,0.0
64,246,0.0
64,247,0.0
64,248,1.0
64,249,0.0
64,250,0.0
64,251,0.0
64,252,0.0
64,253,0.0
64,254,0.0
64,255,0.0
64,256,1.0
64,257,0.0
64,258,1.0
64,259,0.0
64,260,0.0
64,261,1.0
64,262,0.0
64,263,0.0
64,264,0.0
64,265,1.0
64,266,1.0
64,267,0.0
64,268,0.0
64,269,0.0
64,270,0.0
68,0,0.0
68,1,0.0
68,2,0.0
68,3,1.0
68,4,1.0
68,5,0.0
68,6,0.0
68,7,0.0
68,8,1.0
68,9,0.0
68,10,0.0
68,11,0.0
68,12,0.0
68,13,0.0
68,14,1.0
68,15,0.0
68,16,1.0
68,17,0.0
68,18,0.0
68,19,0.0
68,20,0.0
68,21,1.0
68,22,0.0
68,23,0.0
68,24,1.0
68,25,1.0
68,26,0.0
68,27,0.0
68,28,0.0
68,29,0.0
68,30,1.0
68,31,0.0
68,32,1.0
68,33,1.0
68,34,0.0
68,35,0.0
68,36,0.0
68,37,1.0
68,38,1.0
68,39,0.0
68,40,0.0
68,41,0.0
68,42,0.0
68,43,0.0
68,44,0.0
68,45,0.0
68,46,0.0
68,47,0.0
68,48,1.0
68,49,0.0
68,50,0.0
68,51,0.0
68,52,1.0
68,53,0.0
68,54,0.0
68,55,0.0
68,56,0.0
68,57,0.0
68,58,1.0
68,59,0.0
68,60,0.0
68,61,1.0
68,62,1.0
68,63,1.0
68,64,0.0
68,65,1.0
68,66,1.0
68,67,0.0
68,68,1.0
68,69,0.0
68,70,1.0
68,71,0.0
68,72,0.0
68,73,1.0
68,74,1.0
68,75,0.0
68,76,0.0
68,77,0.0
68,78,1.0
68,79,0.0
68,80,1.0
68,81,1.0
68,82,1.0
68,83,1.0
68,84,0.0
68,85,1.0
68,86,0.0
68,87,0.0
68,88,1.0
68,89,0.0
68,90,0.0
68,91,0.0
68,92,0.0
68,93,0.0
68,94,1.0
68,95,0.0
68,96,0.0
68,97,1.0
68,98,0.0
68,99,1.0
68,100,0.0
68,101,0.0
68,102,0.0
68,103,0.0
68,104,0.0
68,105,0.0
68,106,0.0
68,107,0.0
68,108,0.0
68,109,0.0
68,110,0.0
68,111,0.0
68,112,1.0
68,113,0.0
68,114,0.0
68,115,0.0
68,116,0.0
68,117,0.0
68,118,1.0
68,119,1.0
68,120,0.0
68,121,0.0
68,122,1.0
68,123,0.0
68,124,0.0
68,125,0.0
68,126,0.0
68,127,1.0
68,128,0.0
68,129,0.0
68,130,0.0
68,131,0.0
68,132,0.0
68,133,0.0
68,134,0.0
68,135,0.0
68,136,1.0
68,137,0.0
68,138,1.0
68,139,0.0
68,140,1.0
68,141,0.0
68,142,1.0
68,143,0.0
68,144,1.0
68,145,0.0
68,146,1.0
68,147,0.0
68,148,0.0
68,149,0.0
68,150,0.0
68,151,0.0
68,152,0.0
68,153,1.0
68,154,0.0
68,155,0.0
68,156,0.0
68,157,0.0
68,158,0.0
68,159,0.0
68,160,0.0
68,161,0.0
68,162,0.0
68,163,0.0
68,164,0.0
68,165,0.0
68,166,1.0
68,167,1.0
68,168,1.0
68,169,1.0
68,170,1.0
68,171,0.0
68,172,0.0
68,173,0.0
68,174,0.0
68,175,0.0
68,176,0.0
68,177,0.0
68,178,0.0
68,179,0.0
68,180,0.0
68,181,0.0
68,182,1.0
68,183,1.0
68,184,0.0
68,185,1.0
68,186,0.0
68,187,0.0
68,188,0.0
68,189,0.0
68,190,0.0
68,191,1.0
68,192,0.0
68,193,0.0
68,194,0.0
68,195,0.0
68,196,0.0
68,197,0.0
68,198,0.0
68,199,1.0
68,200,0.0
68,201,0.0
68,202,0.0
68,203,0.0
68,204,0.0
68,205,1.0
68,206,0.0
68,207,1.0
68,208,1.0
68,209,0.0
68,210,0.0
68,211,1.0
68,212,0.0
68,213,1.0
68,214,1.0
68,215,1.0
68,216,0.0
68,217,0.0
68,218,1.0
68,219,0.0
68,220,1.0
68,221,0.0
68,222,0.0
68,223,0.0
68,224,0.0
68,225,1.0
68,226,0.0
68,227,0.0
68,228,0.0
68,229,0.0
68,230,0.0
68,231,0.0
68,232,1.0
68,233,1.0
68,234,0.0
68,235,0.0
68,236,0.0
68,237,0.0
68,238,0.0
68,239,1.0
68,240,0.0
68,241,0.0
68,242,1.0
68,243,0.0
68,244,1.0
68,245,0.0
68,246,0.0
68,247,0.0
68,248,1.0
68,249,0.0
68,250,0.0
68,251,0.0
68,252,0.0
68,253,0.0
68,254,0.0
68,255,0.0
68,256,1.0
68,257,0.0
68,258,1.0
68,259,0.0
68,260,1.0
68,261,1.0
68,262,0.0
68,263,0.0
68,264,0.0
68,265,1.0
68,266,1.0
68,267,0.0
68,268,0.0
68,269,0.0
68,270,0.0
72,0,0.0
72,1,0.0
72,2,0.0
72,3,1.0
72,4,1.0
72,5,0.0
72,6,0.0
72,7,0.0
72,8,1.0
72,9,0.0
72,10,0.0
72,11,0.0
72,12,0.0
72,13,0.0
72,14,1.0
72,15,0.0
72,16,1.0
72,17,0.0
72,18,0.0
72,19,0.0
72,20,0.0
72,21,1.0
72,22,0.0
72,23,0.0
72,24,1.0
72,25,1.0
72,26,0.0
72,27,0.0
72,28,0.0
72,29,0.0
72,30,1.0
72,31,0.0
72,32,1.0
72,33,1.0
72,34,0.0
72,35,0.0
72,36,0.0
72,37,1.0
72,38,1.0
72,39,0.0
72,40,0.0
72,41,0.0
72,42,0.0
72,43,0.0
72,44,0.0
72,45,0.0
72,46,0.0
72,47,0.0
72,48,1.0
72,49,0.0
72,50,0.0
72,51,0.0
72,52,1.0
72,53,0.0
72,54,0.0
72,55,0.0
72,56,0.0
72,57,0.0
72,58,1.0
72,59,0.0
72,60,0.0
72,61,1.0
72,62,1.0
72,63,1.0
72,64,0.0
72,65,1.0
72,66,1.0
72,67,0.0
72,68,1.0
72,69,0.0
72,70,1.0
72,71,0.0
72,72,0.0
72,73,1.0
72,74,1.0
72,75,0.0
72,76,0.0
72,77,0.0
72,78,1.0
72,79,0.0
72,80,1.0
72,81,1.0
72,82,1.0
72,83,1.0
72,84,0.0
72,85,1.0
72,86,0.0
72,87,0.0
72,88,1.0
72,89,0.0
72,90,0.0
72,91,1.0
72,92,0.0
72,93,0.0
72,94,1.0
72,95,0.0
72,96,0.0
72,97,1.0
72,98,0.0
72,99,1.0
72,100,0.0
72,101,0.0
72,102,0.0
72,103,0.0
72,104,0.0
72,105,0.0
72,106,0.0
72,107,0.0
72,108,0.0
72,109,0.0
72,110,0.0
72,111,0.0
72,112,1.0
72,113,0.0
72,114,0.0
72,115,0.0
72,116,0.0
72,117,0.0
72,118,1.0
72,119,1.0
72,120,0.0
72,121,0.0
72,122,1.0
72,123,0.0
72,124,0.0
72,125,0.0
72,126,0.0
72,127,1.0
72,128,0.0
72,129,0.0
72,130,0.0
72,131,0.0
72,132,0.0
72,133,0.0
72,134,0.0
72,135,0.0
72,136,1.0
72,137,0.0
72,138,0.0
72,139,0.0
72,140,1.0
72,141,0.0
72,142,1.0
72,143,0.0
72,144,1.0
72,145,0.0
72,146,1.0
72,147,0.0
72,148,0.0
72,149,0.0
72,150,0.0
72,151,0.0
72,152,0.0
72,153,1.0
72,154,0.0
72,155,0.0
72,156,0.0
72,157,0.0
72,158,0.0
72,159,0.0
72,160,0.0
72,161,0.0
72,162,0.0
72,163,0.0
72,164,0.0
72,165,0.0
72,166,1.0
72,167,0.0
72,168,1.0
72,169,1.0
72,170,1.0
72,171,0.0
72,172,0.0
72,173,0.0
72,174,0.0
72,175,0.0
72,176,0.0
72,177,0.0
72,178,0.0
72,179,0.0
72,180,0.0
72,181,0.0
72,182,1.0
72,183,1.0
72,184,0.0
72,185,1.0
72,186,0.0
72,187,0.0
72,188,0.0
72,189,0.0
72,190,0.0
72,191,1.0
72,192,0.0
72,193,0.0
72,194,0.0
72,195,0.0
72,196,0.0
72,197,0.0
72,198,0.0
72,199,1.0
72,200,0.0
72,201,0.0
72,202,0.0
72,203,0.0
72,204,0.0
72,205,1.0
72,206,0.0
72,207,1.0
72,208,1.0
72,209,0.0
72,210,0.0
72,211,1.0
72,212,0.0
72,213,1.0
72,214,1.0
72,215,1.0
72,216,0.0
72,217,0.0
72,218,1.0
72,219,0.0
72,220,1.0
72,221,0.0
72,222,0.0
72,223,0.0
72,224,0.0
72,225,1.0
72,226,0.0
72,227,0.0
72,228,0.0
72,229,0.0
72,230,0.0
72,231,1.0
72,232,1.0
72,233,1.0
72,234,0.0
72,235,0.0
72,236,0.0
72,237,0.0
72,238,0.0
72,239,1.0
72,240,0.0
72,241,0.0
72,242,1.0
72,243,0.0
72,244,1.0
72,245,0.0
72,246,0.0
72,247,0.0
72,248,1.0
72,249,0.0
72,250,0.0
72,251,0.0
72,252,0.0
72,253,0.0
72,254,0.0
72,255,0.0
72,256,1.0
72,257,0.0
72,258,1.0
72,259,0.0
72,260,0.0
72,261,1.0
72,262,0.0
72,263,0.0
72,264,0.0
72,265,1.0
72,266,1.0
72,267,0.0
72,268,0.0
72,269,0.0
72,270,0.0
76,0,0.0
76,1,0.0
76,2,0.0
76,3,1.0
76,4,1.0
76,5,0.0
76,6,0.0
76,7,0.0
76,8,1.0
76,9,0.0
76,10,0.0
76,11,0.0
76,12,0.0
76,13,0.0
76,14,1.0
76,15,0.0
76,16,1.0
76,17,0.0
76,18,0.0
76,19,0.0
76,20,0.0
76,21,1.0
76,22,0.0
76,23,0.0
76,24,1.0
76,25,1.0
76,26,0.0
76,27,0.0
76,28,0.0
76,29,0.0
76,30,1.0
76,31,0.0
76,32,1.0
76,33,1.0
76,34,0.0
76,35,0.0
76,36,0.0
76,37,1.0
76,38,1.0
76,39,0.0
76,40,0.0
76,41,0.0
76,42,0.0
76,43,0.0
76,44,0.0
76,45,0.0
76,46,0.0
76,47,0.0
76,48,1.0
76,49,0.0
76,50,0.0
76,51,0.0
76,52,1.0
76,53,0.0
76,54,0.0
76,55,0.0
76,56,0.0
76,57,0.0
76,58,1.0
76,59,0.0
76,60,0.0
76,61,1.0
76,62,1.0
76,63,1.0
76,64,0.0
76,65,1.0
76,66,1.0
76,67,0.0
76,68,1.0
76,69,0.0
76,70,1.0
76,71,0.0
76,72,0.0
76,73,1.0
76,74,1.0
76,75,0.0
76,76,0.0
76,77,0.0
76,78,1.0
76,79,0.0
76,80,1.0
76,81,1.0
76,82,1.0
76,83,1.0
76,84,0.0
76,85,1.0
76,86,0.0
76,87,0.0
76,88,1.0
76,89,0.0
76,90,0.0
76,91,0.0
76,92,0.0
76,93,0.0
76,94,1.0
76,95,0.0
76,96,0.0
76,97,1.0
76,98,0.0
76,99,1.0
76,100,0.0
76,101,0.0
76,102,0.0
76,103,0.0
76,104,0.0
76,105,0.0
76,106,0.0
76,107,0.0
76,108,0.0
76,109,0.0
76,110,0.0
76,111,0.0
76,112,1.0
76,113,0.0
76,114,0.0
76,115,0.0
76,116,0.0
76,117,0.0
76,118,1.0
76,119,1.0
76,120,0.0
76,121,0.0
76,122,1.0
76,123,0.0
76,124,0.0
76,125,0.0
76,126,0.0
76,127,1.0
76,128,0.0
76,129,0.0
76,130,0.0
76,131,0.0
76,132,0.0
76,133,0.0
76,134,0.0
76,135,0.0
76,136,1.0
76,137,0.0
76,138,1.0
76,139,0.0
76,140,1.0
76,141,0.0
76,142,1.0
76,143,0.0
76,144,1.0
76,145,0.0
76,146,1.0
76,147,0.0
76,148,0.0
76,149,0.0
76,150,0.0
76,151,0.0
76,152,0.0
76,153,1.0
76,154,0.0
76,155,0.0
76,156,0.0
76,157,0.0
76,158,0.0
76,159,0.0
76,160,0.0
76,161,0.0
76,162,0.0
76,163,0.0
76,164,0.0
76,165,0.0
76,166,1.0
76,167,0.0
76,168,1.0
76,169,1.0
76,170,1.0
76,171,0.0
76,172,0.0
76,173,0.0
76,174,0.0
76,175,0.0
76,176,0.0
76,177,0.0
76,178,0.0
76,179,0.0
76,180,1.0
76,181,0.0
76,182,1.0
76,183,1.0
76,184,0.0
76,185,1.0
76,186,0.0
76,187,0.0
76,188,0.0
76,189,0.0
76,190,0.0
76,191,1.0
76,192,0.0
76,193,0.0
76,194,0.0
76,195,0.0
76,196,0.0
76,197,0.0
76,198,0.0
76,199,1.0
76,200,0.0
76,201,0.0
76,202,0.0
76,203,0.0
76,204,0.0
76,205,1.0
76,206,0.0
76,207,1.0
76,208,1.0
76,209,0.0
76,210,0.0
76,211,1.0
76,212,0.0
76,213,1.0
76,214,1.0
76,215,1.0
76,216,0.0
76,217,0.0
76,218,1.0
76,219,0.0
76,220,1.0
76,221,0.0
76,222,0.0
76,223,0.0
76,224,0.0
76,225,1.0
76,226,0.0
76,227,0.0
76,228,0.0
76,229,0.0
76,230,0.0
76,231,0.0
76,232,1.0
76,233,1.0
76,234,0.0
76,235,0.0
76,236,0.0
76,237,0.0
76,238,0.0
76,239,1.0
76,240,0.0
76,241,0.0
76,242,1.0
76,243,0.0
76,244,1.0
76,245,0.0
76,246,0.0
76,247,0.0
76,248,1.0
76,249,0.0
76,250,0.0
76,251,0.0
76,252,0.0
76,253,0.0
76,254,0.0
76,255,0.0
76,256,1.0
76,257,0.0
76,258,1.0
76,259,0.0
76,260,1.0
76,261,1.0
76,262,0.0
76,263,0.0
76,264,0.0
76,265,1.0
76,266,1.0
76,267,0.0
76,268,0.0
76,269,0.0
76,270,0.0
80,0,0.0
80,1,0.0
80,2,0.0
80,3,1.0
80,4,1.0
80,5,0.0
80,6,0.0
80,7,0.0
80,8,1.0
80,9,0.0
80,10,0.0
80,11,0.0
80,12,0.0
80,13,0.0
80,14,1.0
80,15,0.0
80,16,1.0
80,17,0.0
80,18,0.0
80,19,0.0
80,20,0.0
80,21,1.0
80,22,0.0
80,23,0.0
80,24,1.0
80,25,1.0
80,26,0.0
80,27,0.0
80,28,0.0
80,29,0.0
80,30,1.0
80,31,0.0
80,32,1.0
80,33,1.0
80,34,0.0
80,35,0.0
80,36,0.0
80,37,1.0
80,38,1.0
80,39,0.0
80,40,0.0
80,41,0.0
80,42,0.0
80,43,0.0
80,44,0.0
80,45,0.0
80,46,0.0
80,47,0.0
80,48,1.0
80,49,0.0
80,50,0.0
80,51,0.0
80,52,1.0
80,53,0.0
80,54,0.0
80,55,0.0
80,56,0.0
80,57,0.0
80,58,1.0
80,59,0.0
80,60,0.0
80,61,1.0
80,62,1.0
80,63,1.0
80,64,0.0
80,65,1.0
80,66,1.0
80,67,0.0
80,68,1.0
80,69,0.0
80,70,1.0
80,71,0.0
80,72,0.0
80,73,1.0
80,74,1.0
80,75,0.0
80,76,0.0
80,77,0.0
80,78,0.0
80,79,0.0
80,80,1.0
80,81,1.0
80,82,1.0
80,83,1.0
80,84,0.0
80,85,1.0
80,86,0.0
80,87,0.0
80,88,1.0
80,89,0.0
80,90,0.0
80,91,0.0
80,92,0.0
80,93,0.0
80,94,1.0
80,95,0.0
80,96,0.0
80,97,1.0
80,98,0.0
80,99,1.0
80,100,0.0
80,101,0.0
80,102,0.0
80,103,0.0
80,104,0.0
80,105,0.0
80,106,0.0
80,107,0.0
80,108,0.0
80,109,0.0
80,110,0.0
80,111,0.0
80,112,1.0
80,113,0.0
80,114,0.0
80,115,0.0
80,116,0.0
80,117,0.0
80,118,1.0
80,119,1.0
80,120,0.0
80,121,0.0
80,122,1.0
80,123,0.0
80,124,0.0
80,125,0.0
80,126,0.0
80,127,1.0
80,128,0.0
80,129,0.0
80,130,0.0
80,131,0.0
80,132,0.0
80,133,0.0
80,134,0.0
80,135,0.0
80,136,1.0
80,137,0.0
80,138,1.0
80,139,0.0
80,140,1.0
80,141,0.0
80,142,1.0
80,143,0.0
80,144,1.0
80,145,0.0
80,146,1.0
80,147,0.0
80,148,0.0
80,149,0.0
80,150,0.0
80,151,0.0
80,152,0.0
80,153,1.0
80,154,0.0
80,155,0.0
80,156,0.0
80,157,0.0
80,158,0.0
80,159,0.0
80,160,0.0
80,161,0.0
80,162,0.0
80,163,0.0
80,164,0.0
80,165,0.0
80,166,1.0
80,167,0.0
80,168,1.0
80,169,1.0
80,170,1.0
80,171,0.0
80,172,0.0
80,173,0.0
80,174,0.0
80,175,0.0
80,176,0.0
80,177,0.0
80,178,0.0
80,179,0.0
80,180,1.0
80,181,0.0
80,182,1.0
80,183,1.0
80,184,0.0
80,185,1.0
80,186,0.0
80,187,0.0
80,188,0.0
80,189,0.0
80,190,0.0
80,191,1.0
80,192,0.0
80,193,0.0
80,194,0.0
80,195,0.0
80,196,0.0
80,197,0.0
80,198,0.0
80,199,1.0
80,200,0.0
80,201,0.0
80,202,0.0
80,203,0.0
80,204,0.0
80,205,1.0
80,206,0.0
80,207,1.0
80,208,1.0
80,209,0.0
80,210,0.0
80,211,1.0
80,212,0.0
80,213,1.0
80,214,1.0
80,215,1.0
80,216,0.0
80,217,0.0
80,218,1.0
80,219,0.0
80,220,1.0
80,221,0.0
80,222,0.0
80,223,0.0
80,224,0.0
80,225,1.0
80,226,0.0
80,227,0.0
80,228,0.0
80,229,0.0
80,230,0.0
80,231,0.0
80,232,1.0
80,233,1.0
80,234,0.0
80,235,0.0
80,236,0.0
80,237,0.0
80,238,0.0
80,239,1.0
80,240,0.0
80,241,0.0
80,242,1.0
80,243,0.0
80,244,1.0
80,245,0.0
80,246,0.0
80,247,0.0
80,248,1.0
80,249,0.0
80,250,0.0
80,251,0.0
80,252,0.0
80,253,0.0
80,254,0.0
80,255,0.0
80,256,1.0
80,257,0.0
80,258,1.0
80,259,0.0
80,260,0.0
80,261,1.0
80,262,0.0
80,263,0.0
80,264,0.0
80,265,1.0
80,266,1.0
80,267,0.0
80,268,0.0
80,269,0.0
80,270,0.0
84,0,0.0
84,1,0.0
84,2,0.0
84,3,1.0
84,4,1.0
84,5,0.0
84,6,0.0
84,7,0.0
84,8,1.0
84,9,0.0
84,10,0.0
84,11,0.0
84,12,0.0
84,13,0.0
84,14,1.0
84,15,0.0
84,16,1.0
84,17,0.0
84,18,0.0
84,19,0.0
84,20,0.0
84,21,1.0
84,22,0.0
84,23,0.0
84,24,1.0
84,25,1.0
84,26,0.0
84,27,0.0
84,28,0.0
84,29,0.0
84,30,1.0
84,31,0.0
84,32,1.0
84,33,1.0
84,34,0.0
84,35,0.0
84,36,0.0
84,37,1.0
84,38,1.0
84,39,0.0
84,40,0.0
84,41,0.0
84,42,0.0
84,43,0.0
84,44,0.0
84,45,0.0
84,46,0.0
84,47,0.0
84,48,1.0
84,49,0.0
84,50,0.0
84,51,0.0
84,52,1.0
84,53,0.0
84,54,0.0
84,55,0.0
84,56,0.0
84,57,0.0
84,58,1.0
84,59,0.0
84,60,0.0
84,61,1.0
84,62,1.0
84,63,1.0
84,64,0.0
84,65,1.0
84,66,1.0
84,67,0.0
84,68,1.0
84,69,0.0
84,70,1.0
84,71,0.0
84,72,0.0
84,73,1.0
84,74,1.0
84,75,0.0
84,76,0.0
84,77,0.0
84,78,1.0
84,79,0.0
84,80,1.0
84,81,1.0
84,82,1.0
84,83,1.0
84,84,0.0
84,85,1.0
84,86,0.0
84,87,0.0
84,88,1.0
84,89,0.0
84,90,0.0
84,91,0.0
84,92,0.0
84,93,0.0
84,94,1.0
84,95,0.0
84,96,0.0
84,97,1.0
84,98,0.0
84,99,1.0
84,100,0.0
84,101,0.0
84,102,0.0
84,103,0.0
84,104,0.0
84,105,0.0
84,106,0.0
84,107,0.0
84,108,0.0
84,109,0.0
84,110,0.0
84,111,0.0
84,112,1.0
84,113,0.0
84,114,0.0
84,115,0.0
84,116,0.0
84,117,0.0
84,118,1.0
84,119,1.0
84,120,0.0
84,121,0.0
84,122,1.0
84,123,0.0
84,124,0.0
84,125,0.0
84,126,0.0
84,127,1.0
84,128,0.0
84,129,0.0
84,130,0.0
84,131,1.0
84,132,0.0
84,133,0.0
84,134,0.0
84,135,0.0
84,136,1.0
84,137,0.0
84,138,1.0
84,139,0.0
84,140,1.0
84,141,0.0
84,142,1.0
84,143,0.0
84,144,1.0
84,145,0.0
84,146,1.0
84,147,0.0
84,148,0.0
84,149,0.0
84,150,0.0
84,151,0.0
84,152,0.0
84,153,1.0
84,154,0.0
84,155,0.0
84,156,0.0
84,157,0.0
84,158,0.0
84,159,0.0
84,160,0.0
84,161,0.0
84,162,0.0
84,163,0.0
84,164,0.0
84,165,0.0
84,166,1.0
84,167,0.0
84,168,1.0
84,169,1.0
84,170,1.0
84,171,0.0
84,172,0.0
84,173,0.0
84,174,0.0
84,175,0.0
84,176,0.0
84,177,0.0
84,178,0.0
84,179,0.0
84,180,1.0
84,181,0.0
84,182,1.0
84,183,1.0
84,184,0.0
84,185,1.0
84,186,0.0
84,187,0.0
84,188,0.0
84,189,0.0
84,190,0.0
84,191,1.0
84,192,0.0
84,193,0.0
84,194,0.0
84,195,0.0
84,196,0.0
84,197,0.0
84,198,0.0
84,199,1.0
84,200,0.0
84,201,0.0
84,202,0.0
84,203,0.0
84,204,0.0
84,205,1.0
84,206,0.0
84,207,1.0
84,208,1.0
84,209,0.0
84,210,0.0
84,211,1.0
84,212,0.0
84,213,1.0
84,214,1.0
84,215,1.0
84,216,0.0
84,217,0.0
84,218,1.0
84,219,0.0
84,220,1.0
84,221,0.0
84,222,0.0
84,223,0.0
84,224,0.0
84,225,1.0
84,226,0.0
84,227,0.0
84,228,0.0
84,229,0.0
84,230,0.0
84,231,0.0
84,232,1.0
84,233,1.0
84,234,0.0
84,235,0.0
84,236,0.0
84,237,0.0
84,238,0.0
84,239,1.0
84,240,0.0
84,241,0.0
84,242,1.0
84,243,0.0
84,244,1.0
84,245,0.0
84,246,0.0
84,247,0.0
84,248,1.0
84,249,0.0
84,250,0.0
84,251,0.0
84,252,0.0
84,253,0.0
84,254,0.0
84,255,0.0
84,256,1.0
84,257,0.0
84,258,1.0
84,259,0.0
84,260,0.0
84,261,1.0
84,262,0.0
84,263,0.0
84,264,0.0
84,265,1.0
84,266,1.0
84,267,0.0
84,268,0.0
84,269,0.0
84,270,0.0
88,0,0.0
88,1,0.0
88,2,0.0
88,3,1.0
88,4,1.0
88,5,0.0
88,6,0.0
88,7,0.0
88,8,1.0
88,9,0.0
88,10,0.0
88,11,0.0
88,12,0.0
88,13,0.0
88,14,1.0
88,15,0.0
88,16,1.0
88,17,0.0
88,18,0.0
88,19,0.0
88,20,0.0
88,21,1.0
88,22,0.0
88,23,0.0
88,24,1.0
88,25,1.0
88,26,0.0
88,27,0.0
88,28,0.0
88,29,0.0
88,30,1.0
88,31,0.0
88,32,1.0
88,33,1.0
88,34,0.0
88,35,0.0
88,36,0.0
88,37,1.0
88,38,1.0
88,39,0.0
88,40,0.0
88,41,0.0
88,42,0.0
88,43,0.0
88,44,0.0
88,45,0.0
88,46,0.0
88,47,0.0
88,48,1.0
88,49,0.0
88,50,0.0
88,51,0.0
88,52,1.0
88,53,0.0
88,54,0.0
88,55,0.0
88,56,0.0
88,57,0.0
88,58,1.0
88,59,0.0
88,60,0.0
88,61,1.0
88,62,1.0
88,63,1.0
88,64,0.0
88,65,1.0
88,66,1.0
88,67,0.0
88,68,1.0
88,69,0.0
88,70,1.0
88,71,0.0
88,72,0.0
88,73,1.0
88,74,1.0
88,75,0.0
88,76,0.0
88,77,0.0
88,78,0.0
88,79,0.0
88,80,1.0
88,81,1.0
88,82,1.0
88,83,1.0
88,84,0.0
88,85,1.0
88,86,0.0
88,87,0.0
88,88,1.0
88,89,0.0
88,90,0.0
88,91,1.0
88,92,0.0
88,93,0.0
88,94,1.0
88,95,0.0
88,96,0.0
88,97,1.0
88,98,0.0
88,99,1.0
88,100,0.0
88,101,0.0
88,102,0.0
88,103,0.0
88,104,0.0
88,105,0.0
88,106,0.0
88,107,0.0
88,108,0.0
88,109,0.0
88,110,0.0
88,111,0.0
88,112,1.0
88,113,0.0
88,114,0.0
88,115,0.0
88,116,0.0
88,117,0.0
88,118,1.0
88,119,1.0
88,120,0.0
88,121,0.0
88,122,1.0
88,123,0.0
88,124,0.0
88,125,0.0
88,126,0.0
88,127,1.0
88,128,0.0
88,129,0.0
88,130,0.0
88,131,0.0
88,132,0.0
88,133,0.0
88,134,0.0
88,135,0.0
88,136,1.0
88,137,0.0
88,138,1.0
88,139,0.0
88,140,1.0
88,141,0.0
88,142,1.0
88,143,0.0
88,144,1.0
88,145,0.0
88,146,1.0
88,147,0.0
88,148,0.0
88,149,0.0
88,150,0.0
88,151,0.0
88,152,0.0
88,153,1.0
88,154,0.0
88,155,0.0
88,156,0.0
88,157,0.0
88,158,0.0
88,159,0.0
88,160,0.0
88,161,0.0
88,162,0.0
88,163,0.0
88,164,0.0
88,165,0.0
88,166,1.0
88,167,0.0
88,168,1.0
88,169,1.0
88,170,1.0
88,171,0.0
88,172,0.0
88,173,0.0
88,174,0.0
88,175,0.0
88,176,0.0
88,177,0.0
88,178,0.0
88,179,0.0
88,180,0.0
88,181,0.0
88,182,1.0
88,183,1.0
88,184,0.0
88,185,1.0
88,186,0.0
88,187,0.0
88,188,0.0
88,189,0.0
88,190,0.0
88,191,1.0
88,192,0.0
88,193,0.0
88,194,0.0
88,195,0.0
88,196,0.0
88,197,0.0
88,198,0.0
88,199,1.0
88,200,0.0
88,201,0.0
88,202,0.0
88,203,0.0
88,204,0.0
88,205,1.0
88,206,0.0
88,207,1.0
88,208,1.0
88,209,0.0
88,210,0.0
88,211,1.0
88,212,0.0
88,213,1.0
88,214,1.0
88,215,1.0
88,216,0.0
88,217,0.0
88,218,1.0
88,219,0.0
88,220,1.0
88,221,0.0
88,222,0.0
88,223,0.0
88,224,0.0
88,225,1.0
88,226,0.0
88,227,0.0
88,228,0.0
88,229,0.0
88,230,0.0
88,231,1.0
88,232,1.0
88,233,1.0
88,234,0.0
88,235,0.0
88,236,0.0
88,237,0.0
88,238,0.0
88,239,1.0
88,240,0.0
88,241,0.0
88,242,1.0
88,243,0.0
88,244,1.0
88,245,0.0
88,246,0.0
88,247,0.0
88,248,1.0
88,249,0.0
88,250,0.0
88,251,0.0
88,252,0.0
88,253,0.0
88,254,0.0
88,255,0.0
88,256,1.0
88,257,0.0
88,258,1.0
88,259,0.0
88,260,0.0
88,261,1.0
88,262,0.0
88,263,0.0
88,264,0.0
88,265,1.0
88,266,1.0
88,267,0.0
88,268,0.0
88,269,0.0
88,270,0.0
92,0,0.0
92,1,0.0
92,2,0.0
92,3,1.0
92,4,1.0
92,5,0.0
92,6,0.0
92,7,0.0
92,8,1.0
92,9,0.0
92,10,0.0
92,11,0.0
92,12,0.0
92,13,0.0
92,14,1.0
92,15,0.0
92,16,1.0
92,17,0.0
92,18,0.0
92,19,0.0
92,20,0.0
92,21,1.0
92,22,0.0
92,23,0.0
92,24,1.0
92,25,1.0
92,26,0.0
92,27,0.0
92,28,0.0
92,29,0.0
92,30,1.0
92,31,0.0
92,32,1.0
92,33,1.0
92,34,0.0
92,35,0.0
92,36,0.0
92,37,1.0
92,38,1.0
92,39,0.0
92,40,0.0
92,41,0.0
92,42,0.0
92,43,0.0
92,44,0.0
92,45,0.0
92,46,0.0
92,47,0.0
92,48,1.0
92,49,0.0
92,50,0.0
92,51,0.0
92,52,1.0
92,53,0.0
92,54,0.0
92,55,0.0
92,56,0.0
92,57,0.0
92,58,1.0
92,59,0.0
92,60,0.0
92,61,1.0
92,62,1.0
92,63,1.0
92,64,0.0
92,65,1.0
92,66,1.0
92,67,0.0
92,68,1.0
92,69,0.0
92,70,1.0
92,71,0.0
92,72,0.0
92,73,1.0
92,74,1.0
92,75,0.0
92,76,0.0
92,77,0.0
92,78,1.0
92,79,0.0
92,80,1.0
92,81,1.0
92,82,1.0
92,83,1.0
92,84,0.0
92,85,1.0
92,86,0.0
92,87,0.0
92,88,1.0
92,89,0.0
92,90,0.0
92,91,0.0
92,92,0.0
92,93,0.0
92,94,1.0
92,95,0.0
92,96,0.0
92,97,1.0
92,98,0.0
92,99,1.0
92,100,0.0
92,101,0.0
92,102,0.0
92,103,0.0
92,104,0.0
92,105,0.0
92,106,0.0
92,107,0.0
92,108,0.0
92,109,0.0
92,110,0.0
92,111,0.0
92,112,1.0
92,113,0.0
92,114,0.0
92,115,0.0
92,116,0.0
92,117,0.0
92,118,1.0
92,119,1.0
92,120,0.0
92,121,0.0
92,122,1.0
92,123,0.0
92,124,0.0
92,125,0.0
92,126,0.0
92,127,1.0
92,128,0.0
92,129,0.0
92,130,0.0
92,131,0.0
92,132,0.0
92,133,0.0
92,134,0.0
92,135,0.0
92,136,1.0
92,137,0.0
92,138,1.0
92,139,0.0
92,140,1.0
92,141,0.0
92,142,1.0
92,143,0.0
92,144,1.0
92,145,0.0
92,146,1.0
92,147,0.0
92,148,0.0
92,149,0.0
92,150,0.0
92,151,0.0
92,152,0.0
92,153,1.0
92,154,0.0
92,155,0.0
92,156,0.0
92,157,0.0
92,158,0.0
92,159,0.0
92,160,0.0
92,161,0.0
92,162,0.0
92,163,0.0
92,164,0.0
92,165,0.0
92,166,1.0
92,167,0.0
92,168,1.0
92,169,1.0
92,170,1.0
92,171,0.0
92,172,0.0
92,173,0.0
92,174,0.0
92,175,0.0
92,176,0.0
92,177,0.0
92,178,0.0
92,179,0.0
92,180,1.0
92,181,0.0
92,182,1.0
92,183,1.0
92,184,0.0
92,185,1.0
92,186,0.0
92,187,0.0
92,188,0.0
92,189,0.0
92,190,0.0
92,191,1.0
92,192,0.0
92,193,0.0
92,194,0.0
92,195,0.0
92,196,0.0
92,197,0.0
92,198,0.0
92,199,1.0
92,200,0.0
92,201,0.0
92,202,0.0
92,203,0.0
92,204,0.0
92,205,1.0
92,206,0.0
92,207,1.0
92,208,1.0
92,209,0.0
92,210,0.0
92,211,1.0
92,212,0.0
92,213,1.0
92,214,1.0
92,215,1.0
92,216,0.0
92,217,0.0
92,218,1.0
92,219,0.0
92,220,1.0
92,221,0.0
92,222,0.0
92,223,0.0
92,224,0.0
92,225,1.0
92,226,0.0
92,227,0.0
92,228,0.0
92,229,0.0
92,230,0.0
92,231,0.0
92,232,1.0
92,233,1.0
92,234,0.0
92,235,0.0
92,236,0.0
92,237,0.0
92,238,0.0
92,239,1.0
92,240,0.0
92,241,0.0
92,242,1.0
92,243,0.0
92,244,1.0
92,245,0.0
92,246,0.0
92,247,0.0
92,248,1.0
92,249,0.0
92,250,0.0
92,251,0.0
92,252,0.0
92,253,0.0
92,254,0.0
92,255,0.0
92,256,1.0
92,257,0.0
92,258,1.0
92,259,0.0
92,260,0.0
92,261,1.0
92,262,0.0
92,263,0.0
92,264,0.0
92,265,1.0
92,266,1.0
92,267,0.0
92,268,0.0
92,269,0.0
92,270,0.0
96,0,0.0
96,1,0.0
96,2,0.0
96,3,1.0
96,4,1.0
96,5,0.0
96,6,0.0
96,7,0.0
96,8,1.0
96,9,0.0
96,10,0.0
96,11,0.0
96,12,0.0
96,13,0.0
96,14,1.0
96,15,0.0
96,16,1.0
96,17,0.0
96,18,0.0
96,19,0.0
96,20,0.0
96,21,1.0
96,22,0.0
96,23,0.0
96,24,1.0
96,25,1.0
96,26,0.0
96,27,0.0
96,28,0.0
96,29,0.0
96,30,1.0
96,31,0.0
96,32,1.0
96,33,1.0
96,34,0.0
96,35,0.0
96,36,0.0
96,37,1.0
96,38,1.0
96,39,0.0
96,40,0.0
96,41,0.0
96,42,0.0
96,43,0.0
96,44,0.0
96,45,0.0
96,46,0.0
96,47,0.0
96,48,1.0
96,49,0.0
96,50,0.0
96,51,0.0
96,52,1.0
96,53,0.0
96,54,0.0
96,55,0.0
96,56,0.0
96,57,0.0
96,58,1.0
96,59,0.0
96,60,0.0
96,61,1.0
96,62,1.0
96,63,1.0
96,64,0.0
96,65,1.0
96,66,1.0
96,67,0.0
96,68,1.0
96,69,0.0
96,70,1.0
96,71,0.0
96,72,0.0
96,73,1.0
96,74,1.0
96,75,0.0
96,76,0.0
96,77,0.0
96,78,1.0
96,79,0.0
96,80,1.0
96,81,1.0
96,82,1.0
96,83,1.0
96,84,0.0
96,85,1.0
96,86,0.0
96,87,0.0
96,88,1.0
96,89,0.0
96,90,0.0
96,91,0.0
96,92,0.0
96,93,0.0
96,94,1.0
96,95,0.0
96,96,0.0
96,97,1.0
96,98,0.0
96,99,1.0
96,100,0.0
96,101,0.0
96,102,0.0
96,103,0.0
96,104,0.0
96,105,0.0
96,106,0.0
96,107,0.0
96,108,0.0
96,109,0.0
96,110,0.0
96,111,0.0
96,112,1.0
96,113,0.0
96,114,0.0
96,115,0.0
96,116,0.0
96,117,0.0
96,118,1.0
96,119,1.0
96,120,0.0
96,121,0.0
96,122,1.0
96,123,0.0
96,124,0.0
96,125,0.0
96,126,0.0
96,127,1.0
96,128,0.0
96,129,0.0
96,130,0.0
96,131,0.0
96,132,0.0
96,133,0.0
96,134,0.0
96,135,0.0
96,136,1.0
96,137,0.0
96,138,1.0
96,139,0.0
96,140,1.0
96,141,0.0
96,142,1.0
96,143,0.0
96,144,1.0
96,145,0.0
96,146,1.0
96,147,0.0
96,148,0.0
96,149,0.0
96,150,0.0
96,151,0.0
96,152,0.0
96,153,1.0
96,154,0.0
96,155,0.0
96,156,0.0
96,157,0.0
96,158,0.0
96,159,0.0
96,160,0.0
96,161,0.0
96,162,0.0
96,163,0.0
96,164,0.0
96,165,0.0
96,166,1.0
96,167,0.0
96,168,1.0
96,169,1.0
96,170,1.0
96,171,0.0
96,172,0.0
96,173,0.0
96,174,0.0
96,175,0.0
96,176,0.0
96,177,0.0
96,178,0.0
96,179,0.0
96,180,1.0
96,181,0.0
96,182,1.0
96,183,1.0
96,184,0.0
96,185,1.0
96,186,0.0
96,187,0.0
96,188,0.0
96,189,0.0
96,190,0.0
96,191,1.0
96,192,0.0
96,193,0.0
96,194,0.0
96,195,0.0
96,196,0.0
96,197,0.0
96,198,0.0
96,199,1.0
96,200,0.0
96,201,0.0
96,202,0.0
96,203,0.0
96,204,0.0
96,205,1.0
96,206,0.0
96,207,1.0
96,208,1.0
96,209,0.0
96,210,0.0
96,211,1.0
96,212,0.0
96,213,1.0
96,214,1.0
96,215,1.0
96,216,0.0
96,217,0.0
96,218,1.0
96,219,0.0
96,220,1.0
96,221,0.0
96,222,0.0
96,223,0.0
96,224,0.0
96,225,1.0
96,226,0.0
96,227,0.0
96,228,0.0
96,229,0.0
96,230,0.0
96,231,0.0
96,232,1.0
96,233,1.0
96,234,0.0
96,235,0.0
96,236,0.0
96,237,0.0
96,238,0.0
96,239,1.0
96,240,0.0
96,241,0.0
96,242,1.0
96,243,0.0
96,244,1.0
96,245,0.0
96,246,0.0
96,247,0.0
96,248,1.0
96,249,0.0
96,250,0.0
96,251,0.0
96,252,0.0
96,253,0.0
96,254,0.0
96,255,0.0
96,256,1.0
96,257,0.0
96,258,1.0
96,259,0.0
96,260,0.0
96,261,1.0
96,262,0.0
96,263,0.0
96,264,0.0
96,265,1.0
96,266,1.0
96,267,0.0
96,268,0.0
96,269,0.0
96,270,0.0
100,0,0.0
100,1,0.0
100,2,0.0
100,3,1.0
100,4,1.0
100,5,0.0
100,6,0.0
100,7,0.0
100,8,1.0
100,9,0.0
100,10,0.0
100,11,0.0
100,12,0.0
100,13,0.0
100,14,1.0
100,15,0.0
100,16,1.0
100,17,0.0
100,18,0.0
100,19,0.0
100,20,0.0
100,21,1.0
100,22,0.0
100,23,0.0
100,24,1.0
100,25,1.0
100,26,0.0
100,27,0.0
100,28,0.0
100,29,0.0
100,30,1.0
100,31,0.0
100,32,1.0
100,33,1.0
100,34,0.0
100,35,0.0
100,36,0.0
100,37,1.0
100,38,1.0
100,39,0.0
100,40,0.0
100,41,0.0
100,42,0.0
100,43,0.0
100,44,0.0
100,45,0.0
100,46,0.0
100,47,0.0
100,48,1.0
100,49,0.0
100,50,0.0
100,51,0.0
100,52,1.0
100,53,0.0
100,54,0.0
100,55,0.0
100,56,0.0
100,57,0.0
100,58,1.0
100,59,0.0
100,60,0.0
100,61,1.0
100,62,1.0
100,63,1.0
100,64,0.0
100,65,1.0
100,66,1.0
100,67,0.0
100,68,1.0
100,69,0.0
100,70,1.0
100,71,0.0
100,72,0.0
100,73,1.0
100,74,1.0
100,75,0.0
100,76,0.0
100,77,0.0
100,78,0.0
100,79,0.0
100,80,1.0
100,81,1.0
100,82,1.0
100,83,1.0
100,84,0.0
100,85,1.0
100,86,0.0
100,87,0.0
100,88,1.0
100,89,0.0
100,90,0.0
100,91,0.0
100,92,0.0
100,93,0.0
100,94,1.0
100,95,0.0
100,96,0.0
100,97,1.0
100,98,0.0
100,99,1.0
100,100,0.0
100,101,0.0
100,102,0.0
100,103,0.0
100,104,0.0
100,105,0.0
100,106,0.0
100,107,0.0
100,108,0.0
100,109,0.0
100,110,0.0
100,111,0.0
100,112,1.0
100,113,0.0
100,114,0.0
100,115,0.0
100,116,0.0
100,117,0.0
100,118,1.0
100,119,1.0
100,120,0.0
100,121,0.0
100,122,1.0
100,123,0.0
100,124,0.0
100,125,0.0
100,126,0.0
100,127,1.0
100,128,0.0
100,129,0.0
100,130,0.0
100,131,0.0
100,132,0.0
100,133,0.0
100,134,0.0
100,135,0.0
100,136,1.0
100,137,0.0
100,138,1.0
100,139,0.0
100,140,1.0
100,141,0.0
100,142,1.0
100,143,0.0
100,144,1.0
100,145,0.0
100,146,1.0
100,147,0.0
100,148,0.0
100,149,0.0
100,150,0.0
100,151,0.0
100,152,0.0
100,153,1.0
100,154,0.0
100,155,0.0
100,156,0.0
100,157,0.0
100,158,0.0
100,159,0.0
100,160,0.0
100,161,0.0
100,162,0.0
100,163,0.0
100,164,0.0
100,165,0.0
100,166,1.0
100,167,0.0
100,168,1.0
100,169,1.0
100,170,1.0
100,171,0.0
100,172,0.0
100,173,0.0
100,174,0.0
100,175,0.0
100,176,0.0
100,177,0.0
100,178,0.0
100,179,0.0
100,180,1.0
100,181,0.0
100,182,1.0
100,183,1.0
100,184,0.0
100,185,1.0
100,186,0.0
100,187,0.0
100,188,0.0
100,189,0.0
100,190,0.0
100,191,1.0
100,192,0.0
100,193,0.0
100,194,0.0
100,195,0.0
100,196,0.0
100,197,0.0
100,198,0.0
100,199,1.0
100,200,0.0
100,201,0.0
100,202,0.0
100,203,0.0
100,204,0.0
100,205,1.0
100,206,0.0
100,207,1.0
100,208,1.0
100,209,0.0
100,210,0.0
100,211,1.0
100,212,0.0
100,213,1.0
100,214,1.0
100,215,1.0
100,216,0.0
100,217,0.0
100,218,1.0
100,219,0.0
100,220,1.0
100,221,0.0
100,222,0.0
100,223,0.0
100,224,0.0
100,225,1.0
100,226,0.0
100,227,0.0
100,228,0.0
100,229,0.0
100,230,0.0
100,231,0.0
100,232,1.0
100,233,1.0
100,234,0.0
100,235,0.0
100,236,0.0
100,237,0.0
100,238,0.0
100,239,1.0
100,240,0.0
100,241,0.0
100,242,1.0
100,243,0.0
100,244,1.0
100,245,0.0
100,246,0.0
100,247,0.0
100,248,1.0
100,249,0.0
100,250,0.0
100,251,0.0
100,252,0.0
100,253,0.0
100,254,0.0
100,255,0.0
100,256,1.0
100,257,0.0
100,258,1.0
100,259,0.0
100,260,0.0
100,261,1.0
100,262,0.0
100,263,0.0
100,264,0.0
100,265,1.0
100,266,1.0
100,267,0.0
100,268,0.0
100,269,0.0
100,270,0.0
