step,probe_index,mcqa_accuracy,predicted_idx,predicted_label,correct_idx
0,0,1.0,4,E,4
0,1,0.0,0,A,3
0,2,1.0,3,D,3
0,3,1.0,4,E,4
0,4,0.0,0,A,4
0,5,0.0,2,C,3
0,6,1.0,0,A,0
0,7,0.0,0,A,3
0,8,0.0,0,A,2
0,9,1.0,4,E,4
0,10,1.0,3,D,3
0,11,1.0,2,C,2
0,12,1.0,2,C,2
0,13,0.0,2,C,4
0,14,1.0,2,C,2
0,15,1.0,3,D,3
0,16,1.0,4,E,4
0,17,1.0,3,D,3
0,18,1.0,0,A,0
0,19,1.0,0,A,0
0,20,1.0,1,B,1
0,21,1.0,0,A,0
0,22,1.0,3,D,3
0,23,1.0,2,C,2
0,24,0.0,1,B,2
0,25,1.0,2,C,2
0,26,1.0,2,C,2
0,27,0.0,1,B,4
0,28,1.0,0,A,0
0,29,1.0,1,B,1
0,30,0.0,0,A,4
0,31,1.0,1,B,1
0,32,1.0,1,B,1
0,33,0.0,2,C,0
0,34,1.0,3,D,3
0,35,1.0,2,C,2
0,36,0.0,1,B,4
0,37,1.0,2,C,2
0,38,1.0,3,D,3
0,39,0.0,2,C,0
0,40,1.0,4,E,4
0,41,1.0,3,D,3
0,42,0.0,1,B,3
0,43,1.0,0,A,0
0,44,1.0,3,D,3
0,45,1.0,1,B,1
0,46,1.0,1,B,1
0,47,1.0,4,E,4
0,48,1.0,2,C,2
0,49,1.0,4,E,4
0,50,0.0,1,B,3
0,51,1.0,1,B,1
0,52,1.0,2,C,2
0,53,1.0,0,A,0
0,54,1.0,4,E,4
0,55,1.0,4,E,4
0,56,0.0,4,E,1
0,57,0.0,2,C,0
0,58,0.0,1,B,2
0,59,0.0,2,C,1
0,60,1.0,0,A,0
0,61,1.0,2,C,2
0,62,1.0,2,C,2
0,63,1.0,0,A,0
0,64,1.0,0,A,0
0,65,1.0,1,B,1
0,66,0.0,2,C,0
0,67,1.0,2,C,2
0,68,1.0,3,D,3
0,69,1.0,0,A,0
0,70,0.0,3,D,1
0,71,0.0,1,B,4
0,72,1.0,0,A,0
0,73,1.0,2,C,2
0,74,0.0,3,D,4
0,75,0.0,1,B,3
0,76,1.0,1,B,1
0,77,0.0,2,C,3
0,78,0.0,1,B,0
0,79,0.0,2,C,3
0,80,1.0,2,C,2
0,81,0.0,1,B,0
0,82,1.0,1,B,1
0,83,0.0,0,A,3
0,84,0.0,3,D,4
0,85,1.0,0,A,0
0,86,1.0,2,C,2
0,87,1.0,1,B,1
4,0,1.0,4,E,4
4,1,0.0,0,A,3
4,2,1.0,3,D,3
4,3,1.0,4,E,4
4,4,0.0,0,A,4
4,5,0.0,2,C,3
4,6,1.0,0,A,0
4,7,0.0,0,A,3
4,8,0.0,0,A,2
4,9,1.0,4,E,4
4,10,1.0,3,D,3
4,11,1.0,2,C,2
4,12,1.0,2,C,2
4,13,0.0,2,C,4
4,14,1.0,2,C,2
4,15,1.0,3,D,3
4,16,1.0,4,E,4
4,17,1.0,3,D,3
4,18,1.0,0,A,0
4,19,1.0,0,A,0
4,20,1.0,1,B,1
4,21,1.0,0,A,0
4,22,1.0,3,D,3
4,23,1.0,2,C,2
4,24,0.0,1,B,2
4,25,1.0,2,C,2
4,26,1.0,2,C,2
4,27,0.0,1,B,4
4,28,1.0,0,A,0
4,29,1.0,1,B,1
4,30,0.0,0,A,4
4,31,1.0,1,B,1
4,32,1.0,1,B,1
4,33,0.0,2,C,0
4,34,1.0,3,D,3
4,35,1.0,2,C,2
4,36,0.0,1,B,4
4,37,1.0,2,C,2
4,38,1.0,3,D,3
4,39,0.0,2,C,0
4,40,1.0,4,E,4
4,41,1.0,3,D,3
4,42,0.0,1,B,3
4,43,1.0,0,A,0
4,44,1.0,3,D,3
4,45,1.0,1,B,1
4,46,1.0,1,B,1
4,47,1.0,4,E,4
4,48,1.0,2,C,2
4,49,1.0,4,E,4
4,50,0.0,1,B,3
4,51,1.0,1,B,1
4,52,1.0,2,C,2
4,53,1.0,0,A,0
4,54,1.0,4,E,4
4,55,1.0,4,E,4
4,56,0.0,4,E,1
4,57,0.0,3,D,0
4,58,1.0,2,C,2
4,59,0.0,2,C,1
4,60,1.0,0,A,0
4,61,1.0,2,C,2
4,62,1.0,2,C,2
4,63,1.0,0,A,0
4,64,1.0,0,A,0
4,65,1.0,1,B,1
4,66,0.0,2,C,0
4,67,1.0,2,C,2
4,68,1.0,3,D,3
4,69,1.0,0,A,0
4,70,0.0,3,D,1
4,71,0.0,1,B,4
4,72,1.0,0,A,0
4,73,1.0,2,C,2
4,74,0.0,3,D,4
4,75,0.0,1,B,3
4,76,1.0,1,B,1
4,77,0.0,2,C,3
4,78,0.0,1,B,0
4,79,0.0,2,C,3
4,80,1.0,2,C,2
4,81,0.0,1,B,0
4,82,1.0,1,B,1
4,83,0.0,0,A,3
4,84,0.0,3,D,4
4,85,1.0,0,A,0
4,86,1.0,2,C,2
4,87,1.0,1,B,1
8,0,1.0,4,E,4
8,1,0.0,0,A,3
8,2,1.0,3,D,3
8,3,0.0,1,B,4
8,4,0.0,0,A,4
8,5,0.0,1,B,3
8,6,1.0,0,A,0
8,7,0.0,0,A,3
8,8,0.0,0,A,2
8,9,1.0,4,E,4
8,10,1.0,3,D,3
8,11,0.0,1,B,2
8,12,1.0,2,C,2
8,13,0.0,2,C,4
8,14,1.0,2,C,2
8,15,1.0,3,D,3
8,16,0.0,2,C,4
8,17,1.0,3,D,3
8,18,1.0,0,A,0
8,19,1.0,0,A,0
8,20,1.0,1,B,1
8,21,1.0,0,A,0
8,22,1.0,3,D,3
8,23,1.0,2,C,2
8,24,0.0,1,B,2
8,25,1.0,2,C,2
8,26,1.0,2,C,2
8,27,0.0,1,B,4
8,28,1.0,0,A,0
8,29,1.0,1,B,1
8,30,0.0,0,A,4
8,31,1.0,1,B,1
8,32,1.0,1,B,1
8,33,1.0,0,A,0
8,34,1.0,3,D,3
8,35,1.0,2,C,2
8,36,0.0,1,B,4
8,37,1.0,2,C,2
8,38,1.0,3,D,3
8,39,0.0,2,C,0
8,40,1.0,4,E,4
8,41,1.0,3,D,3
8,42,0.0,1,B,3
8,43,1.0,0,A,0
8,44,1.0,3,D,3
8,45,1.0,1,B,1
8,46,1.0,1,B,1
8,47,1.0,4,E,4
8,48,1.0,2,C,2
8,49,1.0,4,E,4
8,50,1.0,3,D,3
8,51,1.0,1,B,1
8,52,1.0,2,C,2
8,53,0.0,3,D,0
8,54,1.0,4,E,4
8,55,1.0,4,E,4
8,56,0.0,4,E,1
8,57,0.0,3,D,0
8,58,1.0,2,C,2
8,59,0.0,2,C,1
8,60,1.0,0,A,0
8,61,1.0,2,C,2
8,62,1.0,2,C,2
8,63,1.0,0,A,0
8,64,0.0,3,D,0
8,65,1.0,1,B,1
8,66,0.0,2,C,0
8,67,1.0,2,C,2
8,68,1.0,3,D,3
8,69,1.0,0,A,0
8,70,0.0,3,D,1
8,71,0.0,1,B,4
8,72,1.0,0,A,0
8,73,1.0,2,C,2
8,74,0.0,3,D,4
8,75,0.0,1,B,3
8,76,1.0,1,B,1
8,77,0.0,2,C,3
8,78,0.0,1,B,0
8,79,0.0,2,C,3
8,80,0.0,4,E,2
8,81,0.0,1,B,0
8,82,1.0,1,B,1
8,83,0.0,0,A,3
8,84,0.0,3,D,4
8,85,1.0,0,A,0
8,86,1.0,2,C,2
8,87,1.0,1,B,1
12,0,1.0,4,E,4
12,1,0.0,0,A,3
12,2,1.0,3,D,3
12,3,0.0,1,B,4
12,4,0.0,0,A,4
12,5,0.0,1,B,3
12,6,1.0,0,A,0
12,7,0.0,0,A,3
12,8,0.0,0,A,2
12,9,1.0,4,E,4
12,10,1.0,3,D,3
12,11,0.0,1,B,2
12,12,1.0,2,C,2
12,13,0.0,2,C,4
12,14,1.0,2,C,2
12,15,1.0,3,D,3
12,16,0.0,2,C,4
12,17,1.0,3,D,3
12,18,1.0,0,A,0
12,19,1.0,0,A,0
12,20,1.0,1,B,1
12,21,1.0,0,A,0
12,22,1.0,3,D,3
12,23,1.0,2,C,2
12,24,0.0,1,B,2
12,25,1.0,2,C,2
12,26,1.0,2,C,2
12,27,0.0,1,B,4
12,28,1.0,0,A,0
12,29,1.0,1,B,1
12,30,0.0,0,A,4
12,31,1.0,1,B,1
12,32,1.0,1,B,1
12,33,0.0,2,C,0
12,34,1.0,3,D,3
12,35,1.0,2,C,2
12,36,0.0,1,B,4
12,37,1.0,2,C,2
12,38,1.0,3,D,3
12,39,0.0,1,B,0
12,40,1.0,4,E,4
12,41,1.0,3,D,3
12,42,0.0,1,B,3
12,43,1.0,0,A,0
12,44,1.0,3,D,3
12,45,1.0,1,B,1
12,46,1.0,1,B,1
12,47,1.0,4,E,4
12,48,1.0,2,C,2
12,49,1.0,4,E,4
12,50,0.0,1,B,3
12,51,1.0,1,B,1
12,52,1.0,2,C,2
12,53,0.0,2,C,0
12,54,1.0,4,E,4
12,55,1.0,4,E,4
12,56,0.0,2,C,1
12,57,0.0,3,D,0
12,58,0.0,1,B,2
12,59,0.0,2,C,1
12,60,1.0,0,A,0
12,61,1.0,2,C,2
12,62,1.0,2,C,2
12,63,1.0,0,A,0
12,64,1.0,0,A,0
12,65,1.0,1,B,1
12,66,0.0,2,C,0
12,67,1.0,2,C,2
12,68,1.0,3,D,3
12,69,1.0,0,A,0
12,70,0.0,3,D,1
12,71,0.0,1,B,4
12,72,1.0,0,A,0
12,73,1.0,2,C,2
12,74,0.0,3,D,4
12,75,0.0,1,B,3
12,76,1.0,1,B,1
12,77,0.0,2,C,3
12,78,0.0,1,B,0
12,79,0.0,2,C,3
12,80,0.0,1,B,2
12,81,0.0,1,B,0
12,82,1.0,1,B,1
12,83,0.0,0,A,3
12,84,0.0,3,D,4
12,85,1.0,0,A,0
12,86,1.0,2,C,2
12,87,1.0,1,B,1
16,0,1.0,4,E,4
16,1,0.0,0,A,3
16,2,1.0,3,D,3
16,3,0.0,1,B,4
16,4,0.0,0,A,4
16,5,0.0,1,B,3
16,6,1.0,0,A,0
16,7,0.0,0,A,3
16,8,0.0,0,A,2
16,9,1.0,4,E,4
16,10,1.0,3,D,3
16,11,0.0,1,B,2
16,12,1.0,2,C,2
16,13,0.0,2,C,4
16,14,1.0,2,C,2
16,15,1.0,3,D,3
16,16,0.0,2,C,4
16,17,1.0,3,D,3
16,18,1.0,0,A,0
16,19,1.0,0,A,0
16,20,1.0,1,B,1
16,21,1.0,0,A,0
16,22,1.0,3,D,3
16,23,1.0,2,C,2
16,24,0.0,1,B,2
16,25,1.0,2,C,2
16,26,1.0,2,C,2
16,27,0.0,1,B,4
16,28,1.0,0,A,0
16,29,1.0,1,B,1
16,30,0.0,0,A,4
16,31,1.0,1,B,1
16,32,1.0,1,B,1
16,33,0.0,2,C,0
16,34,1.0,3,D,3
16,35,1.0,2,C,2
16,36,0.0,1,B,4
16,37,1.0,2,C,2
16,38,1.0,3,D,3
16,39,0.0,1,B,0
16,40,1.0,4,E,4
16,41,1.0,3,D,3
16,42,0.0,1,B,3
16,43,1.0,0,A,0
16,44,1.0,3,D,3
16,45,1.0,1,B,1
16,46,1.0,1,B,1
16,47,1.0,4,E,4
16,48,1.0,2,C,2
16,49,1.0,4,E,4
16,50,0.0,1,B,3
16,51,1.0,1,B,1
16,52,1.0,2,C,2
16,53,1.0,0,A,0
16,54,1.0,4,E,4
16,55,1.0,4,E,4
16,56,0.0,2,C,1
16,57,0.0,3,D,0
16,58,0.0,1,B,2
16,59,0.0,2,C,1
16,60,1.0,0,A,0
16,61,1.0,2,C,2
16,62,1.0,2,C,2
16,63,1.0,0,A,0
16,64,1.0,0,A,0
16,65,1.0,1,B,1
16,66,0.0,2,C,0
16,67,1.0,2,C,2
16,68,1.0,3,D,3
16,69,1.0,0,A,0
16,70,1.0,1,B,1
16,71,0.0,1,B,4
16,72,1.0,0,A,0
16,73,1.0,2,C,2
16,74,0.0,3,D,4
16,75,0.0,1,B,3
16,76,1.0,1,B,1
16,77,0.0,2,C,3
16,78,0.0,1,B,0
16,79,0.0,1,B,3
16,80,0.0,1,B,2
16,81,0.0,1,B,0
16,82,1.0,1,B,1
16,83,0.0,0,A,3
16,84,0.0,3,D,4
16,85,1.0,0,A,0
16,86,1.0,2,C,2
16,87,1.0,1,B,1
20,0,1.0,4,E,4
20,1,0.0,0,A,3
20,2,1.0,3,D,3
20,3,0.0,1,B,4
20,4,0.0,0,A,4
20,5,0.0,1,B,3
20,6,1.0,0,A,0
20,7,0.0,0,A,3
20,8,0.0,0,A,2
20,9,1.0,4,E,4
20,10,1.0,3,D,3
20,11,0.0,1,B,2
20,12,1.0,2,C,2
20,13,0.0,2,C,4
20,14,1.0,2,C,2
20,15,1.0,3,D,3
20,16,0.0,2,C,4
20,17,1.0,3,D,3
20,18,1.0,0,A,0
20,19,1.0,0,A,0
20,20,1.0,1,B,1
20,21,1.0,0,A,0
20,22,1.0,3,D,3
20,23,1.0,2,C,2
20,24,0.0,1,B,2
20,25,1.0,2,C,2
20,26,0.0,0,A,2
20,27,0.0,1,B,4
20,28,1.0,0,A,0
20,29,1.0,1,B,1
20,30,0.0,0,A,4
20,31,1.0,1,B,1
20,32,1.0,1,B,1
20,33,0.0,2,C,0
20,34,1.0,3,D,3
20,35,1.0,2,C,2
20,36,0.0,1,B,4
20,37,1.0,2,C,2
20,38,1.0,3,D,3
20,39,0.0,1,B,0
20,40,1.0,4,E,4
20,41,1.0,3,D,3
20,42,0.0,1,B,3
20,43,0.0,2,C,0
20,44,1.0,3,D,3
20,45,1.0,1,B,1
20,46,1.0,1,B,1
20,47,1.0,4,E,4
20,48,1.0,2,C,2
20,49,1.0,4,E,4
20,50,0.0,1,B,3
20,51,1.0,1,B,1
20,52,1.0,2,C,2
20,53,1.0,0,A,0
20,54,1.0,4,E,4
20,55,1.0,4,E,4
20,56,1.0,1,B,1
20,57,0.0,3,D,0
20,58,0.0,1,B,2
20,59,0.0,2,C,1
20,60,1.0,0,A,0
20,61,1.0,2,C,2
20,62,1.0,2,C,2
20,63,1.0,0,A,0
20,64,1.0,0,A,0
20,65,1.0,1,B,1
20,66,0.0,2,C,0
20,67,1.0,2,C,2
20,68,1.0,3,D,3
20,69,1.0,0,A,0
20,70,1.0,1,B,1
20,71,0.0,1,B,4
20,72,1.0,0,A,0
20,73,1.0,2,C,2
20,74,0.0,3,D,4
20,75,0.0,1,B,3
20,76,1.0,1,B,1
20,77,0.0,2,C,3
20,78,0.0,1,B,0
20,79,0.0,1,B,3
20,80,0.0,1,B,2
20,81,0.0,1,B,0
20,82,1.0,1,B,1
20,83,0.0,0,A,3
20,84,0.0,3,D,4
20,85,1.0,0,A,0
20,86,1.0,2,C,2
20,87,1.0,1,B,1
24,0,1.0,4,E,4
24,1,0.0,0,A,3
24,2,1.0,3,D,3
24,3,0.0,1,B,4
24,4,0.0,0,A,4
24,5,0.0,1,B,3
24,6,1.0,0,A,0
24,7,0.0,0,A,3
24,8,0.0,0,A,2
24,9,1.0,4,E,4
24,10,1.0,3,D,3
24,11,0.0,1,B,2
24,12,1.0,2,C,2
24,13,0.0,2,C,4
24,14,1.0,2,C,2
24,15,1.0,3,D,3
24,16,0.0,2,C,4
24,17,1.0,3,D,3
24,18,1.0,0,A,0
24,19,1.0,0,A,0
24,20,1.0,1,B,1
24,21,1.0,0,A,0
24,22,1.0,3,D,3
24,23,1.0,2,C,2
24,24,0.0,1,B,2
24,25,1.0,2,C,2
24,26,0.0,0,A,2
24,27,0.0,1,B,4
24,28,1.0,0,A,0
24,29,1.0,1,B,1
24,30,0.0,0,A,4
24,31,1.0,1,B,1
24,32,1.0,1,B,1
24,33,0.0,2,C,0
24,34,1.0,3,D,3
24,35,1.0,2,C,2
24,36,0.0,1,B,4
24,37,1.0,2,C,2
24,38,1.0,3,D,3
24,39,0.0,1,B,0
24,40,1.0,4,E,4
24,41,1.0,3,D,3
24,42,0.0,1,B,3
24,43,0.0,2,C,0
24,44,1.0,3,D,3
24,45,1.0,1,B,1
24,46,1.0,1,B,1
24,47,1.0,4,E,4
24,48,1.0,2,C,2
24,49,1.0,4,E,4
24,50,0.0,1,B,3
24,51,1.0,1,B,1
24,52,1.0,2,C,2
24,53,1.0,0,A,0
24,54,1.0,4,E,4
24,55,1.0,4,E,4
24,56,0.0,2,C,1
24,57,0.0,3,D,0
24,58,1.0,2,C,2
24,59,0.0,2,C,1
24,60,1.0,0,A,0
24,61,1.0,2,C,2
24,62,1.0,2,C,2
24,63,1.0,0,A,0
24,64,1.0,0,A,0
24,65,1.0,1,B,1
24,66,0.0,2,C,0
24,67,1.0,2,C,2
24,68,1.0,3,D,3
24,69,1.0,0,A,0
24,70,1.0,1,B,1
24,71,0.0,1,B,4
24,72,0.0,1,B,0
24,73,1.0,2,C,2
24,74,0.0,3,D,4
24,75,0.0,1,B,3
24,76,1.0,1,B,1
24,77,0.0,2,C,3
24,78,0.0,1,B,0
24,79,0.0,2,C,3
24,80,0.0,1,B,2
24,81,0.0,1,B,0
24,82,1.0,1,B,1
24,83,0.0,0,A,3
24,84,0.0,3,D,4
24,85,1.0,0,A,0
24,86,1.0,2,C,2
24,87,1.0,1,B,1
28,0,1.0,4,E,4
28,1,0.0,0,A,3
28,2,1.0,3,D,3
28,3,0.0,1,B,4
28,4,0.0,0,A,4
28,5,0.0,1,B,3
28,6,1.0,0,A,0
28,7,0.0,0,A,3
28,8,0.0,0,A,2
28,9,1.0,4,E,4
28,10,1.0,3,D,3
28,11,0.0,1,B,2
28,12,1.0,2,C,2
28,13,0.0,2,C,4
28,14,1.0,2,C,2
28,15,1.0,3,D,3
28,16,0.0,2,C,4
28,17,1.0,3,D,3
28,18,1.0,0,A,0
28,19,1.0,0,A,0
28,20,1.0,1,B,1
28,21,1.0,0,A,0
28,22,1.0,3,D,3
28,23,1.0,2,C,2
28,24,0.0,1,B,2
28,25,1.0,2,C,2
28,26,0.0,0,A,2
28,27,0.0,1,B,4
28,28,1.0,0,A,0
28,29,1.0,1,B,1
28,30,0.0,0,A,4
28,31,1.0,1,B,1
28,32,1.0,1,B,1
28,33,0.0,2,C,0
28,34,1.0,3,D,3
28,35,1.0,2,C,2
28,36,0.0,1,B,4
28,37,1.0,2,C,2
28,38,1.0,3,D,3
28,39,0.0,1,B,0
28,40,1.0,4,E,4
28,41,1.0,3,D,3
28,42,0.0,1,B,3
28,43,0.0,2,C,0
28,44,1.0,3,D,3
28,45,1.0,1,B,1
28,46,1.0,1,B,1
28,47,1.0,4,E,4
28,48,1.0,2,C,2
28,49,1.0,4,E,4
28,50,0.0,1,B,3
28,51,1.0,1,B,1
28,52,1.0,2,C,2
28,53,1.0,0,A,0
28,54,1.0,4,E,4
28,55,1.0,4,E,4
28,56,1.0,1,B,1
28,57,0.0,3,D,0
28,58,1.0,2,C,2
28,59,0.0,2,C,1
28,60,1.0,0,A,0
28,61,1.0,2,C,2
28,62,1.0,2,C,2
28,63,1.0,0,A,0
28,64,1.0,0,A,0
28,65,1.0,1,B,1
28,66,0.0,2,C,0
28,67,1.0,2,C,2
28,68,1.0,3,D,3
28,69,1.0,0,A,0
28,70,1.0,1,B,1
28,71,0.0,1,B,4
28,72,0.0,1,B,0
28,73,1.0,2,C,2
28,74,0.0,3,D,4
28,75,0.0,1,B,3
28,76,1.0,1,B,1
28,77,0.0,2,C,3
28,78,0.0,1,B,0
28,79,0.0,2,C,3
28,80,0.0,1,B,2
28,81,0.0,1,B,0
28,82,1.0,1,B,1
28,83,0.0,0,A,3
28,84,0.0,3,D,4
28,85,1.0,0,A,0
28,86,1.0,2,C,2
28,87,1.0,1,B,1
32,0,1.0,4,E,4
32,1,0.0,0,A,3
32,2,1.0,3,D,3
32,3,0.0,1,B,4
32,4,0.0,0,A,4
32,5,0.0,1,B,3
32,6,1.0,0,A,0
32,7,0.0,0,A,3
32,8,0.0,0,A,2
32,9,1.0,4,E,4
32,10,1.0,3,D,3
32,11,0.0,1,B,2
32,12,1.0,2,C,2
32,13,0.0,2,C,4
32,14,1.0,2,C,2
32,15,1.0,3,D,3
32,16,0.0,2,C,4
32,17,1.0,3,D,3
32,18,1.0,0,A,0
32,19,1.0,0,A,0
32,20,1.0,1,B,1
32,21,1.0,0,A,0
32,22,1.0,3,D,3
32,23,1.0,2,C,2
32,24,0.0,1,B,2
32,25,1.0,2,C,2
32,26,0.0,0,A,2
32,27,0.0,1,B,4
32,28,1.0,0,A,0
32,29,1.0,1,B,1
32,30,0.0,0,A,4
32,31,1.0,1,B,1
32,32,1.0,1,B,1
32,33,0.0,2,C,0
32,34,1.0,3,D,3
32,35,1.0,2,C,2
32,36,0.0,1,B,4
32,37,1.0,2,C,2
32,38,1.0,3,D,3
32,39,0.0,1,B,0
32,40,1.0,4,E,4
32,41,1.0,3,D,3
32,42,0.0,1,B,3
32,43,0.0,2,C,0
32,44,1.0,3,D,3
32,45,1.0,1,B,1
32,46,1.0,1,B,1
32,47,1.0,4,E,4
32,48,1.0,2,C,2
32,49,1.0,4,E,4
32,50,0.0,1,B,3
32,51,1.0,1,B,1
32,52,1.0,2,C,2
32,53,1.0,0,A,0
32,54,1.0,4,E,4
32,55,1.0,4,E,4
32,56,1.0,1,B,1
32,57,0.0,3,D,0
32,58,1.0,2,C,2
32,59,0.0,2,C,1
32,60,1.0,0,A,0
32,61,1.0,2,C,2
32,62,1.0,2,C,2
32,63,1.0,0,A,0
32,64,1.0,0,A,0
32,65,1.0,1,B,1
32,66,0.0,2,C,0
32,67,1.0,2,C,2
32,68,1.0,3,D,3
32,69,1.0,0,A,0
32,70,1.0,1,B,1
32,71,0.0,1,B,4
32,72,0.0,1,B,0
32,73,1.0,2,C,2
32,74,0.0,3,D,4
32,75,0.0,1,B,3
32,76,1.0,1,B,1
32,77,0.0,2,C,3
32,78,0.0,1,B,0
32,79,0.0,2,C,3
32,80,0.0,1,B,2
32,81,0.0,1,B,0
32,82,1.0,1,B,1
32,83,0.0,0,A,3
32,84,0.0,3,D,4
32,85,1.0,0,A,0
32,86,1.0,2,C,2
32,87,1.0,1,B,1
36,0,1.0,4,E,4
36,1,0.0,0,A,3
36,2,1.0,3,D,3
36,3,0.0,1,B,4
36,4,0.0,0,A,4
36,5,0.0,1,B,3
36,6,1.0,0,A,0
36,7,0.0,0,A,3
36,8,0.0,0,A,2
36,9,1.0,4,E,4
36,10,1.0,3,D,3
36,11,0.0,1,B,2
36,12,1.0,2,C,2
36,13,0.0,2,C,4
36,14,1.0,2,C,2
36,15,1.0,3,D,3
36,16,0.0,2,C,4
36,17,1.0,3,D,3
36,18,1.0,0,A,0
36,19,1.0,0,A,0
36,20,1.0,1,B,1
36,21,1.0,0,A,0
36,22,1.0,3,D,3
36,23,1.0,2,C,2
36,24,0.0,1,B,2
36,25,1.0,2,C,2
36,26,0.0,0,A,2
36,27,0.0,1,B,4
36,28,1.0,0,A,0
36,29,1.0,1,B,1
36,30,0.0,0,A,4
36,31,1.0,1,B,1
36,32,1.0,1,B,1
36,33,0.0,2,C,0
36,34,1.0,3,D,3
36,35,1.0,2,C,2
36,36,0.0,1,B,4
36,37,1.0,2,C,2
36,38,1.0,3,D,3
36,39,0.0,1,B,0
36,40,1.0,4,E,4
36,41,1.0,3,D,3
36,42,0.0,1,B,3
36,43,0.0,2,C,0
36,44,1.0,3,D,3
36,45,1.0,1,B,1
36,46,1.0,1,B,1
36,47,1.0,4,E,4
36,48,1.0,2,C,2
36,49,1.0,4,E,4
36,50,0.0,1,B,3
36,51,1.0,1,B,1
36,52,1.0,2,C,2
36,53,1.0,0,A,0
36,54,1.0,4,E,4
36,55,1.0,4,E,4
36,56,1.0,1,B,1
36,57,0.0,3,D,0
36,58,1.0,2,C,2
36,59,0.0,2,C,1
36,60,1.0,0,A,0
36,61,1.0,2,C,2
36,62,1.0,2,C,2
36,63,1.0,0,A,0
36,64,1.0,0,A,0
36,65,1.0,1,B,1
36,66,0.0,2,C,0
36,67,1.0,2,C,2
36,68,1.0,3,D,3
36,69,1.0,0,A,0
36,70,1.0,1,B,1
36,71,0.0,1,B,4
36,72,0.0,1,B,0
36,73,1.0,2,C,2
36,74,0.0,3,D,4
36,75,0.0,1,B,3
36,76,1.0,1,B,1
36,77,0.0,2,C,3
36,78,0.0,1,B,0
36,79,0.0,2,C,3
36,80,0.0,1,B,2
36,81,0.0,1,B,0
36,82,1.0,1,B,1
36,83,0.0,0,A,3
36,84,0.0,3,D,4
36,85,1.0,0,A,0
36,86,1.0,2,C,2
36,87,1.0,1,B,1
40,0,1.0,4,E,4
40,1,0.0,0,A,3
40,2,1.0,3,D,3
40,3,0.0,1,B,4
40,4,0.0,0,A,4
40,5,0.0,1,B,3
40,6,1.0,0,A,0
40,7,0.0,0,A,3
40,8,0.0,0,A,2
40,9,1.0,4,E,4
40,10,1.0,3,D,3
40,11,0.0,1,B,2
40,12,1.0,2,C,2
40,13,0.0,2,C,4
40,14,1.0,2,C,2
40,15,1.0,3,D,3
40,16,0.0,2,C,4
40,17,1.0,3,D,3
40,18,1.0,0,A,0
40,19,1.0,0,A,0
40,20,1.0,1,B,1
40,21,1.0,0,A,0
40,22,1.0,3,D,3
40,23,1.0,2,C,2
40,24,0.0,1,B,2
40,25,1.0,2,C,2
40,26,0.0,0,A,2
40,27,0.0,1,B,4
40,28,1.0,0,A,0
40,29,1.0,1,B,1
40,30,0.0,0,A,4
40,31,1.0,1,B,1
40,32,1.0,1,B,1
40,33,0.0,2,C,0
40,34,1.0,3,D,3
40,35,1.0,2,C,2
40,36,0.0,1,B,4
40,37,1.0,2,C,2
40,38,1.0,3,D,3
40,39,0.0,1,B,0
40,40,1.0,4,E,4
40,41,1.0,3,D,3
40,42,0.0,1,B,3
40,43,0.0,2,C,0
40,44,1.0,3,D,3
40,45,1.0,1,B,1
40,46,1.0,1,B,1
40,47,1.0,4,E,4
40,48,1.0,2,C,2
40,49,1.0,4,E,4
40,50,0.0,1,B,3
40,51,1.0,1,B,1
40,52,1.0,2,C,2
40,53,1.0,0,A,0
40,54,1.0,4,E,4
40,55,1.0,4,E,4
40,56,1.0,1,B,1
40,57,0.0,3,D,0
40,58,1.0,2,C,2
40,59,0.0,2,C,1
40,60,1.0,0,A,0
40,61,1.0,2,C,2
40,62,1.0,2,C,2
40,63,1.0,0,A,0
40,64,1.0,0,A,0
40,65,1.0,1,B,1
40,66,0.0,2,C,0
40,67,1.0,2,C,2
40,68,1.0,3,D,3
40,69,1.0,0,A,0
40,70,1.0,1,B,1
40,71,0.0,1,B,4
40,72,0.0,1,B,0
40,73,1.0,2,C,2
40,74,0.0,3,D,4
40,75,0.0,1,B,3
40,76,1.0,1,B,1
40,77,0.0,2,C,3
40,78,0.0,1,B,0
40,79,0.0,2,C,3
40,80,0.0,1,B,2
40,81,0.0,1,B,0
40,82,1.0,1,B,1
40,83,0.0,0,A,3
40,84,0.0,3,D,4
40,85,1.0,0,A,0
40,86,1.0,2,C,2
40,87,1.0,1,B,1
44,0,1.0,4,E,4
44,1,0.0,0,A,3
44,2,1.0,3,D,3
44,3,0.0,1,B,4
44,4,0.0,0,A,4
44,5,0.0,1,B,3
44,6,1.0,0,A,0
44,7,0.0,0,A,3
44,8,0.0,0,A,2
44,9,1.0,4,E,4
44,10,1.0,3,D,3
44,11,0.0,1,B,2
44,12,1.0,2,C,2
44,13,0.0,2,C,4
44,14,1.0,2,C,2
44,15,1.0,3,D,3
44,16,0.0,2,C,4
44,17,1.0,3,D,3
44,18,1.0,0,A,0
44,19,1.0,0,A,0
44,20,1.0,1,B,1
44,21,1.0,0,A,0
44,22,1.0,3,D,3
44,23,1.0,2,C,2
44,24,0.0,1,B,2
44,25,1.0,2,C,2
44,26,0.0,0,A,2
44,27,0.0,1,B,4
44,28,1.0,0,A,0
44,29,1.0,1,B,1
44,30,0.0,0,A,4
44,31,1.0,1,B,1
44,32,1.0,1,B,1
44,33,0.0,2,C,0
44,34,1.0,3,D,3
44,35,1.0,2,C,2
44,36,0.0,1,B,4
44,37,1.0,2,C,2
44,38,1.0,3,D,3
44,39,0.0,1,B,0
44,40,1.0,4,E,4
44,41,1.0,3,D,3
44,42,0.0,1,B,3
44,43,0.0,2,C,0
44,44,1.0,3,D,3
44,45,1.0,1,B,1
44,46,1.0,1,B,1
44,47,1.0,4,E,4
44,48,1.0,2,C,2
44,49,1.0,4,E,4
44,50,0.0,1,B,3
44,51,1.0,1,B,1
44,52,1.0,2,C,2
44,53,1.0,0,A,0
44,54,1.0,4,E,4
44,55,1.0,4,E,4
44,56,1.0,1,B,1
44,57,0.0,3,D,0
44,58,1.0,2,C,2
44,59,0.0,2,C,1
44,60,1.0,0,A,0
44,61,1.0,2,C,2
44,62,1.0,2,C,2
44,63,1.0,0,A,0
44,64,1.0,0,A,0
44,65,1.0,1,B,1
44,66,0.0,2,C,0
44,67,1.0,2,C,2
44,68,1.0,3,D,3
44,69,1.0,0,A,0
44,70,1.0,1,B,1
44,71,0.0,1,B,4
44,72,0.0,1,B,0
44,73,1.0,2,C,2
44,74,0.0,3,D,4
44,75,0.0,1,B,3
44,76,1.0,1,B,1
44,77,0.0,2,C,3
44,78,0.0,1,B,0
44,79,0.0,2,C,3
44,80,0.0,1,B,2
44,81,0.0,1,B,0
44,82,1.0,1,B,1
44,83,0.0,0,A,3
44,84,0.0,3,D,4
44,85,1.0,0,A,0
44,86,1.0,2,C,2
44,87,1.0,1,B,1
48,0,1.0,4,E,4
48,1,0.0,0,A,3
48,2,1.0,3,D,3
48,3,0.0,1,B,4
48,4,0.0,0,A,4
48,5,0.0,1,B,3
48,6,1.0,0,A,0
48,7,0.0,0,A,3
48,8,0.0,0,A,2
48,9,1.0,4,E,4
48,10,1.0,3,D,3
48,11,0.0,1,B,2
48,12,1.0,2,C,2
48,13,0.0,2,C,4
48,14,1.0,2,C,2
48,15,1.0,3,D,3
48,16,0.0,2,C,4
48,17,1.0,3,D,3
48,18,1.0,0,A,0
48,19,0.0,2,C,0
48,20,1.0,1,B,1
48,21,1.0,0,A,0
48,22,1.0,3,D,3
48,23,1.0,2,C,2
48,24,0.0,1,B,2
48,25,1.0,2,C,2
48,26,0.0,0,A,2
48,27,0.0,1,B,4
48,28,1.0,0,A,0
48,29,1.0,1,B,1
48,30,0.0,0,A,4
48,31,1.0,1,B,1
48,32,1.0,1,B,1
48,33,0.0,2,C,0
48,34,1.0,3,D,3
48,35,1.0,2,C,2
48,36,0.0,1,B,4
48,37,1.0,2,C,2
48,38,1.0,3,D,3
48,39,0.0,1,B,0
48,40,1.0,4,E,4
48,41,1.0,3,D,3
48,42,0.0,1,B,3
48,43,0.0,2,C,0
48,44,1.0,3,D,3
48,45,1.0,1,B,1
48,46,1.0,1,B,1
48,47,1.0,4,E,4
48,48,1.0,2,C,2
48,49,1.0,4,E,4
48,50,0.0,1,B,3
48,51,1.0,1,B,1
48,52,1.0,2,C,2
48,53,1.0,0,A,0
48,54,1.0,4,E,4
48,55,1.0,4,E,4
48,56,1.0,1,B,1
48,57,0.0,3,D,0
48,58,1.0,2,C,2
48,59,0.0,2,C,1
48,60,1.0,0,A,0
48,61,1.0,2,C,2
48,62,1.0,2,C,2
48,63,1.0,0,A,0
48,64,1.0,0,A,0
48,65,1.0,1,B,1
48,66,0.0,2,C,0
48,67,1.0,2,C,2
48,68,1.0,3,D,3
48,69,1.0,0,A,0
48,70,1.0,1,B,1
48,71,0.0,1,B,4
48,72,0.0,1,B,0
48,73,1.0,2,C,2
48,74,0.0,3,D,4
48,75,0.0,1,B,3
48,76,1.0,1,B,1
48,77,0.0,2,C,3
48,78,0.0,1,B,0
48,79,0.0,2,C,3
48,80,0.0,1,B,2
48,81,0.0,1,B,0
48,82,1.0,1,B,1
48,83,0.0,0,A,3
48,84,0.0,3,D,4
48,85,1.0,0,A,0
48,86,1.0,2,C,2
48,87,1.0,1,B,1
52,0,1.0,4,E,4
52,1,0.0,1,B,3
52,2,1.0,3,D,3
52,3,0.0,1,B,4
52,4,0.0,0,A,4
52,5,0.0,1,B,3
52,6,1.0,0,A,0
52,7,0.0,0,A,3
52,8,0.0,0,A,2
52,9,1.0,4,E,4
52,10,1.0,3,D,3
52,11,0.0,1,B,2
52,12,1.0,2,C,2
52,13,0.0,2,C,4
52,14,1.0,2,C,2
52,15,1.0,3,D,3
52,16,0.0,2,C,4
52,17,1.0,3,D,3
52,18,1.0,0,A,0
52,19,0.0,2,C,0
52,20,1.0,1,B,1
52,21,1.0,0,A,0
52,22,1.0,3,D,3
52,23,1.0,2,C,2
52,24,0.0,1,B,2
52,25,1.0,2,C,2
52,26,0.0,0,A,2
52,27,0.0,1,B,4
52,28,1.0,0,A,0
52,29,1.0,1,B,1
52,30,0.0,0,A,4
52,31,1.0,1,B,1
52,32,1.0,1,B,1
52,33,0.0,2,C,0
52,34,1.0,3,D,3
52,35,1.0,2,C,2
52,36,0.0,1,B,4
52,37,1.0,2,C,2
52,38,1.0,3,D,3
52,39,0.0,1,B,0
52,40,1.0,4,E,4
52,41,1.0,3,D,3
52,42,0.0,1,B,3
52,43,0.0,2,C,0
52,44,1.0,3,D,3
52,45,1.0,1,B,1
52,46,1.0,1,B,1
52,47,1.0,4,E,4
52,48,1.0,2,C,2
52,49,1.0,4,E,4
52,50,0.0,1,B,3
52,51,1.0,1,B,1
52,52,1.0,2,C,2
52,53,1.0,0,A,0
52,54,1.0,4,E,4
52,55,1.0,4,E,4
52,56,1.0,1,B,1
52,57,0.0,3,D,0
52,58,1.0,2,C,2
52,59,0.0,2,C,1
52,60,1.0,0,A,0
52,61,1.0,2,C,2
52,62,1.0,2,C,2
52,63,1.0,0,A,0
52,64,1.0,0,A,0
52,65,1.0,1,B,1
52,66,0.0,2,C,0
52,67,1.0,2,C,2
52,68,1.0,3,D,3
52,69,1.0,0,A,0
52,70,1.0,1,B,1
52,71,0.0,1,B,4
52,72,0.0,1,B,0
52,73,1.0,2,C,2
52,74,0.0,3,D,4
52,75,0.0,1,B,3
52,76,1.0,1,B,1
52,77,0.0,2,C,3
52,78,0.0,1,B,0
52,79,0.0,2,C,3
52,80,0.0,1,B,2
52,81,0.0,1,B,0
52,82,1.0,1,B,1
52,83,0.0,0,A,3
52,84,0.0,3,D,4
52,85,1.0,0,A,0
52,86,1.0,2,C,2
52,87,1.0,1,B,1
56,0,1.0,4,E,4
56,1,0.0,0,A,3
56,2,1.0,3,D,3
56,3,0.0,1,B,4
56,4,0.0,0,A,4
56,5,0.0,1,B,3
56,6,1.0,0,A,0
56,7,0.0,0,A,3
56,8,0.0,0,A,2
56,9,1.0,4,E,4
56,10,1.0,3,D,3
56,11,0.0,1,B,2
56,12,1.0,2,C,2
56,13,0.0,2,C,4
56,14,1.0,2,C,2
56,15,1.0,3,D,3
56,16,0.0,2,C,4
56,17,1.0,3,D,3
56,18,1.0,0,A,0
56,19,0.0,2,C,0
56,20,1.0,1,B,1
56,21,1.0,0,A,0
56,22,1.0,3,D,3
56,23,1.0,2,C,2
56,24,0.0,1,B,2
56,25,1.0,2,C,2
56,26,0.0,0,A,2
56,27,0.0,1,B,4
56,28,1.0,0,A,0
56,29,1.0,1,B,1
56,30,0.0,0,A,4
56,31,1.0,1,B,1
56,32,1.0,1,B,1
56,33,0.0,2,C,0
56,34,1.0,3,D,3
56,35,1.0,2,C,2
56,36,0.0,1,B,4
56,37,1.0,2,C,2
56,38,1.0,3,D,3
56,39,0.0,1,B,0
56,40,1.0,4,E,4
56,41,1.0,3,D,3
56,42,0.0,1,B,3
56,43,0.0,2,C,0
56,44,1.0,3,D,3
56,45,1.0,1,B,1
56,46,1.0,1,B,1
56,47,1.0,4,E,4
56,48,1.0,2,C,2
56,49,1.0,4,E,4
56,50,0.0,1,B,3
56,51,1.0,1,B,1
56,52,1.0,2,C,2
56,53,1.0,0,A,0
56,54,1.0,4,E,4
56,55,1.0,4,E,4
56,56,1.0,1,B,1
56,57,0.0,3,D,0
56,58,1.0,2,C,2
56,59,0.0,2,C,1
56,60,1.0,0,A,0
56,61,1.0,2,C,2
56,62,1.0,2,C,2
56,63,1.0,0,A,0
56,64,1.0,0,A,0
56,65,1.0,1,B,1
56,66,0.0,2,C,0
56,67,1.0,2,C,2
56,68,1.0,3,D,3
56,69,1.0,0,A,0
56,70,1.0,1,B,1
56,71,0.0,1,B,4
56,72,0.0,1,B,0
56,73,1.0,2,C,2
56,74,0.0,3,D,4
56,75,0.0,1,B,3
56,76,1.0,1,B,1
56,77,0.0,2,C,3
56,78,0.0,1,B,0
56,79,0.0,2,C,3
56,80,0.0,1,B,2
56,81,0.0,1,B,0
56,82,1.0,1,B,1
56,83,0.0,0,A,3
56,84,0.0,3,D,4
56,85,1.0,0,A,0
56,86,1.0,2,C,2
56,87,1.0,1,B,1
60,0,1.0,4,E,4
60,1,0.0,1,B,3
60,2,1.0,3,D,3
60,3,0.0,1,B,4
60,4,0.0,0,A,4
60,5,0.0,1,B,3
60,6,1.0,0,A,0
60,7,0.0,0,A,3
60,8,0.0,0,A,2
60,9,1.0,4,E,4
60,10,1.0,3,D,3
60,11,0.0,1,B,2
60,12,1.0,2,C,2
60,13,0.0,2,C,4
60,14,1.0,2,C,2
60,15,1.0,3,D,3
60,16,0.0,2,C,4
60,17,1.0,3,D,3
60,18,1.0,0,A,0
60,19,0.0,2,C,0
60,20,1.0,1,B,1
60,21,1.0,0,A,0
60,22,1.0,3,D,3
60,23,1.0,2,C,2
60,24,0.0,1,B,2
60,25,1.0,2,C,2
60,26,0.0,0,A,2
60,27,0.0,1,B,4
60,28,1.0,0,A,0
60,29,1.0,1,B,1
60,30,0.0,0,A,4
60,31,1.0,1,B,1
60,32,1.0,1,B,1
60,33,0.0,2,C,0
60,34,1.0,3,D,3
60,35,1.0,2,C,2
60,36,0.0,1,B,4
60,37,1.0,2,C,2
60,38,1.0,3,D,3
60,39,0.0,1,B,0
60,40,1.0,4,E,4
60,41,1.0,3,D,3
60,42,0.0,1,B,3
60,43,0.0,2,C,0
60,44,1.0,3,D,3
60,45,1.0,1,B,1
60,46,1.0,1,B,1
60,47,1.0,4,E,4
60,48,1.0,2,C,2
60,49,1.0,4,E,4
60,50,0.0,1,B,3
60,51,1.0,1,B,1
60,52,1.0,2,C,2
60,53,1.0,0,A,0
60,54,1.0,4,E,4
60,55,1.0,4,E,4
60,56,1.0,1,B,1
60,57,0.0,3,D,0
60,58,1.0,2,C,2
60,59,0.0,2,C,1
60,60,1.0,0,A,0
60,61,1.0,2,C,2
60,62,1.0,2,C,2
60,63,1.0,0,A,0
60,64,1.0,0,A,0
60,65,1.0,1,B,1
60,66,0.0,2,C,0
60,67,1.0,2,C,2
60,68,1.0,3,D,3
60,69,1.0,0,A,0
60,70,1.0,1,B,1
60,71,0.0,1,B,4
60,72,0.0,1,B,0
60,73,1.0,2,C,2
60,74,0.0,3,D,4
60,75,0.0,1,B,3
60,76,1.0,1,B,1
60,77,0.0,2,C,3
60,78,0.0,1,B,0
60,79,0.0,2,C,3
60,80,0.0,1,B,2
60,81,0.0,1,B,0
60,82,1.0,1,B,1
60,83,0.0,0,A,3
60,84,0.0,3,D,4
60,85,1.0,0,A,0
60,86,1.0,2,C,2
60,87,1.0,1,B,1
64,0,1.0,4,E,4
64,1,0.0,1,B,3
64,2,1.0,3,D,3
64,3,0.0,1,B,4
64,4,0.0,0,A,4
64,5,0.0,1,B,3
64,6,1.0,0,A,0
64,7,0.0,0,A,3
64,8,0.0,0,A,2
64,9,1.0,4,E,4
64,10,1.0,3,D,3
64,11,0.0,1,B,2
64,12,1.0,2,C,2
64,13,0.0,2,C,4
64,14,1.0,2,C,2
64,15,1.0,3,D,3
64,16,0.0,2,C,4
64,17,1.0,3,D,3
64,18,1.0,0,A,0
64,19,0.0,2,C,0
64,20,1.0,1,B,1
64,21,1.0,0,A,0
64,22,1.0,3,D,3
64,23,1.0,2,C,2
64,24,0.0,1,B,2
64,25,1.0,2,C,2
64,26,0.0,0,A,2
64,27,0.0,1,B,4
64,28,1.0,0,A,0
64,29,1.0,1,B,1
64,30,0.0,0,A,4
64,31,1.0,1,B,1
64,32,1.0,1,B,1
64,33,0.0,2,C,0
64,34,1.0,3,D,3
64,35,1.0,2,C,2
64,36,0.0,1,B,4
64,37,1.0,2,C,2
64,38,1.0,3,D,3
64,39,0.0,1,B,0
64,40,1.0,4,E,4
64,41,1.0,3,D,3
64,42,0.0,1,B,3
64,43,0.0,2,C,0
64,44,1.0,3,D,3
64,45,1.0,1,B,1
64,46,1.0,1,B,1
64,47,1.0,4,E,4
64,48,1.0,2,C,2
64,49,1.0,4,E,4
64,50,0.0,1,B,3
64,51,1.0,1,B,1
64,52,1.0,2,C,2
64,53,1.0,0,A,0
64,54,1.0,4,E,4
64,55,1.0,4,E,4
64,56,1.0,1,B,1
64,57,0.0,3,D,0
64,58,1.0,2,C,2
64,59,0.0,2,C,1
64,60,1.0,0,A,0
64,61,1.0,2,C,2
64,62,1.0,2,C,2
64,63,1.0,0,A,0
64,64,1.0,0,A,0
64,65,1.0,1,B,1
64,66,0.0,2,C,0
64,67,1.0,2,C,2
64,68,1.0,3,D,3
64,69,1.0,0,A,0
64,70,1.0,1,B,1
64,71,0.0,1,B,4
64,72,0.0,1,B,0
64,73,1.0,2,C,2
64,74,0.0,3,D,4
64,75,0.0,1,B,3
64,76,1.0,1,B,1
64,77,0.0,2,C,3
64,78,0.0,1,B,0
64,79,0.0,2,C,3
64,80,0.0,1,B,2
64,81,0.0,1,B,0
64,82,1.0,1,B,1
64,83,0.0,0,A,3
64,84,0.0,3,D,4
64,85,1.0,0,A,0
64,86,1.0,2,C,2
64,87,1.0,1,B,1
68,0,1.0,4,E,4
68,1,0.0,1,B,3
68,2,1.0,3,D,3
68,3,0.0,1,B,4
68,4,0.0,0,A,4
68,5,0.0,1,B,3
68,6,1.0,0,A,0
68,7,0.0,0,A,3
68,8,0.0,0,A,2
68,9,1.0,4,E,4
68,10,1.0,3,D,3
68,11,0.0,1,B,2
68,12,1.0,2,C,2
68,13,0.0,2,C,4
68,14,1.0,2,C,2
68,15,1.0,3,D,3
68,16,0.0,2,C,4
68,17,1.0,3,D,3
68,18,1.0,0,A,0
68,19,0.0,2,C,0
68,20,1.0,1,B,1
68,21,1.0,0,A,0
68,22,1.0,3,D,3
68,23,1.0,2,C,2
68,24,0.0,1,B,2
68,25,1.0,2,C,2
68,26,0.0,0,A,2
68,27,0.0,1,B,4
68,28,1.0,0,A,0
68,29,1.0,1,B,1
68,30,0.0,0,A,4
68,31,1.0,1,B,1
68,32,1.0,1,B,1
68,33,0.0,2,C,0
68,34,1.0,3,D,3
68,35,1.0,2,C,2
68,36,0.0,1,B,4
68,37,1.0,2,C,2
68,38,1.0,3,D,3
68,39,0.0,1,B,0
68,40,1.0,4,E,4
68,41,1.0,3,D,3
68,42,0.0,1,B,3
68,43,0.0,2,C,0
68,44,1.0,3,D,3
68,45,1.0,1,B,1
68,46,1.0,1,B,1
68,47,1.0,4,E,4
68,48,1.0,2,C,2
68,49,1.0,4,E,4
68,50,0.0,1,B,3
68,51,1.0,1,B,1
68,52,1.0,2,C,2
68,53,1.0,0,A,0
68,54,1.0,4,E,4
68,55,1.0,4,E,4
68,56,1.0,1,B,1
68,57,0.0,3,D,0
68,58,1.0,2,C,2
68,59,0.0,2,C,1
68,60,1.0,0,A,0
68,61,1.0,2,C,2
68,62,1.0,2,C,2
68,63,1.0,0,A,0
68,64,1.0,0,A,0
68,65,1.0,1,B,1
68,66,0.0,2,C,0
68,67,1.0,2,C,2
68,68,1.0,3,D,3
68,69,1.0,0,A,0
68,70,1.0,1,B,1
68,71,0.0,1,B,4
68,72,0.0,1,B,0
68,73,1.0,2,C,2
68,74,0.0,3,D,4
68,75,0.0,1,B,3
68,76,1.0,1,B,1
68,77,0.0,2,C,3
68,78,0.0,1,B,0
68,79,0.0,2,C,3
68,80,0.0,1,B,2
68,81,0.0,1,B,0
68,82,1.0,1,B,1
68,83,0.0,0,A,3
68,84,0.0,3,D,4
68,85,1.0,0,A,0
68,86,1.0,2,C,2
68,87,1.0,1,B,1
72,0,1.0,4,E,4
72,1,0.0,1,B,3
72,2,1.0,3,D,3
72,3,0.0,1,B,4
72,4,0.0,0,A,4
72,5,0.0,1,B,3
72,6,1.0,0,A,0
72,7,0.0,0,A,3
72,8,0.0,0,A,2
72,9,1.0,4,E,4
72,10,1.0,3,D,3
72,11,0.0,1,B,2
72,12,1.0,2,C,2
72,13,0.0,2,C,4
72,14,1.0,2,C,2
72,15,1.0,3,D,3
72,16,0.0,2,C,4
72,17,1.0,3,D,3
72,18,1.0,0,A,0
72,19,0.0,2,C,0
72,20,1.0,1,B,1
72,21,1.0,0,A,0
72,22,1.0,3,D,3
72,23,1.0,2,C,2
72,24,0.0,1,B,2
72,25,1.0,2,C,2
72,26,0.0,0,A,2
72,27,0.0,1,B,4
72,28,1.0,0,A,0
72,29,1.0,1,B,1
72,30,0.0,0,A,4
72,31,1.0,1,B,1
72,32,1.0,1,B,1
72,33,0.0,2,C,0
72,34,1.0,3,D,3
72,35,1.0,2,C,2
72,36,0.0,1,B,4
72,37,1.0,2,C,2
72,38,1.0,3,D,3
72,39,0.0,1,B,0
72,40,1.0,4,E,4
72,41,1.0,3,D,3
72,42,0.0,1,B,3
72,43,0.0,2,C,0
72,44,1.0,3,D,3
72,45,1.0,1,B,1
72,46,1.0,1,B,1
72,47,1.0,4,E,4
72,48,1.0,2,C,2
72,49,1.0,4,E,4
72,50,0.0,1,B,3
72,51,1.0,1,B,1
72,52,1.0,2,C,2
72,53,1.0,0,A,0
72,54,1.0,4,E,4
72,55,1.0,4,E,4
72,56,1.0,1,B,1
72,57,0.0,3,D,0
72,58,1.0,2,C,2
72,59,0.0,2,C,1
72,60,1.0,0,A,0
72,61,1.0,2,C,2
72,62,1.0,2,C,2
72,63,1.0,0,A,0
72,64,1.0,0,A,0
72,65,1.0,1,B,1
72,66,0.0,2,C,0
72,67,1.0,2,C,2
72,68,1.0,3,D,3
72,69,1.0,0,A,0
72,70,1.0,1,B,1
72,71,0.0,1,B,4
72,72,0.0,1,B,0
72,73,1.0,2,C,2
72,74,0.0,3,D,4
72,75,0.0,1,B,3
72,76,1.0,1,B,1
72,77,0.0,2,C,3
72,78,0.0,1,B,0
72,79,0.0,2,C,3
72,80,0.0,1,B,2
72,81,0.0,1,B,0
72,82,1.0,1,B,1
72,83,0.0,0,A,3
72,84,0.0,3,D,4
72,85,1.0,0,A,0
72,86,1.0,2,C,2
72,87,1.0,1,B,1
76,0,1.0,4,E,4
76,1,0.0,1,B,3
76,2,1.0,3,D,3
76,3,0.0,1,B,4
76,4,0.0,0,A,4
76,5,0.0,1,B,3
76,6,1.0,0,A,0
76,7,0.0,0,A,3
76,8,0.0,0,A,2
76,9,1.0,4,E,4
76,10,1.0,3,D,3
76,11,0.0,1,B,2
76,12,1.0,2,C,2
76,13,0.0,2,C,4
76,14,1.0,2,C,2
76,15,1.0,3,D,3
76,16,0.0,2,C,4
76,17,1.0,3,D,3
76,18,1.0,0,A,0
76,19,0.0,2,C,0
76,20,1.0,1,B,1
76,21,1.0,0,A,0
76,22,1.0,3,D,3
76,23,1.0,2,C,2
76,24,0.0,1,B,2
76,25,1.0,2,C,2
76,26,0.0,0,A,2
76,27,0.0,1,B,4
76,28,1.0,0,A,0
76,29,1.0,1,B,1
76,30,0.0,0,A,4
76,31,1.0,1,B,1
76,32,1.0,1,B,1
76,33,0.0,2,C,0
76,34,1.0,3,D,3
76,35,1.0,2,C,2
76,36,0.0,1,B,4
76,37,1.0,2,C,2
76,38,1.0,3,D,3
76,39,0.0,1,B,0
76,40,1.0,4,E,4
76,41,1.0,3,D,3
76,42,0.0,1,B,3
76,43,0.0,2,C,0
76,44,1.0,3,D,3
76,45,1.0,1,B,1
76,46,1.0,1,B,1
76,47,1.0,4,E,4
76,48,1.0,2,C,2
76,49,1.0,4,E,4
76,50,0.0,1,B,3
76,51,1.0,1,B,1
76,52,1.0,2,C,2
76,53,1.0,0,A,0
76,54,1.0,4,E,4
76,55,1.0,4,E,4
76,56,1.0,1,B,1
76,57,0.0,3,D,0
76,58,1.0,2,C,2
76,59,0.0,2,C,1
76,60,1.0,0,A,0
76,61,1.0,2,C,2
76,62,1.0,2,C,2
76,63,1.0,0,A,0
76,64,1.0,0,A,0
76,65,1.0,1,B,1
76,66,0.0,2,C,0
76,67,1.0,2,C,2
76,68,1.0,3,D,3
76,69,1.0,0,A,0
76,70,1.0,1,B,1
76,71,0.0,1,B,4
76,72,0.0,1,B,0
76,73,1.0,2,C,2
76,74,0.0,3,D,4
76,75,0.0,1,B,3
76,76,1.0,1,B,1
76,77,0.0,2,C,3
76,78,0.0,1,B,0
76,79,0.0,2,C,3
76,80,0.0,1,B,2
76,81,0.0,1,B,0
76,82,1.0,1,B,1
76,83,0.0,0,A,3
76,84,0.0,3,D,4
76,85,1.0,0,A,0
76,86,1.0,2,C,2
76,87,1.0,1,B,1
80,0,1.0,4,E,4
80,1,0.0,1,B,3
80,2,1.0,3,D,3
80,3,0.0,1,B,4
80,4,0.0,0,A,4
80,5,0.0,1,B,3
80,6,1.0,0,A,0
80,7,0.0,0,A,3
80,8,0.0,0,A,2
80,9,1.0,4,E,4
80,10,1.0,3,D,3
80,11,0.0,1,B,2
80,12,1.0,2,C,2
80,13,0.0,2,C,4
80,14,1.0,2,C,2
80,15,1.0,3,D,3
80,16,0.0,2,C,4
80,17,1.0,3,D,3
80,18,1.0,0,A,0
80,19,0.0,2,C,0
80,20,1.0,1,B,1
80,21,1.0,0,A,0
80,22,1.0,3,D,3
80,23,1.0,2,C,2
80,24,0.0,1,B,2
80,25,1.0,2,C,2
80,26,0.0,0,A,2
80,27,0.0,1,B,4
80,28,1.0,0,A,0
80,29,1.0,1,B,1
80,30,0.0,0,A,4
80,31,1.0,1,B,1
80,32,1.0,1,B,1
80,33,0.0,2,C,0
80,34,1.0,3,D,3
80,35,1.0,2,C,2
80,36,0.0,1,B,4
80,37,1.0,2,C,2
80,38,1.0,3,D,3
80,39,0.0,1,B,0
80,40,1.0,4,E,4
80,41,1.0,3,D,3
80,42,0.0,1,B,3
80,43,0.0,2,C,0
80,44,1.0,3,D,3
80,45,1.0,1,B,1
80,46,1.0,1,B,1
80,47,1.0,4,E,4
80,48,1.0,2,C,2
80,49,1.0,4,E,4
80,50,0.0,1,B,3
80,51,1.0,1,B,1
80,52,1.0,2,C,2
80,53,1.0,0,A,0
80,54,1.0,4,E,4
80,55,1.0,4,E,4
80,56,1.0,1,B,1
80,57,0.0,3,D,0
80,58,1.0,2,C,2
80,59,0.0,2,C,1
80,60,1.0,0,A,0
80,61,1.0,2,C,2
80,62,1.0,2,C,2
80,63,1.0,0,A,0
80,64,1.0,0,A,0
80,65,1.0,1,B,1
80,66,0.0,2,C,0
80,67,1.0,2,C,2
80,68,1.0,3,D,3
80,69,1.0,0,A,0
80,70,1.0,1,B,1
80,71,0.0,1,B,4
80,72,0.0,1,B,0
80,73,1.0,2,C,2
80,74,0.0,3,D,4
80,75,0.0,1,B,3
80,76,1.0,1,B,1
80,77,0.0,2,C,3
80,78,0.0,1,B,0
80,79,0.0,2,C,3
80,80,0.0,1,B,2
80,81,0.0,1,B,0
80,82,1.0,1,B,1
80,83,0.0,0,A,3
80,84,0.0,3,D,4
80,85,1.0,0,A,0
80,86,1.0,2,C,2
80,87,1.0,1,B,1
84,0,1.0,4,E,4
84,1,0.0,1,B,3
84,2,1.0,3,D,3
84,3,0.0,1,B,4
84,4,0.0,0,A,4
84,5,0.0,1,B,3
84,6,1.0,0,A,0
84,7,0.0,0,A,3
84,8,0.0,0,A,2
84,9,1.0,4,E,4
84,10,1.0,3,D,3
84,11,0.0,1,B,2
84,12,1.0,2,C,2
84,13,0.0,2,C,4
84,14,1.0,2,C,2
84,15,1.0,3,D,3
84,16,0.0,2,C,4
84,17,1.0,3,D,3
84,18,1.0,0,A,0
84,19,0.0,2,C,0
84,20,1.0,1,B,1
84,21,1.0,0,A,0
84,22,1.0,3,D,3
84,23,1.0,2,C,2
84,24,0.0,1,B,2
84,25,1.0,2,C,2
84,26,0.0,0,A,2
84,27,0.0,1,B,4
84,28,1.0,0,A,0
84,29,1.0,1,B,1
84,30,0.0,0,A,4
84,31,1.0,1,B,1
84,32,1.0,1,B,1
84,33,0.0,2,C,0
84,34,1.0,3,D,3
84,35,1.0,2,C,2
84,36,0.0,1,B,4
84,37,1.0,2,C,2
84,38,1.0,3,D,3
84,39,0.0,1,B,0
84,40,1.0,4,E,4
84,41,1.0,3,D,3
84,42,0.0,1,B,3
84,43,0.0,2,C,0
84,44,1.0,3,D,3
84,45,1.0,1,B,1
84,46,1.0,1,B,1
84,47,1.0,4,E,4
84,48,1.0,2,C,2
84,49,1.0,4,E,4
84,50,0.0,1,B,3
84,51,1.0,1,B,1
84,52,1.0,2,C,2
84,53,1.0,0,A,0
84,54,1.0,4,E,4
84,55,1.0,4,E,4
84,56,1.0,1,B,1
84,57,0.0,3,D,0
84,58,1.0,2,C,2
84,59,0.0,2,C,1
84,60,1.0,0,A,0
84,61,1.0,2,C,2
84,62,1.0,2,C,2
84,63,1.0,0,A,0
84,64,1.0,0,A,0
84,65,1.0,1,B,1
84,66,0.0,2,C,0
84,67,1.0,2,C,2
84,68,1.0,3,D,3
84,69,1.0,0,A,0
84,70,1.0,1,B,1
84,71,0.0,1,B,4
84,72,0.0,1,B,0
84,73,1.0,2,C,2
84,74,0.0,3,D,4
84,75,0.0,1,B,3
84,76,1.0,1,B,1
84,77,0.0,2,C,3
84,78,0.0,1,B,0
84,79,0.0,2,C,3
84,80,0.0,1,B,2
84,81,0.0,1,B,0
84,82,1.0,1,B,1
84,83,0.0,0,A,3
84,84,0.0,3,D,4
84,85,1.0,0,A,0
84,86,1.0,2,C,2
84,87,1.0,1,B,1
88,0,1.0,4,E,4
88,1,0.0,1,B,3
88,2,1.0,3,D,3
88,3,0.0,1,B,4
88,4,0.0,0,A,4
88,5,0.0,1,B,3
88,6,1.0,0,A,0
88,7,0.0,0,A,3
88,8,0.0,0,A,2
88,9,1.0,4,E,4
88,10,1.0,3,D,3
88,11,0.0,1,B,2
88,12,1.0,2,C,2
88,13,0.0,2,C,4
88,14,1.0,2,C,2
88,15,1.0,3,D,3
88,16,0.0,2,C,4
88,17,1.0,3,D,3
88,18,1.0,0,A,0
88,19,0.0,2,C,0
88,20,1.0,1,B,1
88,21,1.0,0,A,0
88,22,1.0,3,D,3
88,23,1.0,2,C,2
88,24,0.0,1,B,2
88,25,1.0,2,C,2
88,26,0.0,0,A,2
88,27,0.0,1,B,4
88,28,1.0,0,A,0
88,29,1.0,1,B,1
88,30,0.0,0,A,4
88,31,1.0,1,B,1
88,32,1.0,1,B,1
88,33,0.0,2,C,0
88,34,1.0,3,D,3
88,35,1.0,2,C,2
88,36,0.0,1,B,4
88,37,1.0,2,C,2
88,38,1.0,3,D,3
88,39,0.0,1,B,0
88,40,1.0,4,E,4
88,41,1.0,3,D,3
88,42,0.0,1,B,3
88,43,0.0,2,C,0
88,44,1.0,3,D,3
88,45,1.0,1,B,1
88,46,1.0,1,B,1
88,47,1.0,4,E,4
88,48,1.0,2,C,2
88,49,1.0,4,E,4
88,50,0.0,1,B,3
88,51,1.0,1,B,1
88,52,1.0,2,C,2
88,53,1.0,0,A,0
88,54,1.0,4,E,4
88,55,1.0,4,E,4
88,56,1.0,1,B,1
88,57,0.0,3,D,0
88,58,1.0,2,C,2
88,59,0.0,2,C,1
88,60,1.0,0,A,0
88,61,1.0,2,C,2
88,62,1.0,2,C,2
88,63,1.0,0,A,0
88,64,1.0,0,A,0
88,65,1.0,1,B,1
88,66,0.0,2,C,0
88,67,1.0,2,C,2
88,68,1.0,3,D,3
88,69,1.0,0,A,0
88,70,1.0,1,B,1
88,71,0.0,1,B,4
88,72,0.0,1,B,0
88,73,1.0,2,C,2
88,74,0.0,3,D,4
88,75,0.0,1,B,3
88,76,1.0,1,B,1
88,77,0.0,2,C,3
88,78,0.0,1,B,0
88,79,0.0,2,C,3
88,80,0.0,1,B,2
88,81,0.0,1,B,0
88,82,1.0,1,B,1
88,83,0.0,0,A,3
88,84,0.0,3,D,4
88,85,1.0,0,A,0
88,86,1.0,2,C,2
88,87,1.0,1,B,1
92,0,1.0,4,E,4
92,1,0.0,1,B,3
92,2,1.0,3,D,3
92,3,0.0,1,B,4
92,4,0.0,0,A,4
92,5,0.0,1,B,3
92,6,1.0,0,A,0
92,7,0.0,0,A,3
92,8,0.0,0,A,2
92,9,1.0,4,E,4
92,10,1.0,3,D,3
92,11,0.0,1,B,2
92,12,1.0,2,C,2
92,13,0.0,2,C,4
92,14,1.0,2,C,2
92,15,1.0,3,D,3
92,16,0.0,2,C,4
92,17,1.0,3,D,3
92,18,1.0,0,A,0
92,19,0.0,2,C,0
92,20,1.0,1,B,1
92,21,1.0,0,A,0
92,22,1.0,3,D,3
92,23,1.0,2,C,2
92,24,0.0,1,B,2
92,25,1.0,2,C,2
92,26,0.0,0,A,2
92,27,0.0,1,B,4
92,28,1.0,0,A,0
92,29,1.0,1,B,1
92,30,0.0,0,A,4
92,31,1.0,1,B,1
92,32,1.0,1,B,1
92,33,0.0,2,C,0
92,34,1.0,3,D,3
92,35,1.0,2,C,2
92,36,0.0,1,B,4
92,37,1.0,2,C,2
92,38,1.0,3,D,3
92,39,0.0,1,B,0
92,40,1.0,4,E,4
92,41,1.0,3,D,3
92,42,0.0,1,B,3
92,43,0.0,2,C,0
92,44,1.0,3,D,3
92,45,1.0,1,B,1
92,46,1.0,1,B,1
92,47,1.0,4,E,4
92,48,1.0,2,C,2
92,49,1.0,4,E,4
92,50,0.0,1,B,3
92,51,1.0,1,B,1
92,52,1.0,2,C,2
92,53,1.0,0,A,0
92,54,1.0,4,E,4
92,55,1.0,4,E,4
92,56,1.0,1,B,1
92,57,0.0,3,D,0
92,58,1.0,2,C,2
92,59,0.0,2,C,1
92,60,1.0,0,A,0
92,61,1.0,2,C,2
92,62,1.0,2,C,2
92,63,1.0,0,A,0
92,64,1.0,0,A,0
92,65,1.0,1,B,1
92,66,0.0,2,C,0
92,67,1.0,2,C,2
92,68,1.0,3,D,3
92,69,1.0,0,A,0
92,70,1.0,1,B,1
92,71,0.0,1,B,4
92,72,0.0,1,B,0
92,73,1.0,2,C,2
92,74,0.0,3,D,4
92,75,0.0,1,B,3
92,76,1.0,1,B,1
92,77,0.0,2,C,3
92,78,0.0,1,B,0
92,79,0.0,2,C,3
92,80,0.0,1,B,2
92,81,0.0,1,B,0
92,82,1.0,1,B,1
92,83,0.0,0,A,3
92,84,0.0,3,D,4
92,85,1.0,0,A,0
92,86,1.0,2,C,2
92,87,1.0,1,B,1
96,0,1.0,4,E,4
96,1,0.0,1,B,3
96,2,1.0,3,D,3
96,3,0.0,1,B,4
96,4,0.0,0,A,4
96,5,0.0,1,B,3
96,6,1.0,0,A,0
96,7,0.0,0,A,3
96,8,0.0,0,A,2
96,9,1.0,4,E,4
96,10,1.0,3,D,3
96,11,0.0,1,B,2
96,12,1.0,2,C,2
96,13,0.0,2,C,4
96,14,1.0,2,C,2
96,15,1.0,3,D,3
96,16,0.0,2,C,4
96,17,1.0,3,D,3
96,18,1.0,0,A,0
96,19,0.0,2,C,0
96,20,1.0,1,B,1
96,21,1.0,0,A,0
96,22,1.0,3,D,3
96,23,1.0,2,C,2
96,24,0.0,1,B,2
96,25,1.0,2,C,2
96,26,0.0,0,A,2
96,27,0.0,1,B,4
96,28,1.0,0,A,0
96,29,1.0,1,B,1
96,30,0.0,0,A,4
96,31,1.0,1,B,1
96,32,1.0,1,B,1
96,33,0.0,2,C,0
96,34,1.0,3,D,3
96,35,1.0,2,C,2
96,36,0.0,1,B,4
96,37,1.0,2,C,2
96,38,1.0,3,D,3
96,39,0.0,1,B,0
96,40,1.0,4,E,4
96,41,1.0,3,D,3
96,42,0.0,1,B,3
96,43,0.0,2,C,0
96,44,1.0,3,D,3
96,45,1.0,1,B,1
96,46,1.0,1,B,1
96,47,1.0,4,E,4
96,48,1.0,2,C,2
96,49,1.0,4,E,4
96,50,0.0,1,B,3
96,51,1.0,1,B,1
96,52,1.0,2,C,2
96,53,1.0,0,A,0
96,54,1.0,4,E,4
96,55,1.0,4,E,4
96,56,1.0,1,B,1
96,57,0.0,3,D,0
96,58,1.0,2,C,2
96,59,0.0,2,C,1
96,60,1.0,0,A,0
96,61,1.0,2,C,2
96,62,1.0,2,C,2
96,63,1.0,0,A,0
96,64,1.0,0,A,0
96,65,1.0,1,B,1
96,66,0.0,2,C,0
96,67,1.0,2,C,2
96,68,1.0,3,D,3
96,69,1.0,0,A,0
96,70,1.0,1,B,1
96,71,0.0,1,B,4
96,72,0.0,1,B,0
96,73,1.0,2,C,2
96,74,0.0,3,D,4
96,75,0.0,1,B,3
96,76,1.0,1,B,1
96,77,0.0,2,C,3
96,78,0.0,1,B,0
96,79,0.0,2,C,3
96,80,0.0,1,B,2
96,81,0.0,1,B,0
96,82,1.0,1,B,1
96,83,0.0,0,A,3
96,84,0.0,3,D,4
96,85,1.0,0,A,0
96,86,1.0,2,C,2
96,87,1.0,1,B,1
100,0,1.0,4,E,4
100,1,0.0,1,B,3
100,2,1.0,3,D,3
100,3,0.0,1,B,4
100,4,0.0,0,A,4
100,5,0.0,1,B,3
100,6,1.0,0,A,0
100,7,0.0,0,A,3
100,8,0.0,0,A,2
100,9,1.0,4,E,4
100,10,1.0,3,D,3
100,11,0.0,1,B,2
100,12,1.0,2,C,2
100,13,0.0,2,C,4
100,14,1.0,2,C,2
100,15,1.0,3,D,3
100,16,0.0,2,C,4
100,17,1.0,3,D,3
100,18,1.0,0,A,0
100,19,0.0,2,C,0
100,20,1.0,1,B,1
100,21,1.0,0,A,0
100,22,1.0,3,D,3
100,23,1.0,2,C,2
100,24,0.0,1,B,2
100,25,1.0,2,C,2
100,26,0.0,0,A,2
100,27,0.0,1,B,4
100,28,1.0,0,A,0
100,29,1.0,1,B,1
100,30,0.0,0,A,4
100,31,1.0,1,B,1
100,32,1.0,1,B,1
100,33,0.0,2,C,0
100,34,1.0,3,D,3
100,35,1.0,2,C,2
100,36,0.0,1,B,4
100,37,1.0,2,C,2
100,38,1.0,3,D,3
100,39,0.0,1,B,0
100,40,1.0,4,E,4
100,41,1.0,3,D,3
100,42,0.0,1,B,3
100,43,0.0,2,C,0
100,44,1.0,3,D,3
100,45,1.0,1,B,1
100,46,1.0,1,B,1
100,47,1.0,4,E,4
100,48,1.0,2,C,2
100,49,1.0,4,E,4
100,50,0.0,1,B,3
100,51,1.0,1,B,1
100,52,1.0,2,C,2
100,53,1.0,0,A,0
100,54,1.0,4,E,4
100,55,1.0,4,E,4
100,56,1.0,1,B,1
100,57,0.0,3,D,0
100,58,1.0,2,C,2
100,59,0.0,2,C,1
100,60,1.0,0,A,0
100,61,1.0,2,C,2
100,62,1.0,2,C,2
100,63,1.0,0,A,0
100,64,1.0,0,A,0
100,65,1.0,1,B,1
100,66,0.0,2,C,0
100,67,1.0,2,C,2
100,68,1.0,3,D,3
100,69,1.0,0,A,0
100,70,1.0,1,B,1
100,71,0.0,1,B,4
100,72,0.0,1,B,0
100,73,1.0,2,C,2
100,74,0.0,3,D,4
100,75,0.0,1,B,3
100,76,1.0,1,B,1
100,77,0.0,2,C,3
100,78,0.0,1,B,0
100,79,0.0,2,C,3
100,80,0.0,1,B,2
100,81,0.0,1,B,0
100,82,1.0,1,B,1
100,83,0.0,0,A,3
100,84,0.0,3,D,4
100,85,1.0,0,A,0
100,86,1.0,2,C,2
100,87,1.0,1,B,1
