step,probe_index,mcqa_accuracy,predicted_idx,predicted_label,correct_idx
0,0,0.0,2,C,0
0,1,0.0,3,D,0
0,2,0.0,1,B,2
0,3,1.0,2,C,2
0,4,1.0,4,E,4
0,5,1.0,0,A,0
0,6,0.0,1,B,0
0,7,1.0,3,D,3
0,8,1.0,2,C,2
0,9,1.0,4,E,4
0,10,1.0,4,E,4
0,11,0.0,4,E,2
0,12,0.0,4,E,0
0,13,0.0,3,D,2
0,14,0.0,4,E,3
0,15,0.0,4,E,2
0,16,1.0,2,C,2
0,17,0.0,4,E,2
0,18,0.0,3,D,4
0,19,0.0,1,B,2
0,20,1.0,3,D,3
0,21,0.0,0,A,1
0,22,0.0,1,B,3
0,23,0.0,1,B,2
0,24,1.0,0,A,0
0,25,0.0,4,E,3
0,26,0.0,2,C,0
0,27,0.0,3,D,4
0,28,0.0,3,D,4
0,29,0.0,0,A,1
0,30,1.0,3,D,3
0,31,1.0,4,E,4
0,32,1.0,3,D,3
0,33,0.0,4,E,3
0,34,0.0,4,E,3
0,35,0.0,0,A,1
0,36,1.0,2,C,2
0,37,1.0,0,A,0
0,38,1.0,4,E,4
0,39,0.0,0,A,3
0,40,1.0,0,A,0
0,41,0.0,3,D,1
0,42,1.0,1,B,1
0,43,1.0,4,E,4
0,44,1.0,3,D,3
0,45,0.0,1,B,0
0,46,1.0,3,D,3
0,47,0.0,3,D,2
0,48,0.0,2,C,4
0,49,0.0,2,C,1
0,50,0.0,2,C,3
0,51,1.0,0,A,0
0,52,1.0,3,D,3
0,53,0.0,0,A,4
0,54,0.0,2,C,0
0,55,0.0,2,C,3
0,56,0.0,3,D,1
0,57,0.0,2,C,0
0,58,0.0,3,D,1
0,59,0.0,2,C,0
0,60,1.0,1,B,1
0,61,0.0,2,C,0
0,62,0.0,2,C,1
0,63,0.0,1,B,2
0,64,0.0,3,D,4
0,65,0.0,3,D,0
0,66,0.0,1,B,2
0,67,0.0,4,E,1
0,68,1.0,0,A,0
0,69,0.0,0,A,2
0,70,0.0,0,A,3
0,71,0.0,1,B,2
0,72,0.0,0,A,2
0,73,0.0,3,D,0
0,74,0.0,2,C,3
0,75,1.0,4,E,4
0,76,0.0,4,E,2
0,77,0.0,0,A,1
0,78,0.0,4,E,3
0,79,0.0,2,C,3
0,80,1.0,3,D,3
0,81,0.0,2,C,3
0,82,1.0,3,D,3
0,83,0.0,2,C,4
0,84,1.0,2,C,2
0,85,0.0,4,E,2
0,86,0.0,4,E,2
0,87,0.0,2,C,1
0,88,1.0,2,C,2
0,89,0.0,3,D,0
0,90,0.0,1,B,4
0,91,1.0,2,C,2
0,92,0.0,4,E,3
0,93,0.0,0,A,1
0,94,1.0,1,B,1
0,95,0.0,2,C,3
0,96,0.0,3,D,1
0,97,0.0,2,C,4
0,98,0.0,2,C,0
0,99,1.0,2,C,2
0,100,0.0,4,E,3
0,101,0.0,1,B,2
0,102,0.0,1,B,0
0,103,1.0,1,B,1
0,104,0.0,1,B,4
0,105,0.0,1,B,3
0,106,0.0,4,E,3
0,107,0.0,2,C,1
0,108,1.0,2,C,2
0,109,0.0,3,D,0
0,110,0.0,2,C,4
0,111,0.0,1,B,0
0,112,1.0,1,B,1
0,113,1.0,4,E,4
0,114,0.0,4,E,0
0,115,1.0,2,C,2
0,116,0.0,3,D,1
0,117,0.0,2,C,3
0,118,0.0,3,D,1
0,119,0.0,4,E,1
0,120,1.0,4,E,4
0,121,0.0,2,C,3
0,122,1.0,1,B,1
0,123,0.0,2,C,0
0,124,0.0,0,A,2
0,125,0.0,1,B,4
0,126,0.0,2,C,4
0,127,0.0,2,C,4
0,128,0.0,1,B,2
0,129,1.0,2,C,2
0,130,0.0,1,B,4
0,131,0.0,0,A,3
0,132,1.0,3,D,3
0,133,1.0,2,C,2
0,134,0.0,3,D,2
0,135,0.0,1,B,2
0,136,0.0,4,E,2
0,137,0.0,1,B,2
0,138,0.0,2,C,0
0,139,0.0,2,C,4
0,140,0.0,0,A,3
0,141,1.0,3,D,3
0,142,0.0,0,A,1
0,143,0.0,3,D,0
0,144,0.0,2,C,3
0,145,0.0,4,E,3
0,146,0.0,4,E,1
0,147,0.0,4,E,2
0,148,0.0,2,C,4
0,149,1.0,4,E,4
0,150,0.0,3,D,1
0,151,0.0,4,E,0
0,152,0.0,2,C,0
0,153,0.0,3,D,2
0,154,0.0,1,B,0
0,155,0.0,2,C,3
0,156,0.0,2,C,1
0,157,0.0,3,D,1
0,158,0.0,0,A,4
0,159,1.0,2,C,2
0,160,0.0,1,B,2
0,161,0.0,1,B,4
0,162,1.0,2,C,2
0,163,0.0,4,E,1
0,164,1.0,0,A,0
0,165,0.0,2,C,4
0,166,0.0,4,E,3
0,167,0.0,3,D,0
0,168,0.0,1,B,0
0,169,0.0,3,D,0
0,170,0.0,3,D,0
0,171,1.0,3,D,3
0,172,0.0,4,E,3
0,173,0.0,3,D,0
0,174,0.0,0,A,1
0,175,0.0,0,A,1
0,176,1.0,4,E,4
0,177,0.0,0,A,4
0,178,1.0,1,B,1
0,179,1.0,2,C,2
0,180,0.0,4,E,0
0,181,1.0,4,E,4
0,182,1.0,2,C,2
0,183,0.0,2,C,1
0,184,0.0,2,C,1
0,185,0.0,4,E,2
0,186,0.0,0,A,1
0,187,0.0,2,C,0
0,188,0.0,4,E,0
0,189,0.0,2,C,4
0,190,0.0,1,B,3
0,191,0.0,1,B,2
0,192,0.0,4,E,1
0,193,0.0,2,C,1
0,194,1.0,2,C,2
0,195,0.0,2,C,4
0,196,1.0,0,A,0
0,197,1.0,2,C,2
0,198,0.0,2,C,1
0,199,0.0,3,D,2
0,200,0.0,3,D,1
0,201,0.0,0,A,2
0,202,0.0,2,C,3
0,203,0.0,1,B,4
0,204,0.0,0,A,4
0,205,0.0,1,B,4
0,206,0.0,2,C,1
0,207,0.0,4,E,1
0,208,0.0,2,C,0
0,209,0.0,1,B,2
0,210,0.0,2,C,4
0,211,1.0,2,C,2
0,212,0.0,1,B,2
0,213,0.0,2,C,4
0,214,0.0,2,C,3
0,215,0.0,2,C,0
0,216,1.0,3,D,3
0,217,1.0,2,C,2
0,218,1.0,0,A,0
0,219,0.0,1,B,2
0,220,0.0,3,D,4
0,221,0.0,4,E,1
0,222,0.0,2,C,3
0,223,1.0,2,C,2
0,224,0.0,0,A,2
0,225,0.0,0,A,1
0,226,0.0,0,A,2
0,227,0.0,0,A,1
0,228,0.0,3,D,4
0,229,1.0,0,A,0
0,230,1.0,1,B,1
0,231,0.0,4,E,2
0,232,0.0,3,D,0
0,233,0.0,2,C,0
0,234,0.0,2,C,1
0,235,1.0,4,E,4
0,236,0.0,0,A,1
0,237,0.0,2,C,0
0,238,1.0,4,E,4
0,239,0.0,2,C,3
0,240,0.0,4,E,3
0,241,0.0,1,B,4
0,242,0.0,1,B,0
0,243,1.0,3,D,3
0,244,0.0,1,B,0
0,245,0.0,2,C,4
0,246,0.0,0,A,2
0,247,0.0,1,B,4
0,248,0.0,0,A,1
0,249,1.0,4,E,4
0,250,0.0,3,D,0
0,251,1.0,4,E,4
0,252,0.0,0,A,4
0,253,0.0,1,B,0
0,254,1.0,1,B,1
0,255,0.0,1,B,3
0,256,1.0,2,C,2
0,257,0.0,2,C,1
0,258,0.0,4,E,0
0,259,1.0,2,C,2
0,260,0.0,4,E,1
0,261,0.0,1,B,4
0,262,0.0,2,C,3
0,263,1.0,3,D,3
0,264,1.0,4,E,4
0,265,1.0,2,C,2
0,266,0.0,4,E,3
0,267,1.0,2,C,2
0,268,0.0,4,E,1
0,269,0.0,2,C,4
0,270,0.0,0,A,2
0,271,0.0,2,C,0
0,272,0.0,2,C,3
0,273,0.0,3,D,2
0,274,0.0,4,E,0
0,275,0.0,4,E,3
0,276,0.0,2,C,3
0,277,0.0,2,C,4
0,278,0.0,2,C,0
0,279,0.0,0,A,4
0,280,0.0,2,C,3
0,281,0.0,3,D,4
0,282,1.0,4,E,4
0,283,0.0,0,A,3
0,284,0.0,1,B,2
0,285,0.0,1,B,3
0,286,0.0,4,E,3
0,287,0.0,1,B,3
0,288,0.0,4,E,2
0,289,0.0,2,C,4
0,290,1.0,3,D,3
0,291,0.0,2,C,0
0,292,0.0,3,D,4
0,293,1.0,3,D,3
0,294,0.0,2,C,1
0,295,0.0,1,B,3
0,296,0.0,1,B,0
0,297,0.0,1,B,0
4,0,0.0,2,C,0
4,1,0.0,3,D,0
4,2,0.0,1,B,2
4,3,1.0,2,C,2
4,4,0.0,3,D,4
4,5,0.0,3,D,0
4,6,0.0,1,B,0
4,7,1.0,3,D,3
4,8,1.0,2,C,2
4,9,0.0,3,D,4
4,10,1.0,4,E,4
4,11,0.0,4,E,2
4,12,0.0,4,E,0
4,13,0.0,0,A,2
4,14,0.0,4,E,3
4,15,0.0,4,E,2
4,16,1.0,2,C,2
4,17,0.0,0,A,2
4,18,0.0,3,D,4
4,19,0.0,1,B,2
4,20,1.0,3,D,3
4,21,0.0,0,A,1
4,22,0.0,1,B,3
4,23,0.0,1,B,2
4,24,1.0,0,A,0
4,25,0.0,4,E,3
4,26,0.0,2,C,0
4,27,0.0,3,D,4
4,28,0.0,3,D,4
4,29,0.0,0,A,1
4,30,1.0,3,D,3
4,31,1.0,4,E,4
4,32,1.0,3,D,3
4,33,0.0,4,E,3
4,34,0.0,4,E,3
4,35,0.0,0,A,1
4,36,1.0,2,C,2
4,37,1.0,0,A,0
4,38,0.0,0,A,4
4,39,0.0,0,A,3
4,40,1.0,0,A,0
4,41,0.0,3,D,1
4,42,1.0,1,B,1
4,43,1.0,4,E,4
4,44,1.0,3,D,3
4,45,0.0,1,B,0
4,46,1.0,3,D,3
4,47,0.0,1,B,2
4,48,0.0,2,C,4
4,49,0.0,2,C,1
4,50,0.0,2,C,3
4,51,1.0,0,A,0
4,52,1.0,3,D,3
4,53,0.0,0,A,4
4,54,0.0,2,C,0
4,55,0.0,2,C,3
4,56,0.0,3,D,1
4,57,0.0,2,C,0
4,58,0.0,3,D,1
4,59,0.0,2,C,0
4,60,1.0,1,B,1
4,61,0.0,2,C,0
4,62,0.0,2,C,1
4,63,0.0,1,B,2
4,64,0.0,3,D,4
4,65,0.0,3,D,0
4,66,0.0,1,B,2
4,67,0.0,4,E,1
4,68,0.0,3,D,0
4,69,0.0,0,A,2
4,70,0.0,0,A,3
4,71,0.0,0,A,2
4,72,0.0,0,A,2
4,73,0.0,3,D,0
4,74,0.0,2,C,3
4,75,1.0,4,E,4
4,76,0.0,4,E,2
4,77,0.0,0,A,1
4,78,0.0,4,E,3
4,79,0.0,2,C,3
4,80,1.0,3,D,3
4,81,0.0,2,C,3
4,82,1.0,3,D,3
4,83,0.0,2,C,4
4,84,0.0,0,A,2
4,85,0.0,4,E,2
4,86,0.0,4,E,2
4,87,0.0,2,C,1
4,88,1.0,2,C,2
4,89,0.0,3,D,0
4,90,0.0,1,B,4
4,91,1.0,2,C,2
4,92,0.0,4,E,3
4,93,0.0,0,A,1
4,94,1.0,1,B,1
4,95,0.0,2,C,3
4,96,0.0,3,D,1
4,97,0.0,2,C,4
4,98,0.0,2,C,0
4,99,1.0,2,C,2
4,100,0.0,4,E,3
4,101,0.0,1,B,2
4,102,0.0,1,B,0
4,103,1.0,1,B,1
4,104,0.0,1,B,4
4,105,0.0,1,B,3
4,106,0.0,4,E,3
4,107,0.0,2,C,1
4,108,1.0,2,C,2
4,109,0.0,3,D,0
4,110,0.0,2,C,4
4,111,0.0,1,B,0
4,112,1.0,1,B,1
4,113,1.0,4,E,4
4,114,0.0,4,E,0
4,115,1.0,2,C,2
4,116,0.0,3,D,1
4,117,0.0,2,C,3
4,118,0.0,3,D,1
4,119,0.0,4,E,1
4,120,1.0,4,E,4
4,121,0.0,2,C,3
4,122,1.0,1,B,1
4,123,0.0,2,C,0
4,124,0.0,0,A,2
4,125,0.0,1,B,4
4,126,0.0,3,D,4
4,127,0.0,1,B,4
4,128,0.0,1,B,2
4,129,1.0,2,C,2
4,130,0.0,1,B,4
4,131,0.0,0,A,3
4,132,1.0,3,D,3
4,133,1.0,2,C,2
4,134,0.0,3,D,2
4,135,0.0,0,A,2
4,136,0.0,4,E,2
4,137,0.0,1,B,2
4,138,0.0,2,C,0
4,139,0.0,2,C,4
4,140,0.0,0,A,3
4,141,1.0,3,D,3
4,142,0.0,0,A,1
4,143,0.0,3,D,0
4,144,1.0,3,D,3
4,145,0.0,4,E,3
4,146,0.0,4,E,1
4,147,0.0,4,E,2
4,148,0.0,2,C,4
4,149,1.0,4,E,4
4,150,0.0,3,D,1
4,151,0.0,4,E,0
4,152,0.0,2,C,0
4,153,0.0,3,D,2
4,154,0.0,1,B,0
4,155,0.0,2,C,3
4,156,0.0,2,C,1
4,157,0.0,3,D,1
4,158,0.0,0,A,4
4,159,1.0,2,C,2
4,160,0.0,1,B,2
4,161,0.0,1,B,4
4,162,1.0,2,C,2
4,163,0.0,4,E,1
4,164,1.0,0,A,0
4,165,0.0,2,C,4
4,166,0.0,4,E,3
4,167,0.0,3,D,0
4,168,0.0,1,B,0
4,169,0.0,3,D,0
4,170,0.0,3,D,0
4,171,0.0,4,E,3
4,172,0.0,4,E,3
4,173,0.0,3,D,0
4,174,0.0,0,A,1
4,175,0.0,0,A,1
4,176,1.0,4,E,4
4,177,0.0,0,A,4
4,178,1.0,1,B,1
4,179,1.0,2,C,2
4,180,0.0,4,E,0
4,181,1.0,4,E,4
4,182,1.0,2,C,2
4,183,0.0,2,C,1
4,184,0.0,2,C,1
4,185,1.0,2,C,2
4,186,0.0,0,A,1
4,187,0.0,2,C,0
4,188,0.0,4,E,0
4,189,0.0,2,C,4
4,190,0.0,1,B,3
4,191,0.0,1,B,2
4,192,0.0,4,E,1
4,193,0.0,2,C,1
4,194,1.0,2,C,2
4,195,0.0,2,C,4
4,196,1.0,0,A,0
4,197,1.0,2,C,2
4,198,0.0,2,C,1
4,199,0.0,3,D,2
4,200,0.0,3,D,1
4,201,0.0,0,A,2
4,202,0.0,2,C,3
4,203,0.0,1,B,4
4,204,0.0,0,A,4
4,205,0.0,1,B,4
4,206,0.0,2,C,1
4,207,0.0,4,E,1
4,208,1.0,0,A,0
4,209,0.0,1,B,2
4,210,0.0,2,C,4
4,211,1.0,2,C,2
4,212,0.0,1,B,2
4,213,0.0,2,C,4
4,214,0.0,2,C,3
4,215,0.0,2,C,0
4,216,1.0,3,D,3
4,217,1.0,2,C,2
4,218,1.0,0,A,0
4,219,0.0,1,B,2
4,220,0.0,3,D,4
4,221,0.0,4,E,1
4,222,0.0,2,C,3
4,223,1.0,2,C,2
4,224,0.0,0,A,2
4,225,0.0,0,A,1
4,226,0.0,0,A,2
4,227,0.0,0,A,1
4,228,0.0,3,D,4
4,229,1.0,0,A,0
4,230,1.0,1,B,1
4,231,0.0,4,E,2
4,232,0.0,3,D,0
4,233,0.0,2,C,0
4,234,0.0,2,C,1
4,235,1.0,4,E,4
4,236,0.0,0,A,1
4,237,0.0,2,C,0
4,238,1.0,4,E,4
4,239,0.0,2,C,3
4,240,0.0,4,E,3
4,241,0.0,1,B,4
4,242,0.0,1,B,0
4,243,1.0,3,D,3
4,244,0.0,1,B,0
4,245,0.0,2,C,4
4,246,0.0,0,A,2
4,247,0.0,1,B,4
4,248,0.0,0,A,1
4,249,1.0,4,E,4
4,250,0.0,3,D,0
4,251,1.0,4,E,4
4,252,0.0,0,A,4
4,253,0.0,1,B,0
4,254,1.0,1,B,1
4,255,0.0,1,B,3
4,256,1.0,2,C,2
4,257,0.0,2,C,1
4,258,0.0,4,E,0
4,259,1.0,2,C,2
4,260,0.0,4,E,1
4,261,0.0,1,B,4
4,262,0.0,2,C,3
4,263,1.0,3,D,3
4,264,1.0,4,E,4
4,265,1.0,2,C,2
4,266,0.0,4,E,3
4,267,1.0,2,C,2
4,268,0.0,4,E,1
4,269,0.0,2,C,4
4,270,0.0,0,A,2
4,271,0.0,2,C,0
4,272,0.0,2,C,3
4,273,0.0,3,D,2
4,274,0.0,4,E,0
4,275,0.0,4,E,3
4,276,0.0,2,C,3
4,277,0.0,2,C,4
4,278,0.0,2,C,0
4,279,0.0,0,A,4
4,280,0.0,2,C,3
4,281,0.0,3,D,4
4,282,1.0,4,E,4
4,283,0.0,0,A,3
4,284,0.0,1,B,2
4,285,0.0,1,B,3
4,286,0.0,4,E,3
4,287,0.0,1,B,3
4,288,0.0,4,E,2
4,289,0.0,2,C,4
4,290,1.0,3,D,3
4,291,0.0,2,C,0
4,292,0.0,3,D,4
4,293,1.0,3,D,3
4,294,0.0,2,C,1
4,295,0.0,1,B,3
4,296,0.0,1,B,0
4,297,0.0,1,B,0
8,0,0.0,3,D,0
8,1,0.0,3,D,0
8,2,0.0,1,B,2
8,3,1.0,2,C,2
8,4,0.0,3,D,4
8,5,0.0,3,D,0
8,6,0.0,1,B,0
8,7,0.0,2,C,3
8,8,1.0,2,C,2
8,9,0.0,3,D,4
8,10,0.0,2,C,4
8,11,0.0,4,E,2
8,12,0.0,2,C,0
8,13,1.0,2,C,2
8,14,0.0,2,C,3
8,15,0.0,3,D,2
8,16,0.0,1,B,2
8,17,0.0,0,A,2
8,18,0.0,3,D,4
8,19,0.0,3,D,2
8,20,1.0,3,D,3
8,21,0.0,0,A,1
8,22,0.0,0,A,3
8,23,0.0,1,B,2
8,24,1.0,0,A,0
8,25,1.0,3,D,3
8,26,0.0,3,D,0
8,27,0.0,3,D,4
8,28,0.0,3,D,4
8,29,0.0,0,A,1
8,30,1.0,3,D,3
8,31,1.0,4,E,4
8,32,0.0,4,E,3
8,33,0.0,4,E,3
8,34,1.0,3,D,3
8,35,0.0,0,A,1
8,36,0.0,3,D,2
8,37,1.0,0,A,0
8,38,0.0,0,A,4
8,39,0.0,0,A,3
8,40,1.0,0,A,0
8,41,0.0,3,D,1
8,42,0.0,0,A,1
8,43,1.0,4,E,4
8,44,1.0,3,D,3
8,45,0.0,1,B,0
8,46,1.0,3,D,3
8,47,0.0,1,B,2
8,48,0.0,2,C,4
8,49,0.0,2,C,1
8,50,0.0,2,C,3
8,51,0.0,3,D,0
8,52,1.0,3,D,3
8,53,0.0,3,D,4
8,54,0.0,2,C,0
8,55,0.0,2,C,3
8,56,0.0,3,D,1
8,57,0.0,2,C,0
8,58,0.0,3,D,1
8,59,0.0,2,C,0
8,60,0.0,2,C,1
8,61,0.0,2,C,0
8,62,0.0,2,C,1
8,63,0.0,0,A,2
8,64,0.0,3,D,4
8,65,0.0,3,D,0
8,66,0.0,1,B,2
8,67,0.0,0,A,1
8,68,0.0,3,D,0
8,69,0.0,0,A,2
8,70,0.0,0,A,3
8,71,0.0,0,A,2
8,72,0.0,0,A,2
8,73,0.0,3,D,0
8,74,0.0,2,C,3
8,75,0.0,0,A,4
8,76,0.0,0,A,2
8,77,0.0,0,A,1
8,78,0.0,2,C,3
8,79,0.0,2,C,3
8,80,1.0,3,D,3
8,81,0.0,2,C,3
8,82,1.0,3,D,3
8,83,0.0,2,C,4
8,84,1.0,2,C,2
8,85,1.0,2,C,2
8,86,0.0,3,D,2
8,87,0.0,2,C,1
8,88,1.0,2,C,2
8,89,0.0,3,D,0
8,90,0.0,1,B,4
8,91,1.0,2,C,2
8,92,0.0,2,C,3
8,93,0.0,0,A,1
8,94,0.0,2,C,1
8,95,0.0,2,C,3
8,96,0.0,3,D,1
8,97,0.0,2,C,4
8,98,0.0,2,C,0
8,99,1.0,2,C,2
8,100,0.0,2,C,3
8,101,1.0,2,C,2
8,102,0.0,1,B,0
8,103,1.0,1,B,1
8,104,0.0,2,C,4
8,105,0.0,1,B,3
8,106,0.0,2,C,3
8,107,0.0,2,C,1
8,108,0.0,3,D,2
8,109,0.0,3,D,0
8,110,0.0,2,C,4
8,111,0.0,1,B,0
8,112,1.0,1,B,1
8,113,1.0,4,E,4
8,114,0.0,4,E,0
8,115,1.0,2,C,2
8,116,0.0,3,D,1
8,117,0.0,2,C,3
8,118,0.0,3,D,1
8,119,0.0,2,C,1
8,120,1.0,4,E,4
8,121,0.0,0,A,3
8,122,1.0,1,B,1
8,123,0.0,2,C,0
8,124,1.0,2,C,2
8,125,0.0,1,B,4
8,126,0.0,3,D,4
8,127,0.0,3,D,4
8,128,1.0,2,C,2
8,129,1.0,2,C,2
8,130,0.0,1,B,4
8,131,0.0,0,A,3
8,132,1.0,3,D,3
8,133,1.0,2,C,2
8,134,0.0,3,D,2
8,135,1.0,2,C,2
8,136,0.0,0,A,2
8,137,0.0,0,A,2
8,138,0.0,2,C,0
8,139,0.0,3,D,4
8,140,0.0,0,A,3
8,141,0.0,2,C,3
8,142,0.0,0,A,1
8,143,0.0,3,D,0
8,144,1.0,3,D,3
8,145,1.0,3,D,3
8,146,0.0,4,E,1
8,147,0.0,4,E,2
8,148,0.0,2,C,4
8,149,1.0,4,E,4
8,150,0.0,3,D,1
8,151,1.0,0,A,0
8,152,0.0,2,C,0
8,153,0.0,3,D,2
8,154,1.0,0,A,0
8,155,1.0,3,D,3
8,156,0.0,2,C,1
8,157,0.0,3,D,1
8,158,0.0,0,A,4
8,159,1.0,2,C,2
8,160,0.0,0,A,2
8,161,0.0,1,B,4
8,162,1.0,2,C,2
8,163,0.0,2,C,1
8,164,0.0,2,C,0
8,165,0.0,2,C,4
8,166,0.0,0,A,3
8,167,0.0,3,D,0
8,168,0.0,3,D,0
8,169,0.0,3,D,0
8,170,0.0,3,D,0
8,171,0.0,2,C,3
8,172,0.0,2,C,3
8,173,0.0,3,D,0
8,174,0.0,2,C,1
8,175,0.0,0,A,1
8,176,0.0,2,C,4
8,177,0.0,0,A,4
8,178,1.0,1,B,1
8,179,1.0,2,C,2
8,180,0.0,2,C,0
8,181,0.0,2,C,4
8,182,1.0,2,C,2
8,183,0.0,2,C,1
8,184,0.0,2,C,1
8,185,1.0,2,C,2
8,186,0.0,2,C,1
8,187,0.0,2,C,0
8,188,0.0,2,C,0
8,189,0.0,2,C,4
8,190,0.0,1,B,3
8,191,0.0,3,D,2
8,192,0.0,4,E,1
8,193,0.0,2,C,1
8,194,1.0,2,C,2
8,195,0.0,2,C,4
8,196,0.0,2,C,0
8,197,1.0,2,C,2
8,198,0.0,2,C,1
8,199,0.0,3,D,2
8,200,0.0,3,D,1
8,201,0.0,0,A,2
8,202,0.0,2,C,3
8,203,0.0,2,C,4
8,204,0.0,0,A,4
8,205,0.0,1,B,4
8,206,0.0,2,C,1
8,207,0.0,4,E,1
8,208,0.0,3,D,0
8,209,0.0,1,B,2
8,210,0.0,2,C,4
8,211,1.0,2,C,2
8,212,0.0,1,B,2
8,213,0.0,2,C,4
8,214,0.0,2,C,3
8,215,0.0,2,C,0
8,216,1.0,3,D,3
8,217,1.0,2,C,2
8,218,1.0,0,A,0
8,219,0.0,1,B,2
8,220,0.0,3,D,4
8,221,0.0,3,D,1
8,222,0.0,2,C,3
8,223,1.0,2,C,2
8,224,0.0,0,A,2
8,225,0.0,0,A,1
8,226,0.0,0,A,2
8,227,0.0,0,A,1
8,228,0.0,3,D,4
8,229,0.0,2,C,0
8,230,0.0,0,A,1
8,231,0.0,1,B,2
8,232,0.0,3,D,0
8,233,0.0,2,C,0
8,234,0.0,2,C,1
8,235,0.0,3,D,4
8,236,0.0,0,A,1
8,237,0.0,2,C,0
8,238,0.0,0,A,4
8,239,0.0,2,C,3
8,240,0.0,4,E,3
8,241,0.0,1,B,4
8,242,0.0,1,B,0
8,243,0.0,1,B,3
8,244,0.0,2,C,0
8,245,0.0,2,C,4
8,246,0.0,0,A,2
8,247,0.0,1,B,4
8,248,0.0,0,A,1
8,249,0.0,3,D,4
8,250,0.0,2,C,0
8,251,1.0,4,E,4
8,252,0.0,0,A,4
8,253,0.0,1,B,0
8,254,0.0,2,C,1
8,255,0.0,0,A,3
8,256,1.0,2,C,2
8,257,0.0,2,C,1
8,258,0.0,4,E,0
8,259,1.0,2,C,2
8,260,0.0,4,E,1
8,261,0.0,1,B,4
8,262,0.0,2,C,3
8,263,1.0,3,D,3
8,264,1.0,4,E,4
8,265,1.0,2,C,2
8,266,1.0,3,D,3
8,267,1.0,2,C,2
8,268,0.0,2,C,1
8,269,0.0,2,C,4
8,270,0.0,0,A,2
8,271,0.0,2,C,0
8,272,1.0,3,D,3
8,273,0.0,3,D,2
8,274,0.0,4,E,0
8,275,0.0,2,C,3
8,276,0.0,2,C,3
8,277,0.0,2,C,4
8,278,0.0,2,C,0
8,279,0.0,0,A,4
8,280,0.0,2,C,3
8,281,0.0,0,A,4
8,282,0.0,3,D,4
8,283,0.0,0,A,3
8,284,0.0,1,B,2
8,285,0.0,1,B,3
8,286,0.0,4,E,3
8,287,0.0,1,B,3
8,288,0.0,4,E,2
8,289,0.0,2,C,4
8,290,1.0,3,D,3
8,291,0.0,2,C,0
8,292,0.0,3,D,4
8,293,1.0,3,D,3
8,294,0.0,2,C,1
8,295,0.0,0,A,3
8,296,0.0,1,B,0
8,297,0.0,1,B,0
12,0,0.0,3,D,0
12,1,0.0,3,D,0
12,2,0.0,1,B,2
12,3,1.0,2,C,2
12,4,0.0,3,D,4
12,5,0.0,2,C,0
12,6,0.0,1,B,0
12,7,0.0,2,C,3
12,8,1.0,2,C,2
12,9,0.0,3,D,4
12,10,0.0,2,C,4
12,11,0.0,4,E,2
12,12,0.0,2,C,0
12,13,1.0,2,C,2
12,14,0.0,2,C,3
12,15,1.0,2,C,2
12,16,0.0,1,B,2
12,17,0.0,0,A,2
12,18,0.0,3,D,4
12,19,0.0,3,D,2
12,20,1.0,3,D,3
12,21,0.0,0,A,1
12,22,0.0,2,C,3
12,23,1.0,2,C,2
12,24,1.0,0,A,0
12,25,1.0,3,D,3
12,26,0.0,2,C,0
12,27,0.0,3,D,4
12,28,0.0,3,D,4
12,29,0.0,0,A,1
12,30,1.0,3,D,3
12,31,1.0,4,E,4
12,32,1.0,3,D,3
12,33,0.0,4,E,3
12,34,1.0,3,D,3
12,35,0.0,0,A,1
12,36,1.0,2,C,2
12,37,0.0,2,C,0
12,38,0.0,3,D,4
12,39,0.0,0,A,3
12,40,1.0,0,A,0
12,41,0.0,3,D,1
12,42,0.0,2,C,1
12,43,1.0,4,E,4
12,44,1.0,3,D,3
12,45,0.0,1,B,0
12,46,1.0,3,D,3
12,47,1.0,2,C,2
12,48,0.0,2,C,4
12,49,0.0,2,C,1
12,50,0.0,2,C,3
12,51,0.0,3,D,0
12,52,0.0,2,C,3
12,53,0.0,2,C,4
12,54,0.0,2,C,0
12,55,0.0,2,C,3
12,56,0.0,3,D,1
12,57,0.0,2,C,0
12,58,0.0,3,D,1
12,59,0.0,2,C,0
12,60,0.0,2,C,1
12,61,0.0,2,C,0
12,62,0.0,2,C,1
12,63,0.0,1,B,2
12,64,0.0,3,D,4
12,65,0.0,3,D,0
12,66,0.0,1,B,2
12,67,0.0,2,C,1
12,68,0.0,3,D,0
12,69,0.0,0,A,2
12,70,0.0,0,A,3
12,71,0.0,1,B,2
12,72,0.0,0,A,2
12,73,0.0,3,D,0
12,74,0.0,2,C,3
12,75,0.0,2,C,4
12,76,0.0,0,A,2
12,77,0.0,2,C,1
12,78,0.0,2,C,3
12,79,0.0,2,C,3
12,80,1.0,3,D,3
12,81,0.0,2,C,3
12,82,1.0,3,D,3
12,83,0.0,2,C,4
12,84,1.0,2,C,2
12,85,1.0,2,C,2
12,86,0.0,3,D,2
12,87,0.0,2,C,1
12,88,1.0,2,C,2
12,89,0.0,3,D,0
12,90,0.0,1,B,4
12,91,1.0,2,C,2
12,92,0.0,2,C,3
12,93,0.0,0,A,1
12,94,0.0,2,C,1
12,95,0.0,2,C,3
12,96,0.0,2,C,1
12,97,0.0,2,C,4
12,98,0.0,2,C,0
12,99,1.0,2,C,2
12,100,0.0,0,A,3
12,101,1.0,2,C,2
12,102,0.0,1,B,0
12,103,0.0,2,C,1
12,104,0.0,2,C,4
12,105,0.0,1,B,3
12,106,0.0,2,C,3
12,107,0.0,2,C,1
12,108,1.0,2,C,2
12,109,0.0,3,D,0
12,110,0.0,2,C,4
12,111,0.0,1,B,0
12,112,1.0,1,B,1
12,113,1.0,4,E,4
12,114,0.0,4,E,0
12,115,1.0,2,C,2
12,116,0.0,3,D,1
12,117,0.0,2,C,3
12,118,0.0,3,D,1
12,119,0.0,2,C,1
12,120,1.0,4,E,4
12,121,0.0,0,A,3
12,122,1.0,1,B,1
12,123,0.0,2,C,0
12,124,1.0,2,C,2
12,125,0.0,1,B,4
12,126,0.0,2,C,4
12,127,0.0,2,C,4
12,128,1.0,2,C,2
12,129,1.0,2,C,2
12,130,0.0,1,B,4
12,131,0.0,0,A,3
12,132,1.0,3,D,3
12,133,1.0,2,C,2
12,134,0.0,3,D,2
12,135,1.0,2,C,2
12,136,0.0,0,A,2
12,137,0.0,1,B,2
12,138,0.0,2,C,0
12,139,0.0,2,C,4
12,140,0.0,0,A,3
12,141,0.0,2,C,3
12,142,1.0,1,B,1
12,143,0.0,3,D,0
12,144,1.0,3,D,3
12,145,1.0,3,D,3
12,146,0.0,4,E,1
12,147,0.0,4,E,2
12,148,0.0,2,C,4
12,149,0.0,2,C,4
12,150,0.0,3,D,1
12,151,0.0,3,D,0
12,152,0.0,2,C,0
12,153,0.0,3,D,2
12,154,0.0,2,C,0
12,155,0.0,2,C,3
12,156,0.0,2,C,1
12,157,0.0,3,D,1
12,158,0.0,0,A,4
12,159,1.0,2,C,2
12,160,0.0,3,D,2
12,161,0.0,1,B,4
12,162,1.0,2,C,2
12,163,0.0,2,C,1
12,164,0.0,2,C,0
12,165,0.0,2,C,4
12,166,0.0,0,A,3
12,167,0.0,3,D,0
12,168,0.0,2,C,0
12,169,0.0,3,D,0
12,170,0.0,3,D,0
12,171,0.0,2,C,3
12,172,0.0,2,C,3
12,173,0.0,3,D,0
12,174,0.0,2,C,1
12,175,0.0,0,A,1
12,176,0.0,2,C,4
12,177,0.0,0,A,4
12,178,1.0,1,B,1
12,179,1.0,2,C,2
12,180,0.0,2,C,0
12,181,0.0,2,C,4
12,182,1.0,2,C,2
12,183,0.0,2,C,1
12,184,0.0,2,C,1
12,185,1.0,2,C,2
12,186,0.0,2,C,1
12,187,0.0,2,C,0
12,188,0.0,2,C,0
12,189,0.0,2,C,4
12,190,0.0,1,B,3
12,191,0.0,3,D,2
12,192,0.0,4,E,1
12,193,0.0,2,C,1
12,194,1.0,2,C,2
12,195,0.0,2,C,4
12,196,0.0,2,C,0
12,197,1.0,2,C,2
12,198,0.0,2,C,1
12,199,0.0,3,D,2
12,200,0.0,3,D,1
12,201,0.0,0,A,2
12,202,0.0,2,C,3
12,203,0.0,2,C,4
12,204,0.0,2,C,4
12,205,0.0,1,B,4
12,206,0.0,2,C,1
12,207,0.0,4,E,1
12,208,0.0,3,D,0
12,209,0.0,1,B,2
12,210,0.0,2,C,4
12,211,1.0,2,C,2
12,212,0.0,1,B,2
12,213,0.0,2,C,4
12,214,0.0,2,C,3
12,215,0.0,2,C,0
12,216,1.0,3,D,3
12,217,1.0,2,C,2
12,218,1.0,0,A,0
12,219,0.0,1,B,2
12,220,0.0,3,D,4
12,221,0.0,3,D,1
12,222,0.0,2,C,3
12,223,1.0,2,C,2
12,224,0.0,0,A,2
12,225,0.0,0,A,1
12,226,0.0,0,A,2
12,227,0.0,0,A,1
12,228,0.0,3,D,4
12,229,0.0,2,C,0
12,230,0.0,0,A,1
12,231,0.0,1,B,2
12,232,0.0,3,D,0
12,233,0.0,2,C,0
12,234,0.0,2,C,1
12,235,0.0,3,D,4
12,236,0.0,0,A,1
12,237,0.0,2,C,0
12,238,0.0,2,C,4
12,239,0.0,2,C,3
12,240,0.0,4,E,3
12,241,0.0,1,B,4
12,242,0.0,1,B,0
12,243,0.0,1,B,3
12,244,0.0,2,C,0
12,245,0.0,2,C,4
12,246,1.0,2,C,2
12,247,0.0,1,B,4
12,248,0.0,0,A,1
12,249,1.0,4,E,4
12,250,0.0,2,C,0
12,251,1.0,4,E,4
12,252,0.0,0,A,4
12,253,0.0,1,B,0
12,254,0.0,2,C,1
12,255,0.0,0,A,3
12,256,1.0,2,C,2
12,257,0.0,2,C,1
12,258,0.0,4,E,0
12,259,1.0,2,C,2
12,260,0.0,4,E,1
12,261,0.0,1,B,4
12,262,0.0,2,C,3
12,263,0.0,2,C,3
12,264,1.0,4,E,4
12,265,1.0,2,C,2
12,266,1.0,3,D,3
12,267,1.0,2,C,2
12,268,0.0,2,C,1
12,269,0.0,2,C,4
12,270,0.0,0,A,2
12,271,0.0,2,C,0
12,272,0.0,2,C,3
12,273,0.0,3,D,2
12,274,0.0,4,E,0
12,275,0.0,2,C,3
12,276,0.0,2,C,3
12,277,0.0,2,C,4
12,278,0.0,2,C,0
12,279,0.0,0,A,4
12,280,0.0,2,C,3
12,281,0.0,0,A,4
12,282,0.0,3,D,4
12,283,0.0,0,A,3
12,284,0.0,1,B,2
12,285,0.0,1,B,3
12,286,0.0,4,E,3
12,287,0.0,1,B,3
12,288,0.0,4,E,2
12,289,0.0,2,C,4
12,290,1.0,3,D,3
12,291,0.0,2,C,0
12,292,0.0,3,D,4
12,293,1.0,3,D,3
12,294,0.0,2,C,1
12,295,0.0,0,A,3
12,296,0.0,1,B,0
12,297,0.0,1,B,0
16,0,0.0,3,D,0
16,1,0.0,3,D,0
16,2,0.0,1,B,2
16,3,1.0,2,C,2
16,4,0.0,3,D,4
16,5,0.0,2,C,0
16,6,0.0,1,B,0
16,7,0.0,2,C,3
16,8,1.0,2,C,2
16,9,0.0,3,D,4
16,10,0.0,2,C,4
16,11,0.0,4,E,2
16,12,0.0,2,C,0
16,13,1.0,2,C,2
16,14,0.0,2,C,3
16,15,1.0,2,C,2
16,16,1.0,2,C,2
16,17,0.0,0,A,2
16,18,0.0,3,D,4
16,19,0.0,3,D,2
16,20,1.0,3,D,3
16,21,0.0,0,A,1
16,22,0.0,2,C,3
16,23,0.0,1,B,2
16,24,1.0,0,A,0
16,25,1.0,3,D,3
16,26,0.0,3,D,0
16,27,0.0,3,D,4
16,28,0.0,3,D,4
16,29,0.0,0,A,1
16,30,1.0,3,D,3
16,31,1.0,4,E,4
16,32,1.0,3,D,3
16,33,0.0,4,E,3
16,34,0.0,2,C,3
16,35,0.0,0,A,1
16,36,1.0,2,C,2
16,37,0.0,2,C,0
16,38,0.0,3,D,4
16,39,0.0,0,A,3
16,40,0.0,2,C,0
16,41,0.0,3,D,1
16,42,0.0,2,C,1
16,43,1.0,4,E,4
16,44,1.0,3,D,3
16,45,0.0,1,B,0
16,46,0.0,1,B,3
16,47,1.0,2,C,2
16,48,0.0,2,C,4
16,49,0.0,2,C,1
16,50,0.0,2,C,3
16,51,0.0,3,D,0
16,52,0.0,2,C,3
16,53,0.0,2,C,4
16,54,0.0,2,C,0
16,55,0.0,2,C,3
16,56,0.0,3,D,1
16,57,0.0,2,C,0
16,58,0.0,3,D,1
16,59,0.0,2,C,0
16,60,0.0,2,C,1
16,61,0.0,2,C,0
16,62,0.0,2,C,1
16,63,0.0,1,B,2
16,64,0.0,3,D,4
16,65,0.0,3,D,0
16,66,0.0,1,B,2
16,67,0.0,2,C,1
16,68,0.0,3,D,0
16,69,0.0,0,A,2
16,70,0.0,0,A,3
16,71,0.0,1,B,2
16,72,0.0,0,A,2
16,73,0.0,3,D,0
16,74,0.0,2,C,3
16,75,0.0,2,C,4
16,76,1.0,2,C,2
16,77,0.0,2,C,1
16,78,0.0,2,C,3
16,79,0.0,2,C,3
16,80,1.0,3,D,3
16,81,0.0,2,C,3
16,82,1.0,3,D,3
16,83,0.0,2,C,4
16,84,1.0,2,C,2
16,85,1.0,2,C,2
16,86,0.0,3,D,2
16,87,0.0,2,C,1
16,88,1.0,2,C,2
16,89,0.0,3,D,0
16,90,0.0,1,B,4
16,91,1.0,2,C,2
16,92,0.0,2,C,3
16,93,0.0,0,A,1
16,94,0.0,2,C,1
16,95,0.0,2,C,3
16,96,0.0,2,C,1
16,97,0.0,2,C,4
16,98,0.0,2,C,0
16,99,1.0,2,C,2
16,100,0.0,2,C,3
16,101,0.0,1,B,2
16,102,0.0,1,B,0
16,103,1.0,1,B,1
16,104,0.0,1,B,4
16,105,0.0,1,B,3
16,106,0.0,2,C,3
16,107,0.0,2,C,1
16,108,1.0,2,C,2
16,109,0.0,3,D,0
16,110,0.0,2,C,4
16,111,0.0,1,B,0
16,112,1.0,1,B,1
16,113,1.0,4,E,4
16,114,0.0,4,E,0
16,115,1.0,2,C,2
16,116,0.0,3,D,1
16,117,0.0,2,C,3
16,118,0.0,3,D,1
16,119,0.0,2,C,1
16,120,1.0,4,E,4
16,121,0.0,0,A,3
16,122,1.0,1,B,1
16,123,0.0,2,C,0
16,124,1.0,2,C,2
16,125,0.0,1,B,4
16,126,0.0,2,C,4
16,127,0.0,2,C,4
16,128,0.0,1,B,2
16,129,1.0,2,C,2
16,130,0.0,1,B,4
16,131,0.0,0,A,3
16,132,1.0,3,D,3
16,133,1.0,2,C,2
16,134,0.0,3,D,2
16,135,1.0,2,C,2
16,136,0.0,0,A,2
16,137,0.0,1,B,2
16,138,0.0,2,C,0
16,139,0.0,2,C,4
16,140,0.0,0,A,3
16,141,0.0,2,C,3
16,142,1.0,1,B,1
16,143,0.0,3,D,0
16,144,1.0,3,D,3
16,145,1.0,3,D,3
16,146,0.0,4,E,1
16,147,0.0,3,D,2
16,148,0.0,2,C,4
16,149,0.0,2,C,4
16,150,0.0,3,D,1
16,151,0.0,3,D,0
16,152,0.0,2,C,0
16,153,0.0,3,D,2
16,154,0.0,2,C,0
16,155,0.0,2,C,3
16,156,0.0,2,C,1
16,157,0.0,3,D,1
16,158,0.0,0,A,4
16,159,1.0,2,C,2
16,160,0.0,3,D,2
16,161,0.0,1,B,4
16,162,1.0,2,C,2
16,163,0.0,2,C,1
16,164,0.0,2,C,0
16,165,0.0,2,C,4
16,166,0.0,0,A,3
16,167,0.0,3,D,0
16,168,0.0,1,B,0
16,169,0.0,3,D,0
16,170,0.0,3,D,0
16,171,0.0,2,C,3
16,172,0.0,2,C,3
16,173,0.0,3,D,0
16,174,0.0,2,C,1
16,175,1.0,1,B,1
16,176,0.0,2,C,4
16,177,0.0,0,A,4
16,178,1.0,1,B,1
16,179,1.0,2,C,2
16,180,0.0,2,C,0
16,181,1.0,4,E,4
16,182,1.0,2,C,2
16,183,0.0,2,C,1
16,184,0.0,2,C,1
16,185,1.0,2,C,2
16,186,0.0,2,C,1
16,187,0.0,2,C,0
16,188,0.0,2,C,0
16,189,0.0,2,C,4
16,190,0.0,1,B,3
16,191,0.0,3,D,2
16,192,0.0,4,E,1
16,193,0.0,2,C,1
16,194,1.0,2,C,2
16,195,0.0,2,C,4
16,196,0.0,2,C,0
16,197,1.0,2,C,2
16,198,0.0,2,C,1
16,199,0.0,3,D,2
16,200,0.0,3,D,1
16,201,0.0,0,A,2
16,202,0.0,2,C,3
16,203,0.0,2,C,4
16,204,0.0,2,C,4
16,205,0.0,1,B,4
16,206,0.0,2,C,1
16,207,0.0,4,E,1
16,208,0.0,3,D,0
16,209,0.0,1,B,2
16,210,0.0,2,C,4
16,211,1.0,2,C,2
16,212,0.0,1,B,2
16,213,0.0,2,C,4
16,214,0.0,2,C,3
16,215,0.0,2,C,0
16,216,1.0,3,D,3
16,217,1.0,2,C,2
16,218,1.0,0,A,0
16,219,0.0,1,B,2
16,220,0.0,3,D,4
16,221,0.0,3,D,1
16,222,0.0,2,C,3
16,223,1.0,2,C,2
16,224,0.0,0,A,2
16,225,0.0,0,A,1
16,226,0.0,0,A,2
16,227,0.0,0,A,1
16,228,0.0,3,D,4
16,229,0.0,2,C,0
16,230,1.0,1,B,1
16,231,0.0,1,B,2
16,232,0.0,3,D,0
16,233,0.0,2,C,0
16,234,0.0,2,C,1
16,235,0.0,3,D,4
16,236,0.0,0,A,1
16,237,0.0,2,C,0
16,238,0.0,0,A,4
16,239,0.0,2,C,3
16,240,0.0,4,E,3
16,241,0.0,1,B,4
16,242,0.0,1,B,0
16,243,0.0,1,B,3
16,244,0.0,2,C,0
16,245,0.0,2,C,4
16,246,1.0,2,C,2
16,247,0.0,1,B,4
16,248,0.0,0,A,1
16,249,1.0,4,E,4
16,250,0.0,2,C,0
16,251,1.0,4,E,4
16,252,0.0,0,A,4
16,253,0.0,1,B,0
16,254,1.0,1,B,1
16,255,0.0,1,B,3
16,256,1.0,2,C,2
16,257,0.0,2,C,1
16,258,0.0,4,E,0
16,259,1.0,2,C,2
16,260,0.0,4,E,1
16,261,0.0,1,B,4
16,262,0.0,2,C,3
16,263,0.0,2,C,3
16,264,0.0,3,D,4
16,265,1.0,2,C,2
16,266,1.0,3,D,3
16,267,1.0,2,C,2
16,268,0.0,2,C,1
16,269,0.0,2,C,4
16,270,0.0,0,A,2
16,271,0.0,3,D,0
16,272,0.0,2,C,3
16,273,0.0,3,D,2
16,274,0.0,4,E,0
16,275,0.0,2,C,3
16,276,0.0,2,C,3
16,277,0.0,2,C,4
16,278,0.0,2,C,0
16,279,0.0,0,A,4
16,280,0.0,2,C,3
16,281,0.0,0,A,4
16,282,0.0,3,D,4
16,283,0.0,0,A,3
16,284,0.0,1,B,2
16,285,0.0,1,B,3
16,286,0.0,4,E,3
16,287,0.0,1,B,3
16,288,0.0,4,E,2
16,289,0.0,2,C,4
16,290,1.0,3,D,3
16,291,0.0,2,C,0
16,292,0.0,3,D,4
16,293,1.0,3,D,3
16,294,0.0,2,C,1
16,295,0.0,0,A,3
16,296,0.0,1,B,0
16,297,0.0,1,B,0
20,0,0.0,3,D,0
20,1,0.0,3,D,0
20,2,0.0,1,B,2
20,3,1.0,2,C,2
20,4,0.0,3,D,4
20,5,0.0,2,C,0
20,6,0.0,1,B,0
20,7,0.0,2,C,3
20,8,1.0,2,C,2
20,9,0.0,3,D,4
20,10,0.0,2,C,4
20,11,0.0,4,E,2
20,12,0.0,2,C,0
20,13,1.0,2,C,2
20,14,0.0,2,C,3
20,15,1.0,2,C,2
20,16,1.0,2,C,2
20,17,0.0,0,A,2
20,18,0.0,3,D,4
20,19,0.0,3,D,2
20,20,1.0,3,D,3
20,21,0.0,0,A,1
20,22,0.0,2,C,3
20,23,0.0,1,B,2
20,24,1.0,0,A,0
20,25,1.0,3,D,3
20,26,0.0,2,C,0
20,27,0.0,3,D,4
20,28,0.0,3,D,4
20,29,0.0,0,A,1
20,30,1.0,3,D,3
20,31,1.0,4,E,4
20,32,1.0,3,D,3
20,33,0.0,4,E,3
20,34,1.0,3,D,3
20,35,0.0,0,A,1
20,36,1.0,2,C,2
20,37,0.0,2,C,0
20,38,0.0,3,D,4
20,39,0.0,0,A,3
20,40,0.0,2,C,0
20,41,0.0,3,D,1
20,42,1.0,1,B,1
20,43,1.0,4,E,4
20,44,1.0,3,D,3
20,45,0.0,1,B,0
20,46,0.0,1,B,3
20,47,1.0,2,C,2
20,48,0.0,2,C,4
20,49,0.0,2,C,1
20,50,0.0,2,C,3
20,51,0.0,2,C,0
20,52,0.0,2,C,3
20,53,0.0,1,B,4
20,54,0.0,2,C,0
20,55,0.0,2,C,3
20,56,0.0,3,D,1
20,57,0.0,2,C,0
20,58,1.0,1,B,1
20,59,0.0,2,C,0
20,60,0.0,2,C,1
20,61,0.0,2,C,0
20,62,0.0,2,C,1
20,63,0.0,1,B,2
20,64,0.0,3,D,4
20,65,0.0,3,D,0
20,66,0.0,1,B,2
20,67,0.0,2,C,1
20,68,0.0,3,D,0
20,69,0.0,0,A,2
20,70,0.0,0,A,3
20,71,0.0,1,B,2
20,72,1.0,2,C,2
20,73,0.0,3,D,0
20,74,0.0,2,C,3
20,75,0.0,2,C,4
20,76,1.0,2,C,2
20,77,0.0,0,A,1
20,78,0.0,2,C,3
20,79,0.0,2,C,3
20,80,1.0,3,D,3
20,81,0.0,2,C,3
20,82,1.0,3,D,3
20,83,0.0,2,C,4
20,84,1.0,2,C,2
20,85,1.0,2,C,2
20,86,0.0,3,D,2
20,87,0.0,2,C,1
20,88,1.0,2,C,2
20,89,0.0,3,D,0
20,90,0.0,1,B,4
20,91,1.0,2,C,2
20,92,1.0,3,D,3
20,93,0.0,0,A,1
20,94,1.0,1,B,1
20,95,0.0,2,C,3
20,96,0.0,3,D,1
20,97,0.0,2,C,4
20,98,0.0,2,C,0
20,99,1.0,2,C,2
20,100,0.0,0,A,3
20,101,0.0,1,B,2
20,102,0.0,1,B,0
20,103,1.0,1,B,1
20,104,0.0,1,B,4
20,105,0.0,1,B,3
20,106,0.0,2,C,3
20,107,0.0,2,C,1
20,108,1.0,2,C,2
20,109,0.0,3,D,0
20,110,0.0,2,C,4
20,111,0.0,1,B,0
20,112,1.0,1,B,1
20,113,1.0,4,E,4
20,114,0.0,4,E,0
20,115,0.0,1,B,2
20,116,0.0,3,D,1
20,117,0.0,2,C,3
20,118,0.0,3,D,1
20,119,0.0,2,C,1
20,120,1.0,4,E,4
20,121,0.0,0,A,3
20,122,1.0,1,B,1
20,123,0.0,2,C,0
20,124,1.0,2,C,2
20,125,0.0,1,B,4
20,126,0.0,2,C,4
20,127,0.0,2,C,4
20,128,0.0,1,B,2
20,129,1.0,2,C,2
20,130,0.0,1,B,4
20,131,0.0,0,A,3
20,132,1.0,3,D,3
20,133,1.0,2,C,2
20,134,0.0,3,D,2
20,135,0.0,1,B,2
20,136,0.0,0,A,2
20,137,0.0,1,B,2
20,138,0.0,2,C,0
20,139,0.0,2,C,4
20,140,0.0,1,B,3
20,141,0.0,2,C,3
20,142,1.0,1,B,1
20,143,0.0,3,D,0
20,144,0.0,1,B,3
20,145,1.0,3,D,3
20,146,0.0,4,E,1
20,147,0.0,3,D,2
20,148,0.0,2,C,4
20,149,0.0,2,C,4
20,150,0.0,3,D,1
20,151,0.0,3,D,0
20,152,0.0,1,B,0
20,153,0.0,3,D,2
20,154,0.0,2,C,0
20,155,0.0,2,C,3
20,156,0.0,2,C,1
20,157,0.0,3,D,1
20,158,0.0,0,A,4
20,159,1.0,2,C,2
20,160,0.0,3,D,2
20,161,0.0,1,B,4
20,162,1.0,2,C,2
20,163,0.0,2,C,1
20,164,0.0,1,B,0
20,165,0.0,2,C,4
20,166,0.0,0,A,3
20,167,0.0,3,D,0
20,168,0.0,1,B,0
20,169,0.0,1,B,0
20,170,0.0,3,D,0
20,171,0.0,2,C,3
20,172,0.0,2,C,3
20,173,0.0,3,D,0
20,174,0.0,2,C,1
20,175,1.0,1,B,1
20,176,1.0,4,E,4
20,177,0.0,0,A,4
20,178,1.0,1,B,1
20,179,1.0,2,C,2
20,180,0.0,2,C,0
20,181,1.0,4,E,4
20,182,1.0,2,C,2
20,183,0.0,2,C,1
20,184,0.0,2,C,1
20,185,1.0,2,C,2
20,186,0.0,2,C,1
20,187,0.0,2,C,0
20,188,0.0,2,C,0
20,189,0.0,2,C,4
20,190,0.0,1,B,3
20,191,0.0,1,B,2
20,192,0.0,4,E,1
20,193,0.0,2,C,1
20,194,1.0,2,C,2
20,195,0.0,2,C,4
20,196,0.0,2,C,0
20,197,1.0,2,C,2
20,198,0.0,2,C,1
20,199,0.0,3,D,2
20,200,1.0,1,B,1
20,201,0.0,0,A,2
20,202,0.0,2,C,3
20,203,0.0,2,C,4
20,204,0.0,2,C,4
20,205,0.0,1,B,4
20,206,1.0,1,B,1
20,207,0.0,4,E,1
20,208,0.0,3,D,0
20,209,0.0,1,B,2
20,210,0.0,2,C,4
20,211,1.0,2,C,2
20,212,0.0,1,B,2
20,213,0.0,2,C,4
20,214,0.0,2,C,3
20,215,0.0,2,C,0
20,216,1.0,3,D,3
20,217,1.0,2,C,2
20,218,1.0,0,A,0
20,219,0.0,1,B,2
20,220,0.0,3,D,4
20,221,0.0,3,D,1
20,222,0.0,1,B,3
20,223,1.0,2,C,2
20,224,0.0,0,A,2
20,225,0.0,0,A,1
20,226,0.0,0,A,2
20,227,0.0,0,A,1
20,228,0.0,3,D,4
20,229,0.0,2,C,0
20,230,1.0,1,B,1
20,231,0.0,1,B,2
20,232,0.0,3,D,0
20,233,0.0,2,C,0
20,234,0.0,2,C,1
20,235,0.0,3,D,4
20,236,0.0,0,A,1
20,237,0.0,2,C,0
20,238,0.0,2,C,4
20,239,0.0,2,C,3
20,240,0.0,4,E,3
20,241,0.0,1,B,4
20,242,0.0,1,B,0
20,243,0.0,1,B,3
20,244,0.0,2,C,0
20,245,0.0,2,C,4
20,246,1.0,2,C,2
20,247,0.0,1,B,4
20,248,0.0,0,A,1
20,249,1.0,4,E,4
20,250,0.0,2,C,0
20,251,1.0,4,E,4
20,252,0.0,0,A,4
20,253,0.0,1,B,0
20,254,1.0,1,B,1
20,255,0.0,1,B,3
20,256,1.0,2,C,2
20,257,0.0,2,C,1
20,258,0.0,4,E,0
20,259,1.0,2,C,2
20,260,0.0,4,E,1
20,261,0.0,1,B,4
20,262,0.0,2,C,3
20,263,0.0,2,C,3
20,264,0.0,3,D,4
20,265,1.0,2,C,2
20,266,1.0,3,D,3
20,267,1.0,2,C,2
20,268,0.0,2,C,1
20,269,0.0,2,C,4
20,270,0.0,0,A,2
20,271,0.0,3,D,0
20,272,0.0,2,C,3
20,273,0.0,3,D,2
20,274,0.0,4,E,0
20,275,0.0,2,C,3
20,276,0.0,2,C,3
20,277,0.0,2,C,4
20,278,0.0,2,C,0
20,279,1.0,4,E,4
20,280,0.0,2,C,3
20,281,0.0,0,A,4
20,282,0.0,3,D,4
20,283,0.0,0,A,3
20,284,0.0,1,B,2
20,285,0.0,1,B,3
20,286,0.0,4,E,3
20,287,0.0,1,B,3
20,288,0.0,4,E,2
20,289,0.0,2,C,4
20,290,1.0,3,D,3
20,291,0.0,2,C,0
20,292,0.0,3,D,4
20,293,1.0,3,D,3
20,294,0.0,2,C,1
20,295,0.0,0,A,3
20,296,0.0,1,B,0
20,297,0.0,1,B,0
24,0,0.0,3,D,0
24,1,0.0,3,D,0
24,2,0.0,1,B,2
24,3,1.0,2,C,2
24,4,0.0,3,D,4
24,5,0.0,1,B,0
24,6,0.0,1,B,0
24,7,0.0,2,C,3
24,8,1.0,2,C,2
24,9,0.0,3,D,4
24,10,1.0,4,E,4
24,11,0.0,4,E,2
24,12,0.0,2,C,0
24,13,0.0,1,B,2
24,14,0.0,2,C,3
24,15,1.0,2,C,2
24,16,0.0,1,B,2
24,17,0.0,0,A,2
24,18,0.0,3,D,4
24,19,0.0,3,D,2
24,20,1.0,3,D,3
24,21,0.0,0,A,1
24,22,0.0,2,C,3
24,23,0.0,1,B,2
24,24,1.0,0,A,0
24,25,1.0,3,D,3
24,26,0.0,2,C,0
24,27,0.0,3,D,4
24,28,0.0,3,D,4
24,29,0.0,0,A,1
24,30,1.0,3,D,3
24,31,1.0,4,E,4
24,32,1.0,3,D,3
24,33,0.0,4,E,3
24,34,1.0,3,D,3
24,35,0.0,0,A,1
24,36,0.0,1,B,2
24,37,0.0,2,C,0
24,38,0.0,3,D,4
24,39,0.0,0,A,3
24,40,0.0,2,C,0
24,41,0.0,3,D,1
24,42,1.0,1,B,1
24,43,1.0,4,E,4
24,44,1.0,3,D,3
24,45,0.0,1,B,0
24,46,0.0,1,B,3
24,47,1.0,2,C,2
24,48,0.0,2,C,4
24,49,0.0,2,C,1
24,50,0.0,2,C,3
24,51,0.0,3,D,0
24,52,1.0,3,D,3
24,53,0.0,1,B,4
24,54,0.0,2,C,0
24,55,0.0,2,C,3
24,56,0.0,3,D,1
24,57,0.0,2,C,0
24,58,1.0,1,B,1
24,59,0.0,2,C,0
24,60,0.0,2,C,1
24,61,0.0,2,C,0
24,62,0.0,2,C,1
24,63,0.0,1,B,2
24,64,0.0,3,D,4
24,65,0.0,3,D,0
24,66,0.0,1,B,2
24,67,0.0,2,C,1
24,68,1.0,0,A,0
24,69,0.0,0,A,2
24,70,0.0,0,A,3
24,71,0.0,1,B,2
24,72,0.0,3,D,2
24,73,0.0,3,D,0
24,74,0.0,2,C,3
24,75,0.0,2,C,4
24,76,1.0,2,C,2
24,77,0.0,0,A,1
24,78,0.0,2,C,3
24,79,0.0,2,C,3
24,80,1.0,3,D,3
24,81,0.0,2,C,3
24,82,1.0,3,D,3
24,83,0.0,2,C,4
24,84,1.0,2,C,2
24,85,1.0,2,C,2
24,86,0.0,3,D,2
24,87,0.0,2,C,1
24,88,1.0,2,C,2
24,89,0.0,3,D,0
24,90,0.0,1,B,4
24,91,1.0,2,C,2
24,92,0.0,2,C,3
24,93,0.0,0,A,1
24,94,1.0,1,B,1
24,95,0.0,2,C,3
24,96,0.0,3,D,1
24,97,0.0,2,C,4
24,98,0.0,2,C,0
24,99,1.0,2,C,2
24,100,0.0,0,A,3
24,101,0.0,1,B,2
24,102,0.0,1,B,0
24,103,1.0,1,B,1
24,104,0.0,1,B,4
24,105,0.0,1,B,3
24,106,0.0,2,C,3
24,107,0.0,2,C,1
24,108,1.0,2,C,2
24,109,0.0,3,D,0
24,110,0.0,2,C,4
24,111,0.0,1,B,0
24,112,1.0,1,B,1
24,113,1.0,4,E,4
24,114,0.0,4,E,0
24,115,0.0,1,B,2
24,116,0.0,3,D,1
24,117,0.0,2,C,3
24,118,0.0,3,D,1
24,119,0.0,2,C,1
24,120,1.0,4,E,4
24,121,0.0,0,A,3
24,122,1.0,1,B,1
24,123,0.0,2,C,0
24,124,1.0,2,C,2
24,125,0.0,1,B,4
24,126,0.0,2,C,4
24,127,0.0,2,C,4
24,128,0.0,1,B,2
24,129,1.0,2,C,2
24,130,0.0,1,B,4
24,131,0.0,0,A,3
24,132,1.0,3,D,3
24,133,1.0,2,C,2
24,134,0.0,3,D,2
24,135,0.0,1,B,2
24,136,0.0,0,A,2
24,137,0.0,1,B,2
24,138,0.0,2,C,0
24,139,0.0,2,C,4
24,140,0.0,1,B,3
24,141,0.0,2,C,3
24,142,1.0,1,B,1
24,143,0.0,3,D,0
24,144,0.0,1,B,3
24,145,1.0,3,D,3
24,146,0.0,4,E,1
24,147,0.0,3,D,2
24,148,0.0,2,C,4
24,149,0.0,2,C,4
24,150,0.0,3,D,1
24,151,0.0,3,D,0
24,152,0.0,1,B,0
24,153,0.0,3,D,2
24,154,0.0,1,B,0
24,155,0.0,2,C,3
24,156,0.0,2,C,1
24,157,0.0,3,D,1
24,158,0.0,0,A,4
24,159,1.0,2,C,2
24,160,0.0,3,D,2
24,161,0.0,1,B,4
24,162,1.0,2,C,2
24,163,0.0,2,C,1
24,164,0.0,1,B,0
24,165,0.0,2,C,4
24,166,0.0,0,A,3
24,167,0.0,3,D,0
24,168,0.0,1,B,0
24,169,0.0,1,B,0
24,170,0.0,3,D,0
24,171,0.0,2,C,3
24,172,0.0,2,C,3
24,173,0.0,3,D,0
24,174,0.0,2,C,1
24,175,1.0,1,B,1
24,176,1.0,4,E,4
24,177,0.0,0,A,4
24,178,1.0,1,B,1
24,179,1.0,2,C,2
24,180,0.0,2,C,0
24,181,1.0,4,E,4
24,182,1.0,2,C,2
24,183,0.0,2,C,1
24,184,0.0,2,C,1
24,185,1.0,2,C,2
24,186,0.0,2,C,1
24,187,0.0,2,C,0
24,188,0.0,2,C,0
24,189,0.0,1,B,4
24,190,0.0,1,B,3
24,191,0.0,1,B,2
24,192,0.0,4,E,1
24,193,0.0,2,C,1
24,194,1.0,2,C,2
24,195,0.0,2,C,4
24,196,0.0,2,C,0
24,197,1.0,2,C,2
24,198,0.0,2,C,1
24,199,0.0,3,D,2
24,200,1.0,1,B,1
24,201,0.0,0,A,2
24,202,0.0,2,C,3
24,203,0.0,1,B,4
24,204,0.0,2,C,4
24,205,0.0,1,B,4
24,206,1.0,1,B,1
24,207,0.0,4,E,1
24,208,0.0,3,D,0
24,209,0.0,1,B,2
24,210,0.0,2,C,4
24,211,1.0,2,C,2
24,212,0.0,1,B,2
24,213,0.0,2,C,4
24,214,0.0,2,C,3
24,215,0.0,2,C,0
24,216,1.0,3,D,3
24,217,1.0,2,C,2
24,218,1.0,0,A,0
24,219,0.0,1,B,2
24,220,0.0,3,D,4
24,221,0.0,3,D,1
24,222,0.0,1,B,3
24,223,1.0,2,C,2
24,224,0.0,0,A,2
24,225,0.0,0,A,1
24,226,0.0,0,A,2
24,227,0.0,0,A,1
24,228,0.0,3,D,4
24,229,0.0,2,C,0
24,230,1.0,1,B,1
24,231,0.0,1,B,2
24,232,0.0,3,D,0
24,233,0.0,2,C,0
24,234,0.0,2,C,1
24,235,0.0,3,D,4
24,236,0.0,0,A,1
24,237,0.0,2,C,0
24,238,0.0,0,A,4
24,239,0.0,2,C,3
24,240,0.0,4,E,3
24,241,0.0,1,B,4
24,242,0.0,1,B,0
24,243,0.0,1,B,3
24,244,0.0,1,B,0
24,245,0.0,2,C,4
24,246,1.0,2,C,2
24,247,0.0,1,B,4
24,248,1.0,1,B,1
24,249,1.0,4,E,4
24,250,0.0,2,C,0
24,251,1.0,4,E,4
24,252,0.0,0,A,4
24,253,0.0,1,B,0
24,254,1.0,1,B,1
24,255,0.0,1,B,3
24,256,1.0,2,C,2
24,257,0.0,2,C,1
24,258,0.0,4,E,0
24,259,0.0,1,B,2
24,260,0.0,4,E,1
24,261,0.0,1,B,4
24,262,0.0,2,C,3
24,263,1.0,3,D,3
24,264,0.0,3,D,4
24,265,1.0,2,C,2
24,266,1.0,3,D,3
24,267,1.0,2,C,2
24,268,0.0,2,C,1
24,269,0.0,2,C,4
24,270,0.0,0,A,2
24,271,0.0,3,D,0
24,272,0.0,2,C,3
24,273,0.0,3,D,2
24,274,0.0,4,E,0
24,275,0.0,1,B,3
24,276,0.0,2,C,3
24,277,0.0,2,C,4
24,278,0.0,2,C,0
24,279,1.0,4,E,4
24,280,0.0,2,C,3
24,281,0.0,0,A,4
24,282,0.0,3,D,4
24,283,0.0,0,A,3
24,284,0.0,1,B,2
24,285,0.0,1,B,3
24,286,0.0,4,E,3
24,287,0.0,1,B,3
24,288,0.0,4,E,2
24,289,0.0,2,C,4
24,290,1.0,3,D,3
24,291,0.0,2,C,0
24,292,0.0,3,D,4
24,293,1.0,3,D,3
24,294,0.0,2,C,1
24,295,0.0,1,B,3
24,296,0.0,1,B,0
24,297,0.0,1,B,0
28,0,0.0,3,D,0
28,1,0.0,3,D,0
28,2,0.0,1,B,2
28,3,1.0,2,C,2
28,4,0.0,3,D,4
28,5,0.0,1,B,0
28,6,0.0,1,B,0
28,7,0.0,2,C,3
28,8,1.0,2,C,2
28,9,0.0,3,D,4
28,10,0.0,2,C,4
28,11,0.0,4,E,2
28,12,0.0,2,C,0
28,13,0.0,0,A,2
28,14,0.0,2,C,3
28,15,1.0,2,C,2
28,16,0.0,1,B,2
28,17,0.0,0,A,2
28,18,0.0,3,D,4
28,19,0.0,3,D,2
28,20,1.0,3,D,3
28,21,0.0,0,A,1
28,22,0.0,2,C,3
28,23,0.0,1,B,2
28,24,1.0,0,A,0
28,25,1.0,3,D,3
28,26,0.0,2,C,0
28,27,0.0,3,D,4
28,28,0.0,3,D,4
28,29,0.0,0,A,1
28,30,1.0,3,D,3
28,31,1.0,4,E,4
28,32,1.0,3,D,3
28,33,0.0,4,E,3
28,34,1.0,3,D,3
28,35,0.0,0,A,1
28,36,0.0,1,B,2
28,37,0.0,2,C,0
28,38,0.0,3,D,4
28,39,0.0,0,A,3
28,40,0.0,2,C,0
28,41,0.0,3,D,1
28,42,1.0,1,B,1
28,43,1.0,4,E,4
28,44,1.0,3,D,3
28,45,0.0,1,B,0
28,46,0.0,1,B,3
28,47,0.0,1,B,2
28,48,0.0,2,C,4
28,49,0.0,2,C,1
28,50,0.0,2,C,3
28,51,0.0,2,C,0
28,52,1.0,3,D,3
28,53,0.0,1,B,4
28,54,0.0,2,C,0
28,55,0.0,2,C,3
28,56,0.0,3,D,1
28,57,0.0,2,C,0
28,58,1.0,1,B,1
28,59,0.0,2,C,0
28,60,0.0,2,C,1
28,61,0.0,2,C,0
28,62,0.0,2,C,1
28,63,0.0,1,B,2
28,64,0.0,3,D,4
28,65,0.0,3,D,0
28,66,0.0,1,B,2
28,67,0.0,2,C,1
28,68,1.0,0,A,0
28,69,0.0,0,A,2
28,70,0.0,0,A,3
28,71,0.0,1,B,2
28,72,1.0,2,C,2
28,73,0.0,3,D,0
28,74,0.0,2,C,3
28,75,0.0,2,C,4
28,76,1.0,2,C,2
28,77,0.0,0,A,1
28,78,0.0,2,C,3
28,79,0.0,2,C,3
28,80,1.0,3,D,3
28,81,0.0,2,C,3
28,82,1.0,3,D,3
28,83,0.0,2,C,4
28,84,1.0,2,C,2
28,85,1.0,2,C,2
28,86,0.0,3,D,2
28,87,0.0,2,C,1
28,88,1.0,2,C,2
28,89,0.0,3,D,0
28,90,0.0,1,B,4
28,91,1.0,2,C,2
28,92,1.0,3,D,3
28,93,0.0,0,A,1
28,94,1.0,1,B,1
28,95,0.0,2,C,3
28,96,0.0,3,D,1
28,97,0.0,2,C,4
28,98,0.0,2,C,0
28,99,1.0,2,C,2
28,100,0.0,0,A,3
28,101,0.0,1,B,2
28,102,0.0,1,B,0
28,103,1.0,1,B,1
28,104,0.0,1,B,4
28,105,0.0,1,B,3
28,106,0.0,2,C,3
28,107,0.0,2,C,1
28,108,1.0,2,C,2
28,109,0.0,3,D,0
28,110,0.0,2,C,4
28,111,0.0,1,B,0
28,112,1.0,1,B,1
28,113,1.0,4,E,4
28,114,0.0,4,E,0
28,115,0.0,1,B,2
28,116,0.0,3,D,1
28,117,0.0,2,C,3
28,118,0.0,3,D,1
28,119,0.0,2,C,1
28,120,1.0,4,E,4
28,121,0.0,2,C,3
28,122,1.0,1,B,1
28,123,0.0,2,C,0
28,124,1.0,2,C,2
28,125,0.0,1,B,4
28,126,0.0,2,C,4
28,127,0.0,2,C,4
28,128,0.0,1,B,2
28,129,1.0,2,C,2
28,130,0.0,1,B,4
28,131,0.0,0,A,3
28,132,1.0,3,D,3
28,133,1.0,2,C,2
28,134,0.0,3,D,2
28,135,0.0,1,B,2
28,136,0.0,0,A,2
28,137,0.0,1,B,2
28,138,0.0,2,C,0
28,139,0.0,2,C,4
28,140,0.0,1,B,3
28,141,0.0,2,C,3
28,142,1.0,1,B,1
28,143,0.0,3,D,0
28,144,0.0,1,B,3
28,145,1.0,3,D,3
28,146,0.0,4,E,1
28,147,0.0,3,D,2
28,148,0.0,2,C,4
28,149,0.0,2,C,4
28,150,0.0,3,D,1
28,151,0.0,3,D,0
28,152,0.0,1,B,0
28,153,0.0,3,D,2
28,154,0.0,1,B,0
28,155,0.0,2,C,3
28,156,0.0,2,C,1
28,157,0.0,3,D,1
28,158,0.0,0,A,4
28,159,1.0,2,C,2
28,160,0.0,3,D,2
28,161,0.0,1,B,4
28,162,1.0,2,C,2
28,163,0.0,4,E,1
28,164,0.0,1,B,0
28,165,0.0,2,C,4
28,166,0.0,0,A,3
28,167,0.0,3,D,0
28,168,0.0,1,B,0
28,169,0.0,1,B,0
28,170,0.0,3,D,0
28,171,0.0,2,C,3
28,172,0.0,2,C,3
28,173,0.0,3,D,0
28,174,0.0,0,A,1
28,175,1.0,1,B,1
28,176,1.0,4,E,4
28,177,0.0,0,A,4
28,178,1.0,1,B,1
28,179,1.0,2,C,2
28,180,0.0,2,C,0
28,181,1.0,4,E,4
28,182,1.0,2,C,2
28,183,0.0,2,C,1
28,184,0.0,2,C,1
28,185,1.0,2,C,2
28,186,0.0,2,C,1
28,187,0.0,2,C,0
28,188,0.0,2,C,0
28,189,0.0,1,B,4
28,190,0.0,1,B,3
28,191,0.0,1,B,2
28,192,0.0,4,E,1
28,193,0.0,2,C,1
28,194,1.0,2,C,2
28,195,0.0,2,C,4
28,196,0.0,2,C,0
28,197,1.0,2,C,2
28,198,0.0,2,C,1
28,199,0.0,3,D,2
28,200,1.0,1,B,1
28,201,0.0,0,A,2
28,202,0.0,2,C,3
28,203,0.0,1,B,4
28,204,0.0,2,C,4
28,205,0.0,1,B,4
28,206,1.0,1,B,1
28,207,0.0,4,E,1
28,208,0.0,3,D,0
28,209,0.0,1,B,2
28,210,0.0,2,C,4
28,211,1.0,2,C,2
28,212,0.0,1,B,2
28,213,0.0,2,C,4
28,214,0.0,2,C,3
28,215,0.0,2,C,0
28,216,1.0,3,D,3
28,217,1.0,2,C,2
28,218,1.0,0,A,0
28,219,0.0,1,B,2
28,220,0.0,3,D,4
28,221,0.0,3,D,1
28,222,0.0,1,B,3
28,223,1.0,2,C,2
28,224,0.0,0,A,2
28,225,0.0,0,A,1
28,226,0.0,0,A,2
28,227,0.0,0,A,1
28,228,0.0,3,D,4
28,229,0.0,2,C,0
28,230,1.0,1,B,1
28,231,0.0,1,B,2
28,232,0.0,3,D,0
28,233,0.0,2,C,0
28,234,0.0,2,C,1
28,235,0.0,3,D,4
28,236,0.0,0,A,1
28,237,0.0,2,C,0
28,238,0.0,0,A,4
28,239,0.0,2,C,3
28,240,0.0,4,E,3
28,241,0.0,1,B,4
28,242,0.0,1,B,0
28,243,0.0,1,B,3
28,244,0.0,1,B,0
28,245,0.0,2,C,4
28,246,1.0,2,C,2
28,247,0.0,1,B,4
28,248,0.0,0,A,1
28,249,1.0,4,E,4
28,250,0.0,2,C,0
28,251,1.0,4,E,4
28,252,0.0,0,A,4
28,253,0.0,1,B,0
28,254,1.0,1,B,1
28,255,0.0,1,B,3
28,256,1.0,2,C,2
28,257,0.0,2,C,1
28,258,0.0,4,E,0
28,259,0.0,1,B,2
28,260,0.0,4,E,1
28,261,0.0,1,B,4
28,262,0.0,2,C,3
28,263,1.0,3,D,3
28,264,0.0,3,D,4
28,265,1.0,2,C,2
28,266,1.0,3,D,3
28,267,1.0,2,C,2
28,268,0.0,2,C,1
28,269,0.0,2,C,4
28,270,0.0,0,A,2
28,271,0.0,3,D,0
28,272,0.0,2,C,3
28,273,0.0,3,D,2
28,274,0.0,4,E,0
28,275,0.0,1,B,3
28,276,0.0,2,C,3
28,277,0.0,2,C,4
28,278,0.0,2,C,0
28,279,1.0,4,E,4
28,280,0.0,2,C,3
28,281,0.0,0,A,4
28,282,0.0,3,D,4
28,283,0.0,0,A,3
28,284,0.0,1,B,2
28,285,0.0,1,B,3
28,286,0.0,4,E,3
28,287,0.0,1,B,3
28,288,0.0,4,E,2
28,289,0.0,2,C,4
28,290,1.0,3,D,3
28,291,0.0,2,C,0
28,292,0.0,3,D,4
28,293,1.0,3,D,3
28,294,0.0,2,C,1
28,295,0.0,1,B,3
28,296,0.0,1,B,0
28,297,0.0,1,B,0
32,0,0.0,3,D,0
32,1,0.0,3,D,0
32,2,0.0,1,B,2
32,3,1.0,2,C,2
32,4,0.0,3,D,4
32,5,0.0,1,B,0
32,6,0.0,1,B,0
32,7,0.0,2,C,3
32,8,1.0,2,C,2
32,9,0.0,3,D,4
32,10,0.0,2,C,4
32,11,0.0,4,E,2
32,12,0.0,2,C,0
32,13,0.0,0,A,2
32,14,0.0,2,C,3
32,15,1.0,2,C,2
32,16,1.0,2,C,2
32,17,0.0,0,A,2
32,18,0.0,3,D,4
32,19,0.0,3,D,2
32,20,1.0,3,D,3
32,21,0.0,0,A,1
32,22,0.0,2,C,3
32,23,0.0,1,B,2
32,24,1.0,0,A,0
32,25,1.0,3,D,3
32,26,0.0,2,C,0
32,27,0.0,3,D,4
32,28,0.0,3,D,4
32,29,0.0,0,A,1
32,30,1.0,3,D,3
32,31,1.0,4,E,4
32,32,1.0,3,D,3
32,33,0.0,4,E,3
32,34,1.0,3,D,3
32,35,0.0,0,A,1
32,36,0.0,1,B,2
32,37,0.0,2,C,0
32,38,0.0,3,D,4
32,39,0.0,0,A,3
32,40,0.0,2,C,0
32,41,0.0,3,D,1
32,42,1.0,1,B,1
32,43,1.0,4,E,4
32,44,1.0,3,D,3
32,45,0.0,1,B,0
32,46,0.0,1,B,3
32,47,0.0,1,B,2
32,48,0.0,2,C,4
32,49,0.0,2,C,1
32,50,0.0,2,C,3
32,51,0.0,2,C,0
32,52,1.0,3,D,3
32,53,0.0,1,B,4
32,54,0.0,2,C,0
32,55,0.0,2,C,3
32,56,0.0,3,D,1
32,57,0.0,2,C,0
32,58,1.0,1,B,1
32,59,0.0,2,C,0
32,60,0.0,2,C,1
32,61,0.0,2,C,0
32,62,0.0,2,C,1
32,63,0.0,1,B,2
32,64,0.0,3,D,4
32,65,0.0,3,D,0
32,66,0.0,1,B,2
32,67,0.0,2,C,1
32,68,1.0,0,A,0
32,69,0.0,0,A,2
32,70,0.0,0,A,3
32,71,0.0,1,B,2
32,72,0.0,3,D,2
32,73,0.0,3,D,0
32,74,0.0,2,C,3
32,75,0.0,2,C,4
32,76,1.0,2,C,2
32,77,0.0,0,A,1
32,78,0.0,2,C,3
32,79,0.0,2,C,3
32,80,1.0,3,D,3
32,81,0.0,2,C,3
32,82,1.0,3,D,3
32,83,0.0,2,C,4
32,84,1.0,2,C,2
32,85,1.0,2,C,2
32,86,0.0,4,E,2
32,87,0.0,2,C,1
32,88,1.0,2,C,2
32,89,0.0,3,D,0
32,90,0.0,1,B,4
32,91,1.0,2,C,2
32,92,1.0,3,D,3
32,93,0.0,0,A,1
32,94,1.0,1,B,1
32,95,0.0,2,C,3
32,96,0.0,3,D,1
32,97,0.0,2,C,4
32,98,0.0,2,C,0
32,99,1.0,2,C,2
32,100,0.0,0,A,3
32,101,0.0,1,B,2
32,102,0.0,1,B,0
32,103,1.0,1,B,1
32,104,0.0,1,B,4
32,105,0.0,1,B,3
32,106,0.0,2,C,3
32,107,0.0,2,C,1
32,108,1.0,2,C,2
32,109,0.0,3,D,0
32,110,0.0,2,C,4
32,111,0.0,1,B,0
32,112,1.0,1,B,1
32,113,1.0,4,E,4
32,114,0.0,4,E,0
32,115,0.0,1,B,2
32,116,0.0,3,D,1
32,117,0.0,2,C,3
32,118,0.0,3,D,1
32,119,0.0,2,C,1
32,120,1.0,4,E,4
32,121,0.0,0,A,3
32,122,1.0,1,B,1
32,123,0.0,1,B,0
32,124,1.0,2,C,2
32,125,0.0,1,B,4
32,126,0.0,2,C,4
32,127,0.0,2,C,4
32,128,0.0,1,B,2
32,129,1.0,2,C,2
32,130,0.0,1,B,4
32,131,0.0,0,A,3
32,132,1.0,3,D,3
32,133,1.0,2,C,2
32,134,0.0,3,D,2
32,135,0.0,1,B,2
32,136,0.0,0,A,2
32,137,0.0,1,B,2
32,138,0.0,2,C,0
32,139,0.0,2,C,4
32,140,0.0,1,B,3
32,141,0.0,2,C,3
32,142,1.0,1,B,1
32,143,0.0,3,D,0
32,144,0.0,1,B,3
32,145,1.0,3,D,3
32,146,0.0,4,E,1
32,147,0.0,3,D,2
32,148,0.0,2,C,4
32,149,0.0,2,C,4
32,150,0.0,3,D,1
32,151,0.0,3,D,0
32,152,0.0,1,B,0
32,153,0.0,3,D,2
32,154,0.0,1,B,0
32,155,0.0,2,C,3
32,156,0.0,2,C,1
32,157,0.0,3,D,1
32,158,0.0,0,A,4
32,159,1.0,2,C,2
32,160,0.0,3,D,2
32,161,0.0,1,B,4
32,162,1.0,2,C,2
32,163,0.0,2,C,1
32,164,0.0,1,B,0
32,165,0.0,2,C,4
32,166,0.0,0,A,3
32,167,0.0,3,D,0
32,168,0.0,1,B,0
32,169,0.0,1,B,0
32,170,0.0,3,D,0
32,171,0.0,2,C,3
32,172,0.0,2,C,3
32,173,0.0,3,D,0
32,174,0.0,2,C,1
32,175,1.0,1,B,1
32,176,1.0,4,E,4
32,177,0.0,0,A,4
32,178,1.0,1,B,1
32,179,1.0,2,C,2
32,180,0.0,2,C,0
32,181,1.0,4,E,4
32,182,1.0,2,C,2
32,183,0.0,2,C,1
32,184,0.0,2,C,1
32,185,1.0,2,C,2
32,186,0.0,2,C,1
32,187,0.0,2,C,0
32,188,0.0,2,C,0
32,189,0.0,1,B,4
32,190,0.0,1,B,3
32,191,0.0,1,B,2
32,192,0.0,4,E,1
32,193,0.0,2,C,1
32,194,1.0,2,C,2
32,195,0.0,2,C,4
32,196,0.0,2,C,0
32,197,1.0,2,C,2
32,198,0.0,2,C,1
32,199,0.0,3,D,2
32,200,1.0,1,B,1
32,201,0.0,0,A,2
32,202,0.0,2,C,3
32,203,0.0,1,B,4
32,204,0.0,2,C,4
32,205,0.0,1,B,4
32,206,1.0,1,B,1
32,207,0.0,4,E,1
32,208,0.0,2,C,0
32,209,0.0,1,B,2
32,210,0.0,2,C,4
32,211,1.0,2,C,2
32,212,0.0,1,B,2
32,213,0.0,2,C,4
32,214,0.0,2,C,3
32,215,0.0,2,C,0
32,216,1.0,3,D,3
32,217,1.0,2,C,2
32,218,1.0,0,A,0
32,219,0.0,1,B,2
32,220,0.0,3,D,4
32,221,0.0,3,D,1
32,222,1.0,3,D,3
32,223,1.0,2,C,2
32,224,0.0,0,A,2
32,225,0.0,0,A,1
32,226,0.0,0,A,2
32,227,0.0,0,A,1
32,228,0.0,3,D,4
32,229,0.0,2,C,0
32,230,1.0,1,B,1
32,231,0.0,1,B,2
32,232,0.0,3,D,0
32,233,0.0,2,C,0
32,234,0.0,2,C,1
32,235,1.0,4,E,4
32,236,0.0,0,A,1
32,237,0.0,2,C,0
32,238,0.0,2,C,4
32,239,0.0,2,C,3
32,240,0.0,4,E,3
32,241,0.0,1,B,4
32,242,0.0,1,B,0
32,243,0.0,1,B,3
32,244,0.0,1,B,0
32,245,0.0,2,C,4
32,246,1.0,2,C,2
32,247,0.0,1,B,4
32,248,0.0,0,A,1
32,249,1.0,4,E,4
32,250,0.0,2,C,0
32,251,1.0,4,E,4
32,252,0.0,0,A,4
32,253,0.0,1,B,0
32,254,1.0,1,B,1
32,255,0.0,1,B,3
32,256,1.0,2,C,2
32,257,0.0,2,C,1
32,258,0.0,4,E,0
32,259,0.0,1,B,2
32,260,0.0,4,E,1
32,261,0.0,1,B,4
32,262,0.0,2,C,3
32,263,1.0,3,D,3
32,264,0.0,3,D,4
32,265,1.0,2,C,2
32,266,1.0,3,D,3
32,267,1.0,2,C,2
32,268,0.0,2,C,1
32,269,0.0,2,C,4
32,270,0.0,0,A,2
32,271,0.0,2,C,0
32,272,0.0,2,C,3
32,273,0.0,3,D,2
32,274,0.0,4,E,0
32,275,0.0,1,B,3
32,276,0.0,2,C,3
32,277,0.0,2,C,4
32,278,0.0,2,C,0
32,279,0.0,0,A,4
32,280,0.0,2,C,3
32,281,0.0,0,A,4
32,282,0.0,3,D,4
32,283,0.0,0,A,3
32,284,0.0,1,B,2
32,285,0.0,1,B,3
32,286,0.0,4,E,3
32,287,0.0,1,B,3
32,288,0.0,4,E,2
32,289,0.0,2,C,4
32,290,1.0,3,D,3
32,291,0.0,2,C,0
32,292,0.0,3,D,4
32,293,1.0,3,D,3
32,294,0.0,2,C,1
32,295,0.0,1,B,3
32,296,0.0,1,B,0
32,297,0.0,1,B,0
36,0,0.0,3,D,0
36,1,0.0,3,D,0
36,2,0.0,1,B,2
36,3,1.0,2,C,2
36,4,0.0,3,D,4
36,5,0.0,1,B,0
36,6,0.0,1,B,0
36,7,0.0,2,C,3
36,8,1.0,2,C,2
36,9,0.0,3,D,4
36,10,0.0,2,C,4
36,11,0.0,4,E,2
36,12,0.0,2,C,0
36,13,0.0,1,B,2
36,14,0.0,2,C,3
36,15,1.0,2,C,2
36,16,1.0,2,C,2
36,17,0.0,0,A,2
36,18,0.0,3,D,4
36,19,0.0,3,D,2
36,20,1.0,3,D,3
36,21,0.0,0,A,1
36,22,0.0,2,C,3
36,23,0.0,1,B,2
36,24,1.0,0,A,0
36,25,1.0,3,D,3
36,26,0.0,2,C,0
36,27,0.0,3,D,4
36,28,0.0,3,D,4
36,29,0.0,0,A,1
36,30,1.0,3,D,3
36,31,1.0,4,E,4
36,32,1.0,3,D,3
36,33,0.0,4,E,3
36,34,0.0,2,C,3
36,35,0.0,0,A,1
36,36,0.0,1,B,2
36,37,0.0,1,B,0
36,38,0.0,3,D,4
36,39,0.0,0,A,3
36,40,1.0,0,A,0
36,41,0.0,3,D,1
36,42,1.0,1,B,1
36,43,1.0,4,E,4
36,44,1.0,3,D,3
36,45,0.0,1,B,0
36,46,0.0,1,B,3
36,47,0.0,1,B,2
36,48,0.0,2,C,4
36,49,0.0,2,C,1
36,50,0.0,2,C,3
36,51,0.0,2,C,0
36,52,1.0,3,D,3
36,53,0.0,1,B,4
36,54,0.0,2,C,0
36,55,0.0,2,C,3
36,56,0.0,3,D,1
36,57,0.0,2,C,0
36,58,1.0,1,B,1
36,59,0.0,2,C,0
36,60,0.0,2,C,1
36,61,0.0,2,C,0
36,62,0.0,2,C,1
36,63,0.0,1,B,2
36,64,0.0,3,D,4
36,65,0.0,3,D,0
36,66,0.0,1,B,2
36,67,0.0,2,C,1
36,68,1.0,0,A,0
36,69,0.0,0,A,2
36,70,0.0,0,A,3
36,71,0.0,1,B,2
36,72,0.0,3,D,2
36,73,0.0,3,D,0
36,74,0.0,2,C,3
36,75,0.0,2,C,4
36,76,1.0,2,C,2
36,77,0.0,0,A,1
36,78,0.0,2,C,3
36,79,0.0,2,C,3
36,80,1.0,3,D,3
36,81,0.0,2,C,3
36,82,1.0,3,D,3
36,83,0.0,2,C,4
36,84,1.0,2,C,2
36,85,1.0,2,C,2
36,86,0.0,4,E,2
36,87,0.0,2,C,1
36,88,1.0,2,C,2
36,89,0.0,3,D,0
36,90,0.0,1,B,4
36,91,1.0,2,C,2
36,92,1.0,3,D,3
36,93,0.0,0,A,1
36,94,1.0,1,B,1
36,95,0.0,2,C,3
36,96,0.0,3,D,1
36,97,0.0,2,C,4
36,98,0.0,2,C,0
36,99,1.0,2,C,2
36,100,0.0,0,A,3
36,101,0.0,1,B,2
36,102,0.0,1,B,0
36,103,1.0,1,B,1
36,104,0.0,1,B,4
36,105,0.0,1,B,3
36,106,0.0,2,C,3
36,107,0.0,2,C,1
36,108,1.0,2,C,2
36,109,0.0,3,D,0
36,110,0.0,2,C,4
36,111,0.0,1,B,0
36,112,1.0,1,B,1
36,113,1.0,4,E,4
36,114,0.0,4,E,0
36,115,0.0,1,B,2
36,116,0.0,3,D,1
36,117,0.0,2,C,3
36,118,0.0,3,D,1
36,119,0.0,2,C,1
36,120,1.0,4,E,4
36,121,0.0,0,A,3
36,122,1.0,1,B,1
36,123,0.0,1,B,0
36,124,1.0,2,C,2
36,125,0.0,1,B,4
36,126,0.0,2,C,4
36,127,0.0,2,C,4
36,128,0.0,1,B,2
36,129,1.0,2,C,2
36,130,0.0,1,B,4
36,131,0.0,0,A,3
36,132,1.0,3,D,3
36,133,1.0,2,C,2
36,134,0.0,3,D,2
36,135,0.0,1,B,2
36,136,0.0,0,A,2
36,137,0.0,1,B,2
36,138,0.0,2,C,0
36,139,0.0,2,C,4
36,140,0.0,1,B,3
36,141,0.0,2,C,3
36,142,1.0,1,B,1
36,143,0.0,3,D,0
36,144,0.0,1,B,3
36,145,1.0,3,D,3
36,146,0.0,4,E,1
36,147,0.0,3,D,2
36,148,0.0,2,C,4
36,149,0.0,2,C,4
36,150,0.0,3,D,1
36,151,0.0,3,D,0
36,152,0.0,1,B,0
36,153,0.0,3,D,2
36,154,0.0,1,B,0
36,155,0.0,2,C,3
36,156,0.0,2,C,1
36,157,0.0,3,D,1
36,158,0.0,0,A,4
36,159,1.0,2,C,2
36,160,0.0,3,D,2
36,161,0.0,1,B,4
36,162,1.0,2,C,2
36,163,0.0,2,C,1
36,164,0.0,1,B,0
36,165,0.0,2,C,4
36,166,0.0,0,A,3
36,167,0.0,3,D,0
36,168,0.0,1,B,0
36,169,0.0,1,B,0
36,170,0.0,3,D,0
36,171,0.0,2,C,3
36,172,0.0,2,C,3
36,173,0.0,3,D,0
36,174,0.0,0,A,1
36,175,1.0,1,B,1
36,176,1.0,4,E,4
36,177,0.0,0,A,4
36,178,1.0,1,B,1
36,179,1.0,2,C,2
36,180,0.0,2,C,0
36,181,1.0,4,E,4
36,182,1.0,2,C,2
36,183,0.0,2,C,1
36,184,0.0,2,C,1
36,185,1.0,2,C,2
36,186,0.0,2,C,1
36,187,0.0,2,C,0
36,188,0.0,2,C,0
36,189,0.0,1,B,4
36,190,0.0,1,B,3
36,191,0.0,1,B,2
36,192,0.0,4,E,1
36,193,0.0,2,C,1
36,194,1.0,2,C,2
36,195,0.0,2,C,4
36,196,0.0,2,C,0
36,197,1.0,2,C,2
36,198,0.0,2,C,1
36,199,0.0,3,D,2
36,200,1.0,1,B,1
36,201,0.0,0,A,2
36,202,0.0,2,C,3
36,203,0.0,1,B,4
36,204,0.0,2,C,4
36,205,0.0,1,B,4
36,206,1.0,1,B,1
36,207,0.0,4,E,1
36,208,0.0,3,D,0
36,209,0.0,1,B,2
36,210,0.0,2,C,4
36,211,1.0,2,C,2
36,212,0.0,1,B,2
36,213,0.0,2,C,4
36,214,0.0,2,C,3
36,215,0.0,2,C,0
36,216,1.0,3,D,3
36,217,1.0,2,C,2
36,218,1.0,0,A,0
36,219,0.0,1,B,2
36,220,0.0,3,D,4
36,221,0.0,3,D,1
36,222,0.0,1,B,3
36,223,1.0,2,C,2
36,224,0.0,0,A,2
36,225,0.0,0,A,1
36,226,0.0,0,A,2
36,227,0.0,0,A,1
36,228,0.0,3,D,4
36,229,0.0,2,C,0
36,230,1.0,1,B,1
36,231,0.0,1,B,2
36,232,0.0,3,D,0
36,233,0.0,2,C,0
36,234,0.0,2,C,1
36,235,1.0,4,E,4
36,236,0.0,0,A,1
36,237,0.0,2,C,0
36,238,0.0,2,C,4
36,239,0.0,2,C,3
36,240,0.0,4,E,3
36,241,0.0,1,B,4
36,242,0.0,1,B,0
36,243,0.0,1,B,3
36,244,0.0,1,B,0
36,245,0.0,2,C,4
36,246,1.0,2,C,2
36,247,0.0,1,B,4
36,248,0.0,0,A,1
36,249,1.0,4,E,4
36,250,0.0,3,D,0
36,251,1.0,4,E,4
36,252,0.0,0,A,4
36,253,0.0,1,B,0
36,254,1.0,1,B,1
36,255,0.0,1,B,3
36,256,1.0,2,C,2
36,257,0.0,2,C,1
36,258,0.0,4,E,0
36,259,0.0,1,B,2
36,260,0.0,4,E,1
36,261,0.0,1,B,4
36,262,0.0,2,C,3
36,263,1.0,3,D,3
36,264,0.0,3,D,4
36,265,1.0,2,C,2
36,266,1.0,3,D,3
36,267,1.0,2,C,2
36,268,0.0,2,C,1
36,269,0.0,2,C,4
36,270,0.0,0,A,2
36,271,0.0,2,C,0
36,272,0.0,2,C,3
36,273,0.0,3,D,2
36,274,0.0,4,E,0
36,275,0.0,2,C,3
36,276,0.0,2,C,3
36,277,0.0,2,C,4
36,278,0.0,2,C,0
36,279,1.0,4,E,4
36,280,0.0,2,C,3
36,281,0.0,0,A,4
36,282,0.0,3,D,4
36,283,0.0,0,A,3
36,284,0.0,1,B,2
36,285,0.0,1,B,3
36,286,0.0,4,E,3
36,287,0.0,1,B,3
36,288,0.0,4,E,2
36,289,0.0,2,C,4
36,290,1.0,3,D,3
36,291,0.0,2,C,0
36,292,0.0,3,D,4
36,293,1.0,3,D,3
36,294,0.0,2,C,1
36,295,0.0,1,B,3
36,296,0.0,1,B,0
36,297,0.0,1,B,0
40,0,0.0,3,D,0
40,1,0.0,3,D,0
40,2,0.0,1,B,2
40,3,1.0,2,C,2
40,4,0.0,3,D,4
40,5,0.0,1,B,0
40,6,0.0,1,B,0
40,7,0.0,2,C,3
40,8,1.0,2,C,2
40,9,0.0,3,D,4
40,10,0.0,2,C,4
40,11,0.0,4,E,2
40,12,0.0,2,C,0
40,13,0.0,0,A,2
40,14,0.0,2,C,3
40,15,1.0,2,C,2
40,16,1.0,2,C,2
40,17,0.0,0,A,2
40,18,0.0,3,D,4
40,19,0.0,3,D,2
40,20,1.0,3,D,3
40,21,0.0,0,A,1
40,22,0.0,2,C,3
40,23,0.0,1,B,2
40,24,1.0,0,A,0
40,25,1.0,3,D,3
40,26,0.0,3,D,0
40,27,0.0,3,D,4
40,28,0.0,3,D,4
40,29,0.0,0,A,1
40,30,1.0,3,D,3
40,31,1.0,4,E,4
40,32,1.0,3,D,3
40,33,0.0,4,E,3
40,34,1.0,3,D,3
40,35,0.0,0,A,1
40,36,0.0,1,B,2
40,37,1.0,0,A,0
40,38,0.0,3,D,4
40,39,0.0,0,A,3
40,40,0.0,2,C,0
40,41,0.0,3,D,1
40,42,1.0,1,B,1
40,43,1.0,4,E,4
40,44,1.0,3,D,3
40,45,0.0,1,B,0
40,46,0.0,1,B,3
40,47,0.0,1,B,2
40,48,0.0,2,C,4
40,49,0.0,2,C,1
40,50,0.0,2,C,3
40,51,0.0,3,D,0
40,52,1.0,3,D,3
40,53,0.0,0,A,4
40,54,0.0,2,C,0
40,55,0.0,2,C,3
40,56,0.0,3,D,1
40,57,0.0,2,C,0
40,58,1.0,1,B,1
40,59,0.0,2,C,0
40,60,0.0,2,C,1
40,61,0.0,2,C,0
40,62,0.0,2,C,1
40,63,0.0,1,B,2
40,64,0.0,3,D,4
40,65,0.0,3,D,0
40,66,0.0,1,B,2
40,67,0.0,2,C,1
40,68,1.0,0,A,0
40,69,0.0,0,A,2
40,70,0.0,0,A,3
40,71,0.0,1,B,2
40,72,0.0,3,D,2
40,73,0.0,3,D,0
40,74,0.0,2,C,3
40,75,0.0,2,C,4
40,76,1.0,2,C,2
40,77,0.0,0,A,1
40,78,0.0,2,C,3
40,79,0.0,2,C,3
40,80,1.0,3,D,3
40,81,0.0,2,C,3
40,82,1.0,3,D,3
40,83,0.0,2,C,4
40,84,1.0,2,C,2
40,85,1.0,2,C,2
40,86,0.0,3,D,2
40,87,0.0,2,C,1
40,88,1.0,2,C,2
40,89,0.0,3,D,0
40,90,0.0,1,B,4
40,91,1.0,2,C,2
40,92,1.0,3,D,3
40,93,0.0,0,A,1
40,94,1.0,1,B,1
40,95,0.0,2,C,3
40,96,0.0,3,D,1
40,97,0.0,2,C,4
40,98,0.0,2,C,0
40,99,1.0,2,C,2
40,100,0.0,0,A,3
40,101,0.0,1,B,2
40,102,0.0,1,B,0
40,103,1.0,1,B,1
40,104,0.0,1,B,4
40,105,0.0,1,B,3
40,106,0.0,2,C,3
40,107,0.0,2,C,1
40,108,1.0,2,C,2
40,109,0.0,3,D,0
40,110,0.0,2,C,4
40,111,0.0,1,B,0
40,112,1.0,1,B,1
40,113,1.0,4,E,4
40,114,0.0,4,E,0
40,115,0.0,1,B,2
40,116,0.0,3,D,1
40,117,0.0,2,C,3
40,118,0.0,3,D,1
40,119,0.0,2,C,1
40,120,1.0,4,E,4
40,121,0.0,0,A,3
40,122,1.0,1,B,1
40,123,0.0,1,B,0
40,124,1.0,2,C,2
40,125,0.0,1,B,4
40,126,0.0,2,C,4
40,127,0.0,2,C,4
40,128,0.0,1,B,2
40,129,1.0,2,C,2
40,130,0.0,1,B,4
40,131,0.0,0,A,3
40,132,1.0,3,D,3
40,133,1.0,2,C,2
40,134,0.0,3,D,2
40,135,0.0,1,B,2
40,136,0.0,0,A,2
40,137,0.0,1,B,2
40,138,0.0,2,C,0
40,139,0.0,2,C,4
40,140,0.0,1,B,3
40,141,0.0,2,C,3
40,142,1.0,1,B,1
40,143,0.0,3,D,0
40,144,0.0,1,B,3
40,145,1.0,3,D,3
40,146,0.0,4,E,1
40,147,0.0,4,E,2
40,148,0.0,2,C,4
40,149,0.0,2,C,4
40,150,0.0,3,D,1
40,151,0.0,3,D,0
40,152,0.0,1,B,0
40,153,0.0,3,D,2
40,154,0.0,1,B,0
40,155,0.0,2,C,3
40,156,0.0,2,C,1
40,157,0.0,3,D,1
40,158,0.0,0,A,4
40,159,1.0,2,C,2
40,160,0.0,3,D,2
40,161,0.0,1,B,4
40,162,1.0,2,C,2
40,163,0.0,2,C,1
40,164,0.0,1,B,0
40,165,0.0,2,C,4
40,166,0.0,0,A,3
40,167,0.0,3,D,0
40,168,0.0,1,B,0
40,169,0.0,1,B,0
40,170,0.0,3,D,0
40,171,0.0,2,C,3
40,172,0.0,2,C,3
40,173,0.0,3,D,0
40,174,0.0,2,C,1
40,175,1.0,1,B,1
40,176,1.0,4,E,4
40,177,0.0,0,A,4
40,178,1.0,1,B,1
40,179,1.0,2,C,2
40,180,0.0,2,C,0
40,181,1.0,4,E,4
40,182,1.0,2,C,2
40,183,0.0,2,C,1
40,184,0.0,2,C,1
40,185,1.0,2,C,2
40,186,0.0,2,C,1
40,187,0.0,2,C,0
40,188,0.0,2,C,0
40,189,0.0,1,B,4
40,190,0.0,1,B,3
40,191,0.0,1,B,2
40,192,0.0,4,E,1
40,193,0.0,2,C,1
40,194,1.0,2,C,2
40,195,0.0,2,C,4
40,196,0.0,2,C,0
40,197,1.0,2,C,2
40,198,0.0,2,C,1
40,199,0.0,3,D,2
40,200,1.0,1,B,1
40,201,0.0,0,A,2
40,202,0.0,2,C,3
40,203,0.0,1,B,4
40,204,0.0,2,C,4
40,205,0.0,1,B,4
40,206,1.0,1,B,1
40,207,0.0,4,E,1
40,208,0.0,3,D,0
40,209,0.0,1,B,2
40,210,0.0,2,C,4
40,211,1.0,2,C,2
40,212,0.0,1,B,2
40,213,0.0,2,C,4
40,214,0.0,2,C,3
40,215,0.0,2,C,0
40,216,1.0,3,D,3
40,217,1.0,2,C,2
40,218,1.0,0,A,0
40,219,0.0,1,B,2
40,220,0.0,3,D,4
40,221,0.0,3,D,1
40,222,0.0,1,B,3
40,223,1.0,2,C,2
40,224,0.0,0,A,2
40,225,0.0,0,A,1
40,226,0.0,0,A,2
40,227,0.0,0,A,1
40,228,0.0,3,D,4
40,229,0.0,2,C,0
40,230,1.0,1,B,1
40,231,0.0,1,B,2
40,232,0.0,3,D,0
40,233,0.0,2,C,0
40,234,0.0,2,C,1
40,235,1.0,4,E,4
40,236,0.0,0,A,1
40,237,0.0,2,C,0
40,238,0.0,2,C,4
40,239,0.0,2,C,3
40,240,0.0,4,E,3
40,241,0.0,1,B,4
40,242,0.0,1,B,0
40,243,0.0,1,B,3
40,244,0.0,1,B,0
40,245,0.0,2,C,4
40,246,1.0,2,C,2
40,247,0.0,1,B,4
40,248,0.0,0,A,1
40,249,1.0,4,E,4
40,250,0.0,2,C,0
40,251,1.0,4,E,4
40,252,0.0,0,A,4
40,253,0.0,1,B,0
40,254,1.0,1,B,1
40,255,0.0,1,B,3
40,256,1.0,2,C,2
40,257,0.0,2,C,1
40,258,0.0,4,E,0
40,259,0.0,1,B,2
40,260,0.0,4,E,1
40,261,0.0,1,B,4
40,262,0.0,2,C,3
40,263,1.0,3,D,3
40,264,0.0,3,D,4
40,265,1.0,2,C,2
40,266,1.0,3,D,3
40,267,1.0,2,C,2
40,268,0.0,2,C,1
40,269,0.0,2,C,4
40,270,0.0,0,A,2
40,271,0.0,2,C,0
40,272,0.0,2,C,3
40,273,0.0,3,D,2
40,274,0.0,4,E,0
40,275,0.0,1,B,3
40,276,0.0,2,C,3
40,277,0.0,2,C,4
40,278,0.0,2,C,0
40,279,0.0,0,A,4
40,280,0.0,2,C,3
40,281,0.0,0,A,4
40,282,0.0,3,D,4
40,283,0.0,0,A,3
40,284,0.0,1,B,2
40,285,0.0,1,B,3
40,286,0.0,4,E,3
40,287,0.0,1,B,3
40,288,0.0,4,E,2
40,289,0.0,2,C,4
40,290,1.0,3,D,3
40,291,0.0,2,C,0
40,292,0.0,3,D,4
40,293,1.0,3,D,3
40,294,0.0,2,C,1
40,295,0.0,1,B,3
40,296,0.0,1,B,0
40,297,0.0,1,B,0
44,0,0.0,3,D,0
44,1,0.0,3,D,0
44,2,0.0,1,B,2
44,3,1.0,2,C,2
44,4,0.0,3,D,4
44,5,0.0,1,B,0
44,6,0.0,1,B,0
44,7,0.0,2,C,3
44,8,1.0,2,C,2
44,9,0.0,3,D,4
44,10,0.0,2,C,4
44,11,0.0,4,E,2
44,12,0.0,2,C,0
44,13,0.0,0,A,2
44,14,0.0,2,C,3
44,15,1.0,2,C,2
44,16,1.0,2,C,2
44,17,0.0,0,A,2
44,18,0.0,3,D,4
44,19,0.0,3,D,2
44,20,1.0,3,D,3
44,21,0.0,0,A,1
44,22,0.0,2,C,3
44,23,0.0,1,B,2
44,24,1.0,0,A,0
44,25,1.0,3,D,3
44,26,0.0,2,C,0
44,27,0.0,3,D,4
44,28,0.0,3,D,4
44,29,0.0,0,A,1
44,30,1.0,3,D,3
44,31,1.0,4,E,4
44,32,1.0,3,D,3
44,33,0.0,4,E,3
44,34,1.0,3,D,3
44,35,0.0,0,A,1
44,36,0.0,1,B,2
44,37,0.0,2,C,0
44,38,0.0,3,D,4
44,39,0.0,0,A,3
44,40,0.0,2,C,0
44,41,0.0,3,D,1
44,42,1.0,1,B,1
44,43,1.0,4,E,4
44,44,1.0,3,D,3
44,45,0.0,1,B,0
44,46,0.0,1,B,3
44,47,0.0,1,B,2
44,48,0.0,2,C,4
44,49,0.0,2,C,1
44,50,0.0,2,C,3
44,51,0.0,3,D,0
44,52,1.0,3,D,3
44,53,0.0,0,A,4
44,54,0.0,2,C,0
44,55,0.0,2,C,3
44,56,0.0,3,D,1
44,57,0.0,2,C,0
44,58,1.0,1,B,1
44,59,0.0,2,C,0
44,60,0.0,2,C,1
44,61,0.0,2,C,0
44,62,0.0,2,C,1
44,63,0.0,1,B,2
44,64,0.0,3,D,4
44,65,0.0,3,D,0
44,66,0.0,1,B,2
44,67,0.0,2,C,1
44,68,1.0,0,A,0
44,69,0.0,0,A,2
44,70,0.0,0,A,3
44,71,0.0,1,B,2
44,72,0.0,0,A,2
44,73,0.0,3,D,0
44,74,0.0,2,C,3
44,75,0.0,2,C,4
44,76,1.0,2,C,2
44,77,0.0,0,A,1
44,78,0.0,2,C,3
44,79,0.0,2,C,3
44,80,1.0,3,D,3
44,81,0.0,2,C,3
44,82,1.0,3,D,3
44,83,0.0,2,C,4
44,84,1.0,2,C,2
44,85,1.0,2,C,2
44,86,0.0,3,D,2
44,87,0.0,2,C,1
44,88,1.0,2,C,2
44,89,0.0,3,D,0
44,90,0.0,1,B,4
44,91,1.0,2,C,2
44,92,1.0,3,D,3
44,93,0.0,0,A,1
44,94,1.0,1,B,1
44,95,0.0,2,C,3
44,96,0.0,3,D,1
44,97,0.0,2,C,4
44,98,0.0,2,C,0
44,99,1.0,2,C,2
44,100,0.0,0,A,3
44,101,0.0,1,B,2
44,102,0.0,1,B,0
44,103,1.0,1,B,1
44,104,0.0,1,B,4
44,105,0.0,1,B,3
44,106,0.0,2,C,3
44,107,0.0,2,C,1
44,108,1.0,2,C,2
44,109,0.0,3,D,0
44,110,0.0,2,C,4
44,111,0.0,1,B,0
44,112,1.0,1,B,1
44,113,1.0,4,E,4
44,114,0.0,4,E,0
44,115,0.0,1,B,2
44,116,0.0,3,D,1
44,117,0.0,2,C,3
44,118,0.0,3,D,1
44,119,0.0,2,C,1
44,120,1.0,4,E,4
44,121,0.0,0,A,3
44,122,1.0,1,B,1
44,123,0.0,2,C,0
44,124,1.0,2,C,2
44,125,0.0,1,B,4
44,126,0.0,2,C,4
44,127,0.0,2,C,4
44,128,0.0,1,B,2
44,129,1.0,2,C,2
44,130,0.0,1,B,4
44,131,0.0,0,A,3
44,132,1.0,3,D,3
44,133,1.0,2,C,2
44,134,0.0,3,D,2
44,135,0.0,1,B,2
44,136,0.0,0,A,2
44,137,0.0,1,B,2
44,138,0.0,2,C,0
44,139,0.0,2,C,4
44,140,0.0,1,B,3
44,141,0.0,2,C,3
44,142,1.0,1,B,1
44,143,0.0,3,D,0
44,144,0.0,1,B,3
44,145,1.0,3,D,3
44,146,0.0,4,E,1
44,147,0.0,4,E,2
44,148,0.0,2,C,4
44,149,0.0,2,C,4
44,150,0.0,3,D,1
44,151,0.0,3,D,0
44,152,0.0,1,B,0
44,153,0.0,3,D,2
44,154,0.0,1,B,0
44,155,0.0,2,C,3
44,156,0.0,2,C,1
44,157,0.0,3,D,1
44,158,0.0,0,A,4
44,159,1.0,2,C,2
44,160,0.0,3,D,2
44,161,0.0,1,B,4
44,162,1.0,2,C,2
44,163,0.0,2,C,1
44,164,0.0,1,B,0
44,165,0.0,2,C,4
44,166,0.0,0,A,3
44,167,0.0,3,D,0
44,168,0.0,1,B,0
44,169,0.0,1,B,0
44,170,0.0,3,D,0
44,171,0.0,2,C,3
44,172,0.0,2,C,3
44,173,0.0,3,D,0
44,174,0.0,0,A,1
44,175,1.0,1,B,1
44,176,1.0,4,E,4
44,177,0.0,0,A,4
44,178,1.0,1,B,1
44,179,1.0,2,C,2
44,180,0.0,2,C,0
44,181,1.0,4,E,4
44,182,1.0,2,C,2
44,183,0.0,2,C,1
44,184,0.0,2,C,1
44,185,1.0,2,C,2
44,186,0.0,2,C,1
44,187,0.0,2,C,0
44,188,0.0,2,C,0
44,189,0.0,1,B,4
44,190,0.0,1,B,3
44,191,0.0,1,B,2
44,192,0.0,4,E,1
44,193,0.0,2,C,1
44,194,1.0,2,C,2
44,195,0.0,2,C,4
44,196,0.0,2,C,0
44,197,1.0,2,C,2
44,198,0.0,2,C,1
44,199,0.0,3,D,2
44,200,1.0,1,B,1
44,201,0.0,0,A,2
44,202,0.0,2,C,3
44,203,0.0,1,B,4
44,204,0.0,2,C,4
44,205,0.0,1,B,4
44,206,1.0,1,B,1
44,207,0.0,4,E,1
44,208,0.0,3,D,0
44,209,0.0,1,B,2
44,210,0.0,2,C,4
44,211,1.0,2,C,2
44,212,0.0,1,B,2
44,213,0.0,2,C,4
44,214,0.0,2,C,3
44,215,0.0,2,C,0
44,216,1.0,3,D,3
44,217,1.0,2,C,2
44,218,1.0,0,A,0
44,219,0.0,1,B,2
44,220,0.0,3,D,4
44,221,0.0,3,D,1
44,222,1.0,3,D,3
44,223,1.0,2,C,2
44,224,0.0,0,A,2
44,225,0.0,0,A,1
44,226,0.0,0,A,2
44,227,0.0,0,A,1
44,228,0.0,3,D,4
44,229,0.0,2,C,0
44,230,1.0,1,B,1
44,231,0.0,1,B,2
44,232,0.0,3,D,0
44,233,0.0,2,C,0
44,234,0.0,2,C,1
44,235,1.0,4,E,4
44,236,0.0,0,A,1
44,237,0.0,2,C,0
44,238,0.0,2,C,4
44,239,0.0,2,C,3
44,240,0.0,4,E,3
44,241,0.0,1,B,4
44,242,0.0,1,B,0
44,243,0.0,1,B,3
44,244,0.0,1,B,0
44,245,0.0,2,C,4
44,246,1.0,2,C,2
44,247,0.0,1,B,4
44,248,0.0,0,A,1
44,249,1.0,4,E,4
44,250,0.0,2,C,0
44,251,1.0,4,E,4
44,252,0.0,0,A,4
44,253,0.0,1,B,0
44,254,1.0,1,B,1
44,255,0.0,1,B,3
44,256,1.0,2,C,2
44,257,0.0,2,C,1
44,258,0.0,4,E,0
44,259,0.0,1,B,2
44,260,0.0,4,E,1
44,261,0.0,1,B,4
44,262,0.0,2,C,3
44,263,1.0,3,D,3
44,264,0.0,3,D,4
44,265,1.0,2,C,2
44,266,1.0,3,D,3
44,267,1.0,2,C,2
44,268,0.0,2,C,1
44,269,0.0,2,C,4
44,270,0.0,0,A,2
44,271,0.0,2,C,0
44,272,0.0,2,C,3
44,273,0.0,3,D,2
44,274,0.0,4,E,0
44,275,0.0,1,B,3
44,276,0.0,2,C,3
44,277,0.0,2,C,4
44,278,0.0,2,C,0
44,279,0.0,0,A,4
44,280,0.0,2,C,3
44,281,0.0,0,A,4
44,282,0.0,3,D,4
44,283,0.0,0,A,3
44,284,0.0,1,B,2
44,285,0.0,1,B,3
44,286,0.0,4,E,3
44,287,0.0,1,B,3
44,288,0.0,4,E,2
44,289,0.0,2,C,4
44,290,1.0,3,D,3
44,291,0.0,2,C,0
44,292,0.0,3,D,4
44,293,1.0,3,D,3
44,294,0.0,2,C,1
44,295,0.0,1,B,3
44,296,0.0,1,B,0
44,297,0.0,1,B,0
48,0,0.0,3,D,0
48,1,0.0,3,D,0
48,2,0.0,1,B,2
48,3,1.0,2,C,2
48,4,0.0,3,D,4
48,5,0.0,1,B,0
48,6,0.0,1,B,0
48,7,0.0,2,C,3
48,8,1.0,2,C,2
48,9,0.0,3,D,4
48,10,0.0,2,C,4
48,11,0.0,4,E,2
48,12,0.0,2,C,0
48,13,0.0,0,A,2
48,14,0.0,2,C,3
48,15,1.0,2,C,2
48,16,0.0,1,B,2
48,17,0.0,0,A,2
48,18,0.0,3,D,4
48,19,0.0,3,D,2
48,20,1.0,3,D,3
48,21,0.0,0,A,1
48,22,0.0,2,C,3
48,23,0.0,1,B,2
48,24,1.0,0,A,0
48,25,1.0,3,D,3
48,26,0.0,3,D,0
48,27,0.0,3,D,4
48,28,0.0,3,D,4
48,29,0.0,0,A,1
48,30,1.0,3,D,3
48,31,1.0,4,E,4
48,32,1.0,3,D,3
48,33,0.0,4,E,3
48,34,1.0,3,D,3
48,35,0.0,0,A,1
48,36,0.0,1,B,2
48,37,1.0,0,A,0
48,38,0.0,3,D,4
48,39,0.0,0,A,3
48,40,0.0,2,C,0
48,41,0.0,3,D,1
48,42,1.0,1,B,1
48,43,1.0,4,E,4
48,44,1.0,3,D,3
48,45,0.0,1,B,0
48,46,0.0,1,B,3
48,47,0.0,1,B,2
48,48,0.0,2,C,4
48,49,0.0,2,C,1
48,50,0.0,2,C,3
48,51,0.0,3,D,0
48,52,1.0,3,D,3
48,53,0.0,0,A,4
48,54,0.0,2,C,0
48,55,0.0,2,C,3
48,56,0.0,3,D,1
48,57,0.0,2,C,0
48,58,1.0,1,B,1
48,59,0.0,2,C,0
48,60,0.0,2,C,1
48,61,0.0,2,C,0
48,62,0.0,2,C,1
48,63,0.0,1,B,2
48,64,0.0,3,D,4
48,65,0.0,3,D,0
48,66,0.0,1,B,2
48,67,0.0,2,C,1
48,68,1.0,0,A,0
48,69,0.0,0,A,2
48,70,0.0,0,A,3
48,71,0.0,1,B,2
48,72,0.0,3,D,2
48,73,0.0,3,D,0
48,74,0.0,2,C,3
48,75,0.0,2,C,4
48,76,1.0,2,C,2
48,77,0.0,0,A,1
48,78,0.0,2,C,3
48,79,0.0,2,C,3
48,80,1.0,3,D,3
48,81,0.0,2,C,3
48,82,1.0,3,D,3
48,83,0.0,2,C,4
48,84,1.0,2,C,2
48,85,1.0,2,C,2
48,86,0.0,3,D,2
48,87,0.0,2,C,1
48,88,1.0,2,C,2
48,89,0.0,3,D,0
48,90,0.0,1,B,4
48,91,1.0,2,C,2
48,92,1.0,3,D,3
48,93,0.0,0,A,1
48,94,1.0,1,B,1
48,95,0.0,2,C,3
48,96,0.0,3,D,1
48,97,0.0,2,C,4
48,98,0.0,2,C,0
48,99,1.0,2,C,2
48,100,0.0,0,A,3
48,101,0.0,1,B,2
48,102,0.0,1,B,0
48,103,1.0,1,B,1
48,104,0.0,1,B,4
48,105,0.0,1,B,3
48,106,0.0,2,C,3
48,107,0.0,2,C,1
48,108,1.0,2,C,2
48,109,0.0,3,D,0
48,110,0.0,2,C,4
48,111,0.0,1,B,0
48,112,1.0,1,B,1
48,113,1.0,4,E,4
48,114,0.0,4,E,0
48,115,0.0,1,B,2
48,116,0.0,3,D,1
48,117,0.0,2,C,3
48,118,0.0,3,D,1
48,119,0.0,2,C,1
48,120,1.0,4,E,4
48,121,0.0,0,A,3
48,122,1.0,1,B,1
48,123,0.0,1,B,0
48,124,1.0,2,C,2
48,125,0.0,1,B,4
48,126,0.0,2,C,4
48,127,0.0,2,C,4
48,128,0.0,1,B,2
48,129,1.0,2,C,2
48,130,0.0,1,B,4
48,131,0.0,0,A,3
48,132,1.0,3,D,3
48,133,1.0,2,C,2
48,134,0.0,3,D,2
48,135,0.0,1,B,2
48,136,0.0,0,A,2
48,137,0.0,1,B,2
48,138,0.0,2,C,0
48,139,0.0,2,C,4
48,140,0.0,1,B,3
48,141,0.0,2,C,3
48,142,1.0,1,B,1
48,143,0.0,3,D,0
48,144,0.0,1,B,3
48,145,1.0,3,D,3
48,146,0.0,4,E,1
48,147,0.0,4,E,2
48,148,0.0,2,C,4
48,149,0.0,2,C,4
48,150,0.0,3,D,1
48,151,0.0,3,D,0
48,152,0.0,1,B,0
48,153,0.0,3,D,2
48,154,0.0,1,B,0
48,155,0.0,2,C,3
48,156,0.0,2,C,1
48,157,0.0,3,D,1
48,158,0.0,0,A,4
48,159,1.0,2,C,2
48,160,0.0,3,D,2
48,161,0.0,1,B,4
48,162,1.0,2,C,2
48,163,0.0,4,E,1
48,164,0.0,1,B,0
48,165,0.0,2,C,4
48,166,0.0,0,A,3
48,167,0.0,3,D,0
48,168,0.0,1,B,0
48,169,0.0,1,B,0
48,170,0.0,3,D,0
48,171,0.0,2,C,3
48,172,0.0,2,C,3
48,173,0.0,3,D,0
48,174,0.0,0,A,1
48,175,1.0,1,B,1
48,176,1.0,4,E,4
48,177,0.0,0,A,4
48,178,1.0,1,B,1
48,179,1.0,2,C,2
48,180,0.0,2,C,0
48,181,1.0,4,E,4
48,182,1.0,2,C,2
48,183,0.0,2,C,1
48,184,0.0,2,C,1
48,185,1.0,2,C,2
48,186,0.0,2,C,1
48,187,0.0,2,C,0
48,188,0.0,2,C,0
48,189,0.0,2,C,4
48,190,0.0,1,B,3
48,191,0.0,1,B,2
48,192,0.0,4,E,1
48,193,0.0,2,C,1
48,194,1.0,2,C,2
48,195,0.0,2,C,4
48,196,0.0,2,C,0
48,197,1.0,2,C,2
48,198,0.0,2,C,1
48,199,0.0,3,D,2
48,200,1.0,1,B,1
48,201,0.0,0,A,2
48,202,0.0,2,C,3
48,203,0.0,1,B,4
48,204,0.0,2,C,4
48,205,0.0,1,B,4
48,206,0.0,2,C,1
48,207,0.0,4,E,1
48,208,0.0,2,C,0
48,209,0.0,1,B,2
48,210,0.0,2,C,4
48,211,1.0,2,C,2
48,212,0.0,1,B,2
48,213,0.0,2,C,4
48,214,0.0,2,C,3
48,215,0.0,2,C,0
48,216,1.0,3,D,3
48,217,1.0,2,C,2
48,218,1.0,0,A,0
48,219,0.0,1,B,2
48,220,0.0,3,D,4
48,221,0.0,3,D,1
48,222,0.0,1,B,3
48,223,1.0,2,C,2
48,224,0.0,0,A,2
48,225,0.0,0,A,1
48,226,0.0,0,A,2
48,227,0.0,0,A,1
48,228,0.0,3,D,4
48,229,0.0,2,C,0
48,230,1.0,1,B,1
48,231,0.0,1,B,2
48,232,0.0,3,D,0
48,233,0.0,2,C,0
48,234,0.0,2,C,1
48,235,1.0,4,E,4
48,236,0.0,0,A,1
48,237,0.0,2,C,0
48,238,0.0,0,A,4
48,239,0.0,2,C,3
48,240,0.0,4,E,3
48,241,0.0,1,B,4
48,242,0.0,1,B,0
48,243,0.0,1,B,3
48,244,0.0,1,B,0
48,245,0.0,2,C,4
48,246,1.0,2,C,2
48,247,0.0,1,B,4
48,248,0.0,0,A,1
48,249,1.0,4,E,4
48,250,0.0,2,C,0
48,251,1.0,4,E,4
48,252,0.0,0,A,4
48,253,0.0,1,B,0
48,254,1.0,1,B,1
48,255,0.0,1,B,3
48,256,1.0,2,C,2
48,257,0.0,2,C,1
48,258,0.0,4,E,0
48,259,0.0,1,B,2
48,260,0.0,4,E,1
48,261,0.0,1,B,4
48,262,0.0,2,C,3
48,263,1.0,3,D,3
48,264,0.0,3,D,4
48,265,1.0,2,C,2
48,266,1.0,3,D,3
48,267,1.0,2,C,2
48,268,0.0,2,C,1
48,269,0.0,2,C,4
48,270,0.0,0,A,2
48,271,0.0,1,B,0
48,272,0.0,2,C,3
48,273,0.0,3,D,2
48,274,0.0,4,E,0
48,275,0.0,1,B,3
48,276,0.0,2,C,3
48,277,0.0,2,C,4
48,278,0.0,2,C,0
48,279,1.0,4,E,4
48,280,0.0,2,C,3
48,281,0.0,0,A,4
48,282,0.0,3,D,4
48,283,0.0,0,A,3
48,284,0.0,1,B,2
48,285,0.0,1,B,3
48,286,0.0,4,E,3
48,287,0.0,1,B,3
48,288,0.0,4,E,2
48,289,0.0,2,C,4
48,290,1.0,3,D,3
48,291,0.0,2,C,0
48,292,0.0,3,D,4
48,293,1.0,3,D,3
48,294,0.0,2,C,1
48,295,0.0,1,B,3
48,296,0.0,1,B,0
48,297,0.0,1,B,0
